year|bib|age_group|gender|country|rank_gender|rank_age_group|5k|10k|15k|20k|half|25k|30k|35k|40k|finish
 2014|F5989|55-59|W|USA|6798|360|2612.0|5351.0|7805.0|10637.0|11267.0|13719.0|16823.0|NaN|NaN|24716.0
 2014|F1869|50-54|W|KOR|6797|793|2246.0|4551.0|6891.0|9344.0|10054.0|12139.0|15890.0|NaN|NaN|24680.0
 2014|F3199|40-44|W|SWE|6796|1231|2359.0|4951.0|7565.0|10293.0|11019.0|13513.0|NaN|NaN|NaN|23991.0
 2014|F7549|30-34|W|VEN|6795|1031|2092.0|4711.0|7631.0|10395.0|11072.0|13606.0|NaN|NaN|NaN|23986.0
 2014|F7554|70-74|W|JPN|6794|13|2216.0|4901.0|7814.0|10601.0|11260.0|13578.0|16510.0|19278.0|NaN|23976.0
 2014|F4616|50-54|W|GER|6793|792|2315.0|4892.0|7605.0|10624.0|11320.0|13706.0|NaN|NaN|NaN|23920.0
 2014|F1938|50-54|W|FRA|6792|791|2328.0|4738.0|7317.0|9931.0|10629.0|12962.0|16540.0|19260.0|NaN|23853.0
 2014|F6547|35-39|W|GBR|6791|1006|2224.0|4657.0|7474.0|10507.0|11244.0|NaN|NaN|NaN|NaN|23827.0
 2014|F6003|40-44|W|JPN|6790|1230|2086.0|4698.0|7245.0|9995.0|10634.0|13049.0|16253.0|19277.0|NaN|23807.0
 2014|F7243|35-39|W|UKR|6789|1005|2012.0|4271.0|6727.0|9242.0|9883.0|12667.0|16155.0|NaN|NaN|23765.0
 2014|F4174|40-44|W|AUS|6788|1229|2289.0|4794.0|7502.0|10305.0|10992.0|13332.0|16323.0|NaN|NaN|23711.0
 2014|F8059|35-39|W|GER|6787|1004|2054.0|4279.0|6665.0|9295.0|9963.0|12508.0|15769.0|19313.0|22491.0|23648.0
 2014|F7819|40-44|W|GER|6786|1228|2419.0|4990.0|7537.0|10269.0|10898.0|13008.0|15958.0|19037.0|22074.0|23597.0
 2014|F4629|40-44|W|GBR|6785|1227|2297.0|4681.0|7293.0|9935.0|10506.0|12722.0|15483.0|18812.0|22170.0|23487.0
 2014|F5125|45-49|W|FRA|6784|1222|2470.0|5098.0|7868.0|10704.0|11333.0|13536.0|16575.0|NaN|NaN|23485.0
 2014|F3109|60-64|W|GBR|6783|144|2514.0|5204.0|7876.0|10550.0|11140.0|13278.0|16342.0|19198.0|22201.0|23452.0
 2014|F8982|40-44|W|MEX|6782|1226|2027.0|4178.0|6549.0|8964.0|9591.0|11736.0|14870.0|18169.0|21995.0|23451.0
 2014|F2510|30-34|W|GBR|6781|1030|2224.0|4635.0|7030.0|9628.0|10253.0|12520.0|15678.0|19109.0|22275.0|23443.0
 2014|F1733|40-44|W|GBR|6780|1225|2067.0|4375.0|6938.0|9876.0|10613.0|13115.0|16253.0|19238.0|22189.0|23434.0
 2014|F9068|30-34|W|GER|6779|1029|2333.0|4803.0|7348.0|10113.0|10717.0|12966.0|16155.0|19105.0|22183.0|23430.0
 2014|F8454|H|W|GER|6778|930|1950.0|4350.0|6744.0|9499.0|10349.0|12534.0|15665.0|18885.0|22072.0|23423.0
 2014|F4631|40-44|W|CAN|6777|1224|2290.0|4762.0|7174.0|9758.0|10367.0|12545.0|15695.0|19021.0|22088.0|23414.0
 2014|F9194|65-69|W|USA|6776|42|2215.0|4627.0|7181.0|9952.0|10558.0|12807.0|16108.0|19234.0|22099.0|23352.0
 2014|F7194|50-54|W|GER|6775|790|2173.0|4520.0|6977.0|9701.0|10366.0|12594.0|15613.0|18677.0|21928.0|23327.0
 2014|F3588|40-44|W|JPN|6774|1223|2094.0|4264.0|6634.0|9479.0|10235.0|12856.0|15839.0|18813.0|21995.0|23326.0
 2014|F5301|45-49|W|ITA|6773|1221|2232.0|4703.0|7483.0|10039.0|10719.0|12943.0|16069.0|18923.0|22124.0|23239.0
 2014|F5072|35-39|W|GBR|6772|1003|2428.0|4933.0|7605.0|10381.0|10985.0|13239.0|16080.0|19120.0|21931.0|23239.0
 2014|F5392|40-44|W|GBR|6771|1222|2436.0|4875.0|7373.0|9791.0|10348.0|12496.0|15743.0|18823.0|21941.0|23230.0
 2014|F3854|45-49|W|USA|6770|1220|2460.0|4986.0|7539.0|10129.0|10708.0|12848.0|15705.0|18754.0|21909.0|23217.0
 2014|F8154|60-64|W|FRA|6769|143|2196.0|4725.0|7384.0|10162.0|10843.0|13415.0|16226.0|19012.0|21914.0|23208.0
 2014|F1847|45-49|W|DEN|6768|1219|2409.0|5051.0|7679.0|10351.0|10956.0|13233.0|16044.0|18924.0|21948.0|23109.0
 2014|F4154|60-64|W|GER|6767|142|2641.0|5328.0|8050.0|10796.0|11398.0|13627.0|16481.0|19253.0|22015.0|23096.0
 2014|F7390|H|W|SLO|6766|929|2467.0|5107.0|7827.0|10533.0|11150.0|13303.0|16202.0|18986.0|21808.0|23075.0
 2014|F6650|30-34|W|CAN|6765|1028|2573.0|5265.0|7736.0|10341.0|10916.0|13127.0|16097.0|19013.0|21920.0|23063.0
 2014|F8900|30-34|W|CAN|6764|1027|2573.0|5265.0|7736.0|10341.0|10912.0|13123.0|16097.0|19013.0|21920.0|23062.0
 2014|F4199|30-34|W|GBR|6763|1026|2186.0|4388.0|6619.0|8916.0|9433.0|11583.0|14813.0|18281.0|21622.0|23031.0
 2014|F7525|50-54|W|KOR|6762|789|2158.0|4391.0|6767.0|9366.0|9952.0|12338.0|15212.0|18353.0|21710.0|23026.0
 2014|F8020|40-44|W|USA|6761|1221|2217.0|4877.0|7788.0|10610.0|11269.0|13499.0|16259.0|19000.0|21823.0|23005.0
 2014|F6179|40-44|W|GBR|6760|1220|2439.0|4872.0|7369.0|9987.0|10561.0|12708.0|15645.0|18645.0|21701.0|22975.0
 2014|F1512|H|W|GBR|6759|928|2532.0|4988.0|7528.0|10223.0|10805.0|12923.0|15806.0|18777.0|21737.0|22943.0
 2014|F7994|55-59|W|GER|6758|359|2348.0|4901.0|7522.0|10029.0|10681.0|12794.0|15652.0|18565.0|21742.0|22940.0
 2014|F7343|60-64|W|GER|6757|141|2051.0|4094.0|6192.0|8341.0|8842.0|10914.0|14912.0|18837.0|21684.0|22925.0
 2014|F5314|30-34|W|TPE|6756|1025|2093.0|5018.0|7692.0|10392.0|10975.0|13272.0|16061.0|18824.0|21811.0|22922.0
 2014|F5032|55-59|W|KOR|6755|358|2463.0|4849.0|7199.0|9600.0|10170.0|12222.0|15082.0|18240.0|21599.0|22915.0
 2014|F1835|55-59|W|KOR|6754|357|2462.0|4852.0|7206.0|9629.0|10174.0|12221.0|15166.0|18242.0|21598.0|22914.0
 2014|F7317|45-49|W|MEX|6753|1218|2435.0|4855.0|7301.0|9826.0|10389.0|12602.0|15459.0|18442.0|21595.0|22904.0
 2014|F1135|65-69|W|GER|6752|41|2501.0|4996.0|7562.0|10166.0|10867.0|12961.0|15939.0|18824.0|21679.0|22902.0
 2014|F7827|35-39|W|USA|6751|1002|2242.0|4630.0|7333.0|10005.0|10624.0|12890.0|15778.0|18725.0|21696.0|22900.0
 2014|F6693|H|W|GER|6750|927|2125.0|4318.0|6720.0|9295.0|9888.0|12170.0|15812.0|18608.0|21745.0|22896.0
 2014|F5091|H|W|GBR|6749|926|2085.0|4410.0|6809.0|9371.0|9919.0|12180.0|15841.0|18776.0|21753.0|22865.0
 2014|F7653|45-49|W|TUR|6748|1217|2136.0|4446.0|6860.0|9633.0|10409.0|12659.0|15797.0|18707.0|21684.0|22863.0
 2014|F3599|45-49|W|GER|6747|1216|2149.0|4691.0|7067.0|9611.0|10249.0|12543.0|15686.0|18663.0|21638.0|22860.0
 2014|F4179|60-64|W|KOR|6746|140|2418.0|4767.0|7132.0|9543.0|10090.0|12139.0|15083.0|18158.0|21516.0|22832.0
 2014|F4596|45-49|W|KOR|6745|1215|2119.0|4196.0|6574.0|9172.0|9759.0|12144.0|15099.0|18159.0|21515.0|22832.0
 2014|F3143|50-54|W|GER|6744|788|2437.0|4958.0|7505.0|10125.0|10677.0|12701.0|15659.0|18514.0|21564.0|22817.0
 2014|F9414|H|W|GER|6743|925|2335.0|4862.0|7440.0|10098.0|10816.0|12930.0|15894.0|18668.0|21593.0|22806.0
 2014|F6446|45-49|W|MEX|6742|1214|2430.0|5049.0|7619.0|10209.0|10852.0|12870.0|15829.0|18935.0|21661.0|22794.0
 2014|F6582|45-49|W|GER|6741|1213|2457.0|5014.0|7643.0|10322.0|11180.0|13223.0|16143.0|18875.0|21650.0|22786.0
 2014|F2703|50-54|W|GER|6740|787|2286.0|4729.0|7355.0|10066.0|10673.0|13005.0|15819.0|18646.0|21523.0|22774.0
 2014|F6719|65-69|W|DEN|6739|40|2390.0|4869.0|7287.0|9731.0|10332.0|12426.0|15278.0|18484.0|21479.0|22732.0
 2014|F9135|40-44|W|USA|6738|1219|2094.0|4407.0|6739.0|9160.0|9694.0|11989.0|15074.0|18258.0|21374.0|22722.0
 2014|F2997|60-64|W|GER|6737|139|2195.0|4496.0|6905.0|9434.0|10011.0|12493.0|15468.0|18522.0|21511.0|22692.0
 2014|F3769|45-49|W|GER|6736|1212|2319.0|4793.0|7258.0|9789.0|10439.0|12594.0|15505.0|18457.0|21416.0|22688.0
 2014|F3998|35-39|W|GBR|6735|1001|2157.0|4711.0|7382.0|10026.0|10600.0|12764.0|15823.0|18535.0|21460.0|22659.0
 2014|F3712|55-59|W|GER|6734|356|2455.0|4958.0|7580.0|10367.0|10924.0|13272.0|15989.0|18778.0|21484.0|22638.0
 2014|F7575|55-59|W|CAN|6733|355|1988.0|4129.0|6768.0|9459.0|9967.0|12511.0|15799.0|18538.0|21350.0|22619.0
 2014|F4214|45-49|W|GER|6732|1211|2272.0|4886.0|7565.0|10175.0|10740.0|12886.0|15722.0|18518.0|21413.0|22610.0
 2014|F1470|60-64|W|CAN|6731|138|2238.0|4611.0|7118.0|9748.0|10350.0|12454.0|15457.0|18461.0|21374.0|22603.0
 2014|F6877|35-39|W|USA|6730|1000|2274.0|4772.0|7393.0|10144.0|10746.0|12882.0|15685.0|18508.0|21326.0|22547.0
 2014|F602|40-44|W|GBR|6729|1218|2189.0|4398.0|6616.0|8969.0|9484.0|11978.0|15265.0|18291.0|21296.0|22539.0
 2014|F3124|35-39|W|GER|6728|999|2549.0|5035.0|7591.0|10231.0|10815.0|12926.0|15709.0|18501.0|21338.0|22536.0
 2014|F240|50-54|W|GER|6727|786|2388.0|4994.0|7739.0|10653.0|11336.0|13896.0|NaN|NaN|20426.0|22523.0
 2014|F5572|50-54|W|NED|6726|785|2241.0|4457.0|6739.0|9098.0|9629.0|11679.0|14446.0|17579.0|20994.0|22511.0
 2014|F3971|40-44|W|USA|6725|1217|2344.0|4829.0|7330.0|9931.0|10489.0|12662.0|15413.0|18363.0|21326.0|22508.0
 2014|F6638|40-44|W|PHI|6724|1216|2169.0|4496.0|6912.0|9564.0|10082.0|12134.0|15080.0|18301.0|21310.0|22500.0
 2014|F8917|30-34|W|GBR|6723|1024|2377.0|4933.0|7300.0|9770.0|10399.0|12529.0|15722.0|18530.0|21408.0|22466.0
 2014|F1870|H|W|GBR|6722|924|2239.0|4786.0|7480.0|10150.0|10697.0|12997.0|15732.0|18518.0|21335.0|22454.0
 2014|F8363|35-39|W|GBR|6721|998|2206.0|4534.0|6928.0|9546.0|10177.0|12513.0|15266.0|18385.0|21293.0|22451.0
 2014|F3122|35-39|W|GUA|6720|997|2233.0|4531.0|6878.0|9284.0|9953.0|12033.0|15018.0|18131.0|21146.0|22426.0
 2014|F5632|50-54|W|FIN|6719|784|2285.0|4774.0|7269.0|9885.0|10461.0|12701.0|15666.0|18413.0|21310.0|22397.0
 2014|F1784|H|W|GBR|6718|923|2185.0|4542.0|7050.0|9546.0|10142.0|12327.0|15224.0|18270.0|21166.0|22370.0
 2014|F8891|50-54|W|USA|6717|783|2417.0|5021.0|7573.0|10085.0|10632.0|12735.0|15540.0|18413.0|21257.0|22368.0
 2014|F3339|45-49|W|GBR|6716|1210|2245.0|4719.0|7550.0|10181.0|10770.0|12897.0|15670.0|18424.0|21235.0|22355.0
 2014|F7691|50-54|W|GER|6715|782|2040.0|4240.0|6509.0|9066.0|9703.0|11925.0|15077.0|17878.0|20989.0|22350.0
 2014|F6259|45-49|W|RSA|6714|1209|2232.0|4672.0|7207.0|9799.0|10384.0|12550.0|15428.0|18358.0|21259.0|22337.0
 2014|F6550|60-64|W|USA|6713|137|2273.0|4588.0|6908.0|9272.0|9804.0|11903.0|14704.0|17537.0|20847.0|22314.0
 2014|F5504|45-49|W|GER|6712|1208|2157.0|4424.0|6742.0|9231.0|9840.0|11894.0|14896.0|18016.0|21027.0|22310.0
 2014|F9245|65-69|W|GER|6711|39|2149.0|4492.0|6887.0|9439.0|10023.0|12217.0|15110.0|18049.0|21026.0|22309.0
 2014|F506|65-69|W|DEN|6710|38|2127.0|4467.0|7107.0|9667.0|10260.0|12456.0|15719.0|18515.0|21268.0|22299.0
 2014|F613|40-44|W|FIN|6709|1215|2573.0|5070.0|7556.0|9978.0|10661.0|12669.0|15391.0|18168.0|21121.0|22291.0
 2014|F8153|35-39|W|GBR|6708|996|2230.0|4685.0|7226.0|9920.0|10577.0|12722.0|15492.0|18295.0|21073.0|22285.0
 2014|F4533|45-49|W|USA|6707|1207|2352.0|4856.0|7395.0|9956.0|10582.0|12702.0|15394.0|18175.0|21061.0|22252.0
 2014|F2758|H|W|GER|6706|922|2426.0|4864.0|7335.0|9901.0|10480.0|12683.0|15413.0|18223.0|21039.0|22251.0
 2014|F1154|55-59|W|GER|6705|354|2230.0|4650.0|7117.0|9616.0|10202.0|12302.0|15161.0|18035.0|21061.0|22251.0
 2014|F8639|50-54|W|GER|6704|781|2542.0|5090.0|7694.0|10321.0|10894.0|12971.0|15678.0|18400.0|21095.0|22244.0
 2014|F1837|45-49|W|KOR|6703|1206|2462.0|4851.0|7206.0|9627.0|10175.0|12222.0|15166.0|18228.0|20961.0|22223.0
 2014|F3919|H|W|GBR|6702|921|2236.0|4501.0|7057.0|9798.0|10420.0|12531.0|15716.0|18400.0|21159.0|22185.0
 2014|F5522|45-49|W|DEN|6701|1205|2345.0|4882.0|7325.0|9694.0|10244.0|12383.0|15302.0|18136.0|21021.0|22168.0
 2014|F841|55-59|W|SUI|6700|353|2002.0|4140.0|6475.0|9212.0|9830.0|12061.0|14951.0|17877.0|20873.0|22158.0
 2014|F5381|50-54|W|GER|6699|780|2254.0|4485.0|6818.0|9274.0|9877.0|12169.0|15406.0|18088.0|21013.0|22145.0
 2014|F8681|35-39|W|GBR|6698|995|2179.0|4901.0|7232.0|9595.0|10217.0|12319.0|15243.0|17973.0|21091.0|22123.0
 2014|F4966|35-39|W|POL|6697|994|2203.0|4385.0|6650.0|9142.0|9787.0|12065.0|15051.0|18008.0|20985.0|22117.0
 2014|F1910|35-39|W|GBR|6696|993|2035.0|4569.0|6990.0|9567.0|10190.0|12413.0|15320.0|18249.0|21033.0|22106.0
 2014|F5294|H|W|ENG|6695|920|2114.0|4437.0|7123.0|9660.0|10225.0|12483.0|15319.0|18088.0|20915.0|22079.0
 2014|F8348|H|W|GER|6694|919|2400.0|4882.0|7440.0|9977.0|10542.0|12601.0|15501.0|18249.0|20921.0|22075.0
 2014|F6929|45-49|W|GER|6693|1204|2108.0|4465.0|6747.0|9247.0|9867.0|11890.0|15394.0|18107.0|20875.0|22068.0
 2014|F3727|55-59|W|FRA|6692|352|2098.0|4601.0|7049.0|9474.0|10037.0|12173.0|15163.0|18026.0|20907.0|22061.0
 2014|F9564|45-49|W|GER|6691|1203|1894.0|4094.0|6322.0|9090.0|9739.0|11983.0|14894.0|17857.0|20800.0|22054.0
 2014|F9294|H|W|GER|6690|918|2581.0|5117.0|7568.0|9970.0|10532.0|12535.0|15100.0|18049.0|21045.0|22053.0
 2014|F5212|H|W|USA|6689|917|1982.0|4606.0|7429.0|9955.0|10594.0|12778.0|15373.0|18228.0|20981.0|22042.0
 2014|F7568|45-49|W|GER|6688|1202|2155.0|4446.0|6732.0|9141.0|9827.0|11784.0|14661.0|17659.0|20691.0|22025.0
 2014|F2467|55-59|W|USA|6687|351|2286.0|4784.0|7279.0|9817.0|10384.0|12549.0|15307.0|18044.0|20877.0|22023.0
 2014|F6530|55-59|W|SWE|6686|350|2332.0|4831.0|7406.0|10009.0|10611.0|12700.0|15456.0|18134.0|20946.0|22021.0
 2014|F9426|40-44|W|USA|6685|1214|2048.0|4319.0|6776.0|9415.0|10002.0|12250.0|15161.0|18062.0|20911.0|22019.0
 2014|F832|35-39|W|GBR|6684|992|2058.0|4122.0|6227.0|8450.0|8980.0|11085.0|14155.0|17316.0|20620.0|22009.0
 2014|F1205|45-49|W|GBR|6683|1201|2361.0|4819.0|7260.0|9652.0|10208.0|12262.0|14880.0|17655.0|20673.0|22009.0
 2014|F5086|30-34|W|ENG|6682|1023|2004.0|4039.0|6434.0|9164.0|9895.0|12184.0|15170.0|17976.0|20860.0|21959.0
 2014|F2861|H|W|USA|6681|916|2348.0|4724.0|7059.0|9421.0|10043.0|12147.0|15070.0|17799.0|20917.0|21950.0
 2014|F1034|40-44|W|GER|6680|1213|2200.0|4629.0|7215.0|9923.0|10529.0|12674.0|15402.0|18113.0|20878.0|21947.0
 2014|F9143|40-44|W|GBR|6679|1212|2131.0|4556.0|6996.0|9581.0|10110.0|12255.0|14998.0|17839.0|20728.0|21946.0
 2014|F9286|30-34|W|GBR|6678|1022|2153.0|4409.0|6784.0|9393.0|9997.0|12220.0|15175.0|17888.0|20800.0|21926.0
 2014|F255|55-59|W|GER|6677|349|2269.0|4672.0|7134.0|9621.0|10206.0|12327.0|15059.0|17812.0|20720.0|21915.0
 2014|F4753|35-39|W|GER|6676|991|2193.0|4527.0|6909.0|9388.0|10033.0|12298.0|15418.0|17980.0|20766.0|21901.0
 2014|F3139|35-39|W|NOR|6675|990|2115.0|4309.0|6614.0|8949.0|9575.0|11659.0|14674.0|17667.0|20689.0|21899.0
 2014|F3177|50-54|W|GER|6674|779|2184.0|4524.0|6869.0|9439.0|9985.0|12050.0|14735.0|17489.0|20736.0|21884.0
 2014|F4741|50-54|W|GER|6673|778|2097.0|4396.0|6729.0|9292.0|9883.0|12035.0|14945.0|17784.0|20720.0|21880.0
 2014|F943|50-54|W|GER|6672|777|2261.0|4668.0|7111.0|9627.0|10148.0|12311.0|15076.0|17855.0|20656.0|21839.0
 2014|F4664|45-49|W|GER|6671|1200|1984.0|4284.0|6519.0|8867.0|9424.0|11413.0|14836.0|17704.0|20784.0|21831.0
 2014|F5261|30-34|W|GER|6670|1021|1904.0|3951.0|6084.0|8375.0|9080.0|11197.0|14274.0|17504.0|20557.0|21826.0
 2014|F2778|40-44|W|FRA|6669|1211|2033.0|4187.0|6630.0|8867.0|9412.0|11460.0|14157.0|17315.0|20544.0|21824.0
 2014|F413|55-59|W|DEN|6668|348|2164.0|4431.0|6867.0|9328.0|9886.0|12029.0|14843.0|17738.0|20572.0|21814.0
 2014|F910|30-34|W|GBR|6667|1020|2019.0|4449.0|6666.0|9263.0|10007.0|12010.0|15137.0|18033.0|20708.0|21800.0
 2014|F4316|H|W|USA|6666|915|2019.0|4448.0|6666.0|9263.0|10007.0|12010.0|15138.0|18033.0|20708.0|21800.0
 2014|F4315|40-44|W|GER|6665|1210|2240.0|4579.0|7019.0|9568.0|10169.0|12216.0|14957.0|17688.0|20540.0|21792.0
 2014|F7905|55-59|W|ITA|6664|347|2360.0|4761.0|7094.0|9420.0|9933.0|11835.0|14396.0|17513.0|20603.0|21784.0
 2014|F6069|45-49|W|GBR|6663|1199|2179.0|4901.0|7232.0|9738.0|10333.0|12308.0|14957.0|17781.0|20564.0|21780.0
 2014|F396|55-59|W|GER|6662|346|2201.0|4495.0|6877.0|9334.0|9991.0|12209.0|15006.0|17894.0|20636.0|21778.0
 2014|F5577|45-49|W|IRL|6661|1198|2631.0|5153.0|7712.0|10289.0|10929.0|12933.0|15549.0|18121.0|20691.0|21765.0
 2014|F5092|55-59|W|GER|6660|345|2352.0|4840.0|7346.0|9925.0|10488.0|12544.0|15184.0|17939.0|20677.0|21765.0
 2014|F5395|35-39|W|CHN|6659|989|2133.0|4469.0|7000.0|9524.0|10034.0|12160.0|14797.0|17777.0|20586.0|21758.0
 2014|F6996|40-44|W|DEN|6658|1209|2102.0|4651.0|6966.0|9447.0|10002.0|12110.0|14929.0|17741.0|20554.0|21755.0
 2014|F3233|45-49|W|GER|6657|1197|2035.0|4186.0|6433.0|9115.0|9706.0|11874.0|14843.0|17819.0|20638.0|21746.0
 2014|F3058|H|W|GER|6656|914|2301.0|4784.0|7314.0|9754.0|10300.0|12369.0|15047.0|17880.0|20651.0|21745.0
 2014|F6271|50-54|W|GER|6655|776|2131.0|4378.0|6697.0|9099.0|9630.0|11681.0|14544.0|17605.0|20531.0|21744.0
 2014|F6787|45-49|W|DEN|6654|1196|2359.0|4762.0|7125.0|9519.0|10055.0|12151.0|14965.0|17729.0|20542.0|21743.0
 2014|F1516|40-44|W|USA|6653|1208|2399.0|4890.0|7419.0|10006.0|10596.0|12703.0|15303.0|17981.0|20645.0|21740.0
 2014|F7736|55-59|W|GER|6652|344|2238.0|4571.0|6979.0|9492.0|10082.0|12174.0|14932.0|17663.0|20591.0|21734.0
 2014|F2680|30-34|W|GER|6651|1019|2062.0|4304.0|6616.0|9204.0|9705.0|11924.0|14840.0|17801.0|20647.0|21723.0
 2014|F2825|50-54|W|DEN|6650|775|1974.0|4341.0|6566.0|8798.0|9299.0|11276.0|13857.0|16907.0|20105.0|21715.0
 2014|F9141|50-54|W|DEN|6649|774|1947.0|3972.0|6064.0|8244.0|8774.0|10765.0|13978.0|16984.0|20472.0|21714.0
 2014|F4013|30-34|W|TPE|6648|1018|2199.0|4411.0|6941.0|9321.0|9861.0|11971.0|14836.0|17539.0|20483.0|21710.0
 2014|F8483|45-49|W|NOR|6647|1195|2256.0|4691.0|7182.0|9734.0|10284.0|12343.0|15096.0|17794.0|20494.0|21692.0
 2014|F1395|35-39|W|INA|6646|988|2305.0|4676.0|7068.0|9533.0|10132.0|12227.0|15056.0|17737.0|20588.0|21670.0
 2014|F5269|45-49|W|GER|6645|1194|2169.0|4447.0|6773.0|9138.0|9650.0|11576.0|14204.0|17415.0|20546.0|21662.0
 2014|F4142|60-64|W|GER|6644|136|2197.0|4561.0|7073.0|9596.0|10164.0|12255.0|14989.0|17724.0|20509.0|21658.0
 2014|F716|35-39|W|USA|6643|987|2117.0|4344.0|6658.0|9299.0|9787.0|11888.0|14784.0|17447.0|20399.0|21652.0
 2014|F2980|30-34|W|FRA|6642|1017|1934.0|4103.0|6321.0|8683.0|9257.0|11279.0|14542.0|17357.0|20358.0|21642.0
 2014|F633|35-39|W|SWE|6641|986|2187.0|4530.0|6991.0|9533.0|10132.0|12152.0|14990.0|17784.0|20541.0|21639.0
 2014|F2761|45-49|W|GER|6640|1193|2254.0|4485.0|6819.0|9269.0|9837.0|12046.0|14746.0|17547.0|20353.0|21632.0
 2014|F258|55-59|W|GER|6639|343|2043.0|4188.0|6421.0|8749.0|9279.0|11454.0|14799.0|17772.0|20470.0|21626.0
 2014|F9670|40-44|W|GER|6638|1207|2126.0|4345.0|6627.0|8972.0|9505.0|11535.0|14428.0|17510.0|20539.0|21614.0
 2014|F4251|45-49|W|DEN|6637|1192|2038.0|4264.0|6791.0|9195.0|9700.0|11711.0|14566.0|17421.0|20391.0|21604.0
 2014|F6107|45-49|W|GER|6636|1191|2252.0|4593.0|6884.0|9211.0|9767.0|11828.0|14622.0|17516.0|20431.0|21603.0
 2014|F3719|50-54|W|GER|6635|773|2292.0|4688.0|7119.0|9526.0|10051.0|12102.0|14832.0|17551.0|20396.0|21598.0
 2014|F7491|65-69|W|GER|6634|37|2181.0|4421.0|6744.0|9145.0|9727.0|11956.0|14812.0|17554.0|20442.0|21593.0
 2014|F3715|45-49|W|CAN|6633|1190|2274.0|4653.0|7102.0|9740.0|10347.0|12451.0|15230.0|17966.0|20639.0|21593.0
 2014|F6339|50-54|W|FIN|6632|772|2216.0|4579.0|6913.0|9390.0|9931.0|12161.0|15039.0|17832.0|20507.0|21590.0
 2014|F5946|30-34|W|GBR|6631|1016|1979.0|4061.0|6460.0|8648.0|9321.0|11541.0|14593.0|17504.0|20435.0|21586.0
 2014|F4744|35-39|W|GER|6630|985|1979.0|4061.0|6459.0|8648.0|9321.0|11546.0|14594.0|17504.0|20435.0|21586.0
 2014|F7022|45-49|W|GER|6629|1189|2098.0|4236.0|6431.0|8691.0|9210.0|11542.0|14589.0|17500.0|20430.0|21582.0
 2014|F8954|30-34|W|NED|6628|1015|1994.0|4016.0|6010.0|8012.0|8448.0|10250.0|14067.0|17125.0|20283.0|21579.0
 2014|F4636|30-34|W|RUS|6627|1014|2346.0|4761.0|7214.0|9649.0|10192.0|12323.0|NaN|NaN|NaN|21570.0
 2014|F4948|H|W|GER|6626|913|2168.0|4426.0|6703.0|9088.0|9875.0|12004.0|15209.0|17880.0|20471.0|21563.0
 2014|F2199|60-64|W|GBR|6625|135|2195.0|4725.0|7384.0|9836.0|10367.0|12353.0|14939.0|17587.0|20312.0|21553.0
 2014|F7741|70-74|W|GER|6624|12|2081.0|4355.0|6708.0|9206.0|9758.0|11812.0|14557.0|17317.0|20251.0|21551.0
 2014|F1461|30-34|W|GBR|6623|1013|2215.0|4587.0|6813.0|9228.0|9799.0|11870.0|14632.0|17556.0|20306.0|21547.0
 2014|F2186|40-44|W|ESP|6622|1206|2046.0|4400.0|6869.0|9537.0|10116.0|12273.0|14916.0|17670.0|20379.0|21547.0
 2014|F4941|45-49|W|AUT|6621|1188|2074.0|4371.0|6823.0|9352.0|9920.0|12101.0|14975.0|17654.0|20456.0|21538.0
 2014|F8520|45-49|W|GER|6620|1187|2128.0|4446.0|6872.0|9324.0|9882.0|11915.0|14681.0|17491.0|20343.0|21520.0
 2014|F7193|H|W|GER|6619|912|2209.0|4626.0|7012.0|9523.0|10146.0|12189.0|14754.0|17622.0|20398.0|21515.0
 2014|F6127|30-34|W|USA|6618|1012|2153.0|4485.0|7093.0|9565.0|10094.0|12647.0|15243.0|17876.0|20448.0|21509.0
 2014|F3976|45-49|W|GER|6617|1186|2203.0|4755.0|7151.0|9477.0|10109.0|11979.0|14759.0|17610.0|20384.0|21507.0
 2014|F7353|H|W|MEX|6616|911|2077.0|4513.0|6778.0|9320.0|9992.0|12062.0|14950.0|17607.0|20612.0|21501.0
 2014|F8141|40-44|W|GBR|6615|1205|2409.0|4920.0|7463.0|9946.0|10592.0|12570.0|15108.0|17661.0|20333.0|21498.0
 2014|F757|45-49|W|USA|6614|1185|2399.0|5020.0|7390.0|9782.0|10311.0|12226.0|14952.0|17624.0|20371.0|21491.0
 2014|F2025|40-44|W|IRL|6613|1204|2024.0|4080.0|6111.0|8287.0|8761.0|10611.0|13589.0|16574.0|20049.0|21491.0
 2014|F4015|50-54|W|TPE|6612|771|2123.0|4445.0|6748.0|9301.0|9891.0|11995.0|14772.0|17440.0|20230.0|21481.0
 2014|F7262|H|W|GER|6611|910|2134.0|4353.0|6936.0|9718.0|10327.0|12440.0|15305.0|17890.0|20489.0|21476.0
 2014|F5940|40-44|W|GER|6610|1203|2242.0|4499.0|6842.0|9247.0|9800.0|11847.0|14504.0|17204.0|20295.0|21474.0
 2014|F5832|40-44|W|GBR|6609|1202|1997.0|4241.0|6578.0|9049.0|9626.0|11686.0|14492.0|17349.0|20213.0|21466.0
 2014|F3447|50-54|W|GER|6608|770|1969.0|4100.0|6654.0|9094.0|9653.0|11906.0|15124.0|17785.0|20412.0|21462.0
 2014|F2534|40-44|W|MEX|6607|1201|1992.0|4094.0|6333.0|8648.0|9131.0|11237.0|14297.0|17479.0|20340.0|21459.0
 2014|F8696|H|W|RUS|6606|909|2048.0|4262.0|6548.0|9404.0|9922.0|11861.0|14420.0|17583.0|20414.0|21455.0
 2014|F3841|45-49|W|SUI|6605|1184|2091.0|4431.0|6696.0|9036.0|9597.0|11675.0|14431.0|17369.0|20300.0|21451.0
 2014|F8449|45-49|W|GER|6604|1183|2357.0|4827.0|7320.0|9831.0|10378.0|12397.0|14942.0|17545.0|20235.0|21448.0
 2014|F7813|55-59|W|GER|6603|342|2059.0|4254.0|6531.0|8903.0|9438.0|11402.0|14354.0|17238.0|20251.0|21443.0
 2014|F1907|H|W|GER|6602|908|2442.0|4882.0|7353.0|9869.0|10445.0|12431.0|15089.0|17766.0|20361.0|21436.0
 2014|F6804|H|W|GER|6601|907|2117.0|4442.0|6846.0|9370.0|9945.0|12008.0|14704.0|17538.0|20180.0|21419.0
 2014|F6587|40-44|W|GER|6600|1200|2253.0|4587.0|6919.0|9365.0|9893.0|NaN|14623.0|NaN|20303.0|21419.0
 2014|F9040|35-39|W|NED|6599|984|2267.0|5288.0|7890.0|10771.0|11386.0|13773.0|16882.0|NaN|NaN|21415.0
 2014|F8837|40-44|W|GBR|6598|1199|2287.0|4617.0|6999.0|9468.0|10027.0|12085.0|14795.0|17461.0|20206.0|21412.0
 2014|F1655|35-39|W|GBR|6597|983|2310.0|4758.0|7230.0|9753.0|10418.0|12477.0|15283.0|17823.0|20280.0|21407.0
 2014|F7393|60-64|W|BAH|6596|134|2274.0|4460.0|6713.0|9133.0|9707.0|11806.0|14557.0|17336.0|20170.0|21399.0
 2014|F4743|35-39|W|GER|6595|982|2239.0|4501.0|6832.0|9284.0|9815.0|11822.0|14472.0|17382.0|20308.0|21395.0
 2014|F6435|30-34|W|GER|6594|1011|1966.0|4082.0|6291.0|8588.0|9060.0|11446.0|14574.0|17323.0|20302.0|21394.0
 2014|F5605|30-34|W|PHI|6593|1010|2004.0|4218.0|6588.0|9138.0|9712.0|11907.0|14505.0|17193.0|20160.0|21383.0
 2014|F2637|40-44|W|RUS|6592|1198|2365.0|4798.0|7349.0|9873.0|10469.0|12451.0|15069.0|17706.0|20358.0|21383.0
 2014|F7551|35-39|W|FIN|6591|981|2152.0|4396.0|6872.0|9107.0|9602.0|11633.0|14092.0|17121.0|20202.0|21369.0
 2014|F7236|45-49|W|PHI|6590|1182|2234.0|4566.0|6939.0|9488.0|10091.0|12114.0|14763.0|17456.0|20185.0|21368.0
 2014|F298|45-49|W|GER|6589|1181|2411.0|4761.0|7171.0|9627.0|10180.0|12152.0|14760.0|17421.0|20168.0|21365.0
 2014|F7583|30-34|W|GBR|6588|1009|2077.0|4214.0|6352.0|8617.0|9205.0|11184.0|14240.0|17256.0|20239.0|21365.0
 2014|F5690|45-49|W|FIN|6587|1180|2153.0|4396.0|6873.0|9106.0|9603.0|11633.0|14087.0|17121.0|20201.0|21358.0
 2014|F7104|40-44|W|USA|6586|1197|2019.0|4250.0|6655.0|9007.0|9527.0|11657.0|14398.0|17290.0|20140.0|21350.0
 2014|F7552|40-44|W|JPN|6585|1196|2027.0|4242.0|6678.0|8845.0|9369.0|11454.0|14283.0|17218.0|20087.0|21340.0
 2014|F253|55-59|W|GER|6584|341|2119.0|4363.0|6712.0|9195.0|9767.0|11926.0|14695.0|17464.0|20213.0|21329.0
 2014|F6091|40-44|W|GBR|6583|1195|2116.0|4477.0|6675.0|9417.0|9907.0|11874.0|14464.0|17317.0|20157.0|21326.0
 2014|F4936|H|W|GER|6582|906|2114.0|4284.0|6633.0|9072.0|9625.0|11798.0|14598.0|17351.0|20141.0|21319.0
 2014|F4595|50-54|W|USA|6581|769|2246.0|4550.0|6891.0|9286.0|9801.0|11950.0|14688.0|17452.0|20120.0|21312.0
 2014|F2634|45-49|W|MEX|6580|1179|1951.0|4088.0|6546.0|9040.0|9576.0|11735.0|14437.0|17124.0|20152.0|21305.0
 2014|F1639|30-34|W|VEN|6579|1008|2169.0|4447.0|6792.0|9206.0|9764.0|11818.0|14528.0|17325.0|20206.0|21304.0
 2014|F9264|35-39|W|ISR|6578|980|2074.0|4157.0|6466.0|8635.0|9248.0|11124.0|13790.0|16831.0|20052.0|21295.0
 2014|F511|35-39|W|USA|6577|979|2098.0|4452.0|6801.0|9306.0|9882.0|11872.0|14545.0|17282.0|20179.0|21287.0
 2014|F9444|65-69|W|GER|6576|36|2101.0|4363.0|6792.0|9239.0|9836.0|11991.0|14526.0|17300.0|20177.0|21278.0
 2014|F5475|40-44|W|GBR|6575|1194|2061.0|4183.0|6402.0|8864.0|9418.0|11437.0|14259.0|17036.0|20049.0|21262.0
 2014|F9168|45-49|W|USA|6574|1178|2133.0|4251.0|6469.0|8826.0|9457.0|11510.0|14429.0|17345.0|20092.0|21262.0
 2014|F3081|35-39|W|SWE|6573|978|2230.0|4536.0|6874.0|9240.0|9803.0|11953.0|14694.0|17398.0|20170.0|21260.0
 2014|F6484|45-49|W|GER|6572|1177|2198.0|4546.0|6922.0|9339.0|9890.0|11882.0|14526.0|17232.0|20101.0|21258.0
 2014|F3720|50-54|W|GER|6571|768|2384.0|4729.0|7053.0|9534.0|10025.0|12208.0|14662.0|17367.0|20105.0|21254.0
 2014|F9428|30-34|W|AUS|6570|1007|1976.0|4330.0|6513.0|8764.0|9268.0|11179.0|14126.0|16884.0|20115.0|21241.0
 2014|F3851|40-44|W|USA|6569|1193|2367.0|4716.0|7015.0|9378.0|9912.0|11854.0|14468.0|17312.0|20040.0|21240.0
 2014|F1749|35-39|W|PHI|6568|977|2111.0|4592.0|6979.0|9396.0|9944.0|11950.0|14600.0|17358.0|20049.0|21238.0
 2014|F7891|55-59|W|GER|6567|340|2086.0|4321.0|6526.0|8828.0|9346.0|11416.0|14241.0|17113.0|20041.0|21223.0
 2014|F7048|50-54|W|GER|6566|767|2273.0|4524.0|6839.0|9307.0|9868.0|11940.0|14660.0|17339.0|20042.0|21200.0
 2014|F379|50-54|W|GER|6565|766|2056.0|4336.0|6604.0|8734.0|9393.0|11179.0|13620.0|16655.0|19748.0|21196.0
 2014|F5900|30-34|W|BRA|6564|1006|1930.0|4314.0|6630.0|8943.0|9675.0|11649.0|14276.0|17211.0|19935.0|21195.0
 2014|F7259|55-59|W|GER|6563|339|2199.0|4530.0|7002.0|9482.0|10031.0|11995.0|14732.0|17334.0|20099.0|21195.0
 2014|F1429|30-34|W|GER|6562|1005|2273.0|4567.0|7017.0|9362.0|9891.0|11963.0|14703.0|17306.0|20067.0|21194.0
 2014|F3918|60-64|W|DEN|6561|133|2086.0|4413.0|6846.0|9306.0|9863.0|11892.0|14550.0|17125.0|20022.0|21185.0
 2014|F1866|30-34|W|TPE|6560|1004|2135.0|4251.0|6418.0|8574.0|9103.0|11338.0|14233.0|17003.0|20000.0|21176.0
 2014|F387|60-64|W|GER|6559|132|2190.0|4621.0|7025.0|9523.0|10036.0|12030.0|14653.0|17286.0|20010.0|21165.0
 2014|F9429|45-49|W|USA|6558|1176|1940.0|4116.0|6622.0|9256.0|9811.0|11943.0|14654.0|17327.0|19997.0|21155.0
 2014|F8998|45-49|W|NED|6557|1175|2303.0|4649.0|7031.0|9409.0|9925.0|12044.0|14663.0|17373.0|20035.0|21147.0
 2014|F3213|45-49|W|GER|6556|1174|2080.0|4366.0|6721.0|9191.0|9756.0|11833.0|14538.0|17214.0|19960.0|21145.0
 2014|F2448|H|W|GER|6555|905|2058.0|4497.0|6746.0|9091.0|9674.0|11602.0|14148.0|16853.0|19977.0|21141.0
 2014|F3600|50-54|W|GER|6554|765|2058.0|4497.0|6746.0|9091.0|9674.0|11600.0|14148.0|16853.0|19977.0|21140.0
 2014|F9490|35-39|W|CHN|6553|976|2158.0|4453.0|6778.0|9075.0|9608.0|11814.0|14412.0|16993.0|20034.0|21128.0
 2014|F5916|50-54|W|GER|6552|764|2134.0|4437.0|6688.0|9034.0|9557.0|11553.0|14296.0|17104.0|19943.0|21123.0
 2014|F7004|50-54|W|USA|6551|763|2375.0|4910.0|7294.0|9695.0|10222.0|12175.0|14838.0|17395.0|20030.0|21123.0
 2014|F6074|45-49|W|GER|6550|1173|2172.0|4616.0|6952.0|9206.0|9748.0|11655.0|14319.0|16992.0|20100.0|21123.0
 2014|F7801|35-39|W|RSA|6549|975|2070.0|4320.0|6747.0|9434.0|9976.0|12037.0|14713.0|17388.0|20028.0|21123.0
 2014|F9147|50-54|W|GER|6548|762|2128.0|4351.0|6638.0|8930.0|9447.0|11459.0|14221.0|16967.0|19909.0|21101.0
 2014|F5973|30-34|W|GER|6547|1003|1789.0|3722.0|5739.0|8314.0|8852.0|11245.0|14444.0|17047.0|19876.0|21100.0
 2014|F7515|35-39|W|USA|6546|974|2464.0|5271.0|7260.0|9524.0|9956.0|12044.0|14796.0|17573.0|20060.0|21099.0
 2014|F8688|30-34|W|CHN|6545|1002|2105.0|4242.0|6469.0|8923.0|9489.0|11603.0|14446.0|17132.0|19844.0|21098.0
 2014|F4129|H|W|VEN|6544|904|2117.0|4398.0|6698.0|8963.0|9418.0|11199.0|13985.0|16843.0|19825.0|21093.0
 2014|F454|55-59|W|GER|6543|338|2041.0|4283.0|6550.0|8949.0|9415.0|11728.0|14961.0|17469.0|19920.0|21065.0
 2014|F2049|40-44|W|ROU|6542|1192|2422.0|4904.0|7458.0|10002.0|10581.0|12546.0|15177.0|17704.0|20102.0|21059.0
 2014|F8866|35-39|W|GER|6541|973|2223.0|4427.0|6654.0|9000.0|9525.0|11393.0|13886.0|16666.0|19853.0|21058.0
 2014|F4962|45-49|W|TPE|6540|1172|1923.0|3964.0|6090.0|8441.0|8960.0|11112.0|14050.0|16788.0|19894.0|21041.0
 2014|F1331|H|W|GBR|6539|903|2190.0|4485.0|6907.0|9487.0|10022.0|12048.0|14701.0|17336.0|19989.0|21028.0
 2014|F4379|40-44|W|GBR|6538|1191|2245.0|4596.0|7232.0|9810.0|10329.0|12276.0|14788.0|17395.0|19978.0|21025.0
 2014|F2245|35-39|W|GBR|6537|972|2025.0|4208.0|6479.0|8831.0|9368.0|11371.0|14155.0|16955.0|19880.0|21024.0
 2014|F4992|40-44|W|GER|6536|1190|2092.0|4208.0|6943.0|9622.0|10200.0|12443.0|14982.0|17629.0|20054.0|21004.0
 2014|F3574|40-44|W|INA|6535|1189|2159.0|4497.0|6931.0|9381.0|9904.0|11918.0|14547.0|17171.0|19849.0|21002.0
 2014|F9506|30-34|W|CAN|6534|1001|1981.0|4155.0|6307.0|9066.0|9678.0|11700.0|14847.0|17472.0|19981.0|21001.0
 2014|F8157|50-54|W|CAN|6533|761|2244.0|4604.0|6994.0|9441.0|10023.0|12043.0|14636.0|17265.0|19897.0|20971.0
 2014|F2225|H|W|FRA|6532|902|2320.0|4779.0|6981.0|9229.0|9878.0|11692.0|14529.0|17138.0|19850.0|20970.0
 2014|F4282|50-54|W|AUS|6531|760|1952.0|4196.0|6278.0|8529.0|9032.0|10974.0|13763.0|16645.0|19734.0|20969.0
 2014|F2369|45-49|W|GER|6530|1171|2135.0|4281.0|6514.0|8884.0|9431.0|11405.0|13990.0|16712.0|19787.0|20964.0
 2014|F8085|JA|W|DEN|6529|23|2147.0|4564.0|6815.0|9266.0|9820.0|11767.0|14469.0|17200.0|19844.0|20960.0
 2014|F7137|30-34|W|GER|6528|1000|2149.0|4324.0|6610.0|8969.0|9472.0|11455.0|14548.0|17361.0|19952.0|20937.0
 2014|F6415|35-39|W|GBR|6527|971|2189.0|4515.0|6958.0|9458.0|10009.0|12012.0|14572.0|17197.0|19839.0|20932.0
 2014|F7570|45-49|W|NOR|6526|1170|2135.0|4449.0|7054.0|9376.0|9890.0|11860.0|14389.0|17103.0|19816.0|20929.0
 2014|F3381|H|W|USA|6525|901|2042.0|4311.0|6778.0|9102.0|9650.0|11679.0|14476.0|17064.0|19844.0|20918.0
 2014|F120|60-64|W|GER|6524|131|2167.0|4419.0|6747.0|9188.0|9781.0|11851.0|14440.0|17190.0|19971.0|20916.0
 2014|F1324|55-59|W|NED|6523|337|2088.0|4276.0|6669.0|8989.0|9508.0|11560.0|14334.0|17062.0|19842.0|20910.0
 2014|F7377|H|W|GER|6522|900|1984.0|4102.0|6256.0|8670.0|9200.0|11298.0|14039.0|16694.0|19676.0|20901.0
 2014|F5186|35-39|W|NED|6521|970|2016.0|4130.0|6360.0|8688.0|9189.0|11354.0|14351.0|17058.0|19802.0|20866.0
 2014|F5846|40-44|W|GBR|6520|1188|2157.0|4417.0|6939.0|9337.0|9869.0|11880.0|14608.0|17250.0|19815.0|20864.0
 2014|F4517|35-39|W|USA|6519|969|1938.0|4097.0|6385.0|8951.0|9546.0|11623.0|14401.0|17144.0|19759.0|20864.0
 2014|F8281|35-39|W|GER|6518|968|2092.0|4381.0|6749.0|9170.0|9699.0|11772.0|14378.0|17044.0|19749.0|20859.0
 2014|F6229|H|W|IRL|6517|899|1958.0|4312.0|6445.0|8745.0|9290.0|11249.0|13929.0|16777.0|19687.0|20859.0
 2014|F2124|60-64|W|GBR|6516|130|2155.0|4640.0|7006.0|9466.0|10015.0|12011.0|14620.0|17148.0|19792.0|20851.0
 2014|F1138|45-49|W|SWE|6515|1169|2202.0|4722.0|7105.0|9553.0|10077.0|11963.0|14458.0|17005.0|19717.0|20847.0
 2014|F8462|40-44|W|NOR|6514|1187|1809.0|3659.0|5703.0|7817.0|8265.0|10250.0|13014.0|16502.0|19619.0|20843.0
 2014|F8585|40-44|W|SIN|6513|1186|2128.0|4378.0|6724.0|9081.0|9621.0|11654.0|14358.0|17084.0|19761.0|20840.0
 2014|F6937|50-54|W|USA|6512|759|2269.0|4532.0|6920.0|9270.0|9735.0|11633.0|14044.0|17059.0|19618.0|20837.0
 2014|F2977|H|W|GER|6511|898|2253.0|4551.0|6944.0|9451.0|10001.0|11939.0|14752.0|17256.0|19874.0|20836.0
 2014|F9198|40-44|W|ISR|6510|1185|2363.0|4819.0|7153.0|9536.0|10034.0|11969.0|14559.0|17325.0|19818.0|20834.0
 2014|F6823|50-54|W|GER|6509|758|2097.0|4240.0|6392.0|8754.0|9231.0|11322.0|14299.0|16879.0|19793.0|20832.0
 2014|F8484|55-59|W|DEN|6508|336|2051.0|4239.0|6516.0|8782.0|9225.0|11439.0|13994.0|16832.0|19648.0|20832.0
 2014|F2677|40-44|W|GER|6507|1184|2091.0|4282.0|6852.0|9114.0|9611.0|11493.0|14052.0|16790.0|19639.0|20830.0
 2014|F3433|30-34|W|AUS|6506|999|1806.0|3831.0|5956.0|8385.0|8898.0|10921.0|14009.0|16893.0|19793.0|20825.0
 2014|F8560|55-59|W|AUT|6505|335|0.0|0.0|0.0|0.0|0.0|0.0|0.0|0.0|19424.0|20821.0
 2014|F5266|30-34|W|AUT|6504|998|2092.0|4200.0|6326.0|8470.0|8952.0|10905.0|13629.0|16561.0|19586.0|20821.0
 2014|F5045|50-54|W|GER|6503|757|2220.0|4508.0|6908.0|9236.0|9757.0|11721.0|14290.0|16859.0|19576.0|20808.0
 2014|F2056|45-49|W|GER|6502|1168|2274.0|4619.0|6926.0|9247.0|9816.0|11715.0|14545.0|16869.0|19697.0|20808.0
 2014|F8570|45-49|W|USA|6501|1167|2346.0|4804.0|7268.0|9748.0|10291.0|12341.0|14792.0|17311.0|19794.0|20808.0
 2014|F1589|30-34|W|GER|6500|997|2275.0|4631.0|7029.0|9445.0|9978.0|11902.0|14465.0|17054.0|19718.0|20803.0
 2014|F3950|35-39|W|USA|6499|967|2097.0|4533.0|7125.0|9653.0|10204.0|12190.0|14650.0|17178.0|19820.0|20801.0
 2014|F8101|30-34|W|CHN|6498|996|2075.0|4295.0|6580.0|8954.0|9524.0|11644.0|14281.0|17013.0|19791.0|20800.0
 2014|F8443|30-34|W|CHN|6497|995|2163.0|4480.0|7018.0|9264.0|9769.0|11694.0|14243.0|16787.0|19672.0|20777.0
 2014|F5614|45-49|W|GER|6496|1166|2184.0|4524.0|6879.0|9439.0|10006.0|12052.0|14675.0|17387.0|19814.0|20768.0
 2014|F957|55-59|W|GBR|6495|334|1969.0|4021.0|6139.0|8472.0|8987.0|10837.0|13433.0|16222.0|19371.0|20768.0
 2014|F8210|40-44|W|SWE|6494|1183|2136.0|4365.0|6549.0|8829.0|9329.0|11179.0|13878.0|16982.0|19769.0|20765.0
 2014|F8374|35-39|W|ROU|6493|966|2196.0|4231.0|6309.0|8678.0|9132.0|11141.0|13668.0|16244.0|19583.0|20750.0
 2014|F5479|35-39|W|ROU|6492|965|2195.0|4231.0|6309.0|8676.0|9131.0|11141.0|13663.0|16242.0|19582.0|20750.0
 2014|F8661|H|W|NOR|6491|897|1912.0|4113.0|6362.0|8834.0|9445.0|11475.0|14007.0|16685.0|19508.0|20746.0
 2014|F7725|35-39|W|GER|6490|964|2035.0|4137.0|6277.0|8534.0|9038.0|11011.0|13859.0|16697.0|19605.0|20740.0
 2014|F151|60-64|W|GER|6489|129|1976.0|4045.0|6146.0|8479.0|9032.0|10948.0|13666.0|16576.0|19484.0|20729.0
 2014|F1127|60-64|W|GER|6488|128|1993.0|4356.0|6531.0|8796.0|9288.0|11382.0|14222.0|16844.0|19682.0|20726.0
 2014|F4210|30-34|W|POL|6487|994|1986.0|4173.0|6604.0|9177.0|9702.0|11778.0|14343.0|17142.0|19734.0|20724.0
 2014|F2193|50-54|W|GER|6486|756|2142.0|4595.0|6929.0|9319.0|9837.0|11776.0|14324.0|16933.0|19556.0|20712.0
 2014|F9165|50-54|W|GER|6485|755|2132.0|4339.0|6660.0|9111.0|9653.0|11686.0|14370.0|17002.0|19714.0|20705.0
 2014|F1593|40-44|W|GER|6484|1182|2223.0|4485.0|6806.0|9170.0|9780.0|11728.0|14308.0|16880.0|19671.0|20692.0
 2014|F2257|55-59|W|MEX|6483|333|1935.0|4004.0|6289.0|8719.0|9223.0|11348.0|13998.0|16810.0|19611.0|20671.0
 2014|F1465|40-44|W|GBR|6482|1181|1902.0|4061.0|6323.0|8630.0|9155.0|11104.0|14006.0|16687.0|19584.0|20665.0
 2014|F7202|45-49|W|DEN|6481|1165|1973.0|4341.0|6567.0|8786.0|9298.0|11273.0|13858.0|16873.0|19568.0|20662.0
 2014|F649|50-54|W|DEN|6480|754|2118.0|4272.0|6607.0|8778.0|9273.0|11067.0|13605.0|16493.0|19556.0|20653.0
 2014|F3104|50-54|W|GER|6479|753|2221.0|4540.0|6989.0|9435.0|9996.0|11960.0|14547.0|17114.0|19641.0|20647.0
 2014|F4347|35-39|W|POL|6478|963|2192.0|4352.0|6492.0|8654.0|9135.0|11283.0|14212.0|16998.0|19562.0|20647.0
 2014|F1961|55-59|W|AUS|6477|332|2296.0|4633.0|7032.0|9363.0|9883.0|11787.0|14340.0|16926.0|19536.0|20646.0
 2014|F6324|45-49|W|DEN|6476|1164|2142.0|4389.0|6647.0|8971.0|9519.0|11418.0|14110.0|16842.0|19490.0|20630.0
 2014|F1489|45-49|W|BEL|6475|1163|2018.0|4085.0|6584.0|8759.0|9289.0|11263.0|13956.0|16527.0|19484.0|20628.0
 2014|F901|40-44|W|MEX|6474|1180|2066.0|4170.0|6397.0|8884.0|9416.0|11399.0|14136.0|16867.0|19433.0|20628.0
 2014|F2490|50-54|W|DEN|6473|752|2163.0|4433.0|6979.0|9301.0|9802.0|11640.0|14059.0|16649.0|19448.0|20624.0
 2014|F4800|50-54|W|DEN|6472|751|2103.0|4484.0|6701.0|8969.0|9598.0|11410.0|13739.0|16420.0|19447.0|20623.0
 2014|F3320|45-49|W|SWE|6471|1162|2091.0|4207.0|6421.0|8776.0|9337.0|11216.0|14140.0|16750.0|19553.0|20623.0
 2014|F1466|H|W|USA|6470|896|1894.0|4031.0|6251.0|8594.0|9271.0|11300.0|14087.0|16846.0|19469.0|20622.0
 2014|F8097|55-59|W|USA|6469|331|2287.0|4619.0|7009.0|9443.0|9972.0|12032.0|14475.0|16955.0|19514.0|20609.0
 2014|F5318|60-64|W|USA|6468|127|2287.0|4619.0|7008.0|9442.0|9972.0|12031.0|14475.0|16955.0|19514.0|20609.0
 2014|F1552|H|W|ENG|6467|895|2169.0|4430.0|6736.0|9093.0|9634.0|11603.0|14198.0|16865.0|19545.0|20605.0
 2014|F7376|50-54|W|GER|6466|750|2152.0|4475.0|6856.0|9222.0|9876.0|11897.0|14413.0|16941.0|19497.0|20600.0
 2014|F2564|H|W|USA|6465|894|2207.0|4206.0|6404.0|8621.0|9147.0|11234.0|13754.0|16414.0|19586.0|20595.0
 2014|F6293|30-34|W|USA|6464|993|2206.0|4211.0|6432.0|8621.0|9152.0|11235.0|13753.0|16420.0|19633.0|20594.0
 2014|F3747|55-59|W|GER|6463|330|2156.0|4436.0|6711.0|9000.0|9510.0|11389.0|13988.0|16740.0|19470.0|20584.0
 2014|F6123|H|W|FRA|6462|893|2352.0|4593.0|6891.0|9075.0|9575.0|11507.0|13962.0|16698.0|19564.0|20561.0
 2014|F4128|60-64|W|JPN|6461|126|2077.0|4196.0|6545.0|9073.0|9621.0|11833.0|14355.0|16874.0|19470.0|20558.0
 2014|F6065|55-59|W|GER|6460|329|2283.0|4642.0|7075.0|9475.0|10051.0|11965.0|14430.0|16935.0|19493.0|20552.0
 2014|F6676|40-44|W|BRA|6459|1179|2063.0|4175.0|6363.0|8410.0|8851.0|10554.0|13091.0|16261.0|19531.0|20543.0
 2014|F864|H|W|USA|6458|892|1883.0|3833.0|5779.0|7848.0|8361.0|10665.0|13488.0|16618.0|19553.0|20541.0
 2014|F9006|55-59|W|GER|6457|328|1859.0|3819.0|5929.0|8445.0|8921.0|10942.0|13775.0|16471.0|19435.0|20535.0
 2014|F2114|40-44|W|GER|6456|1178|2008.0|4044.0|6202.0|8490.0|9004.0|10981.0|13590.0|16307.0|19342.0|20525.0
 2014|F5715|H|W|GBR|6455|891|1830.0|3951.0|6219.0|8646.0|9208.0|11106.0|13687.0|16372.0|19248.0|20520.0
 2014|F5733|35-39|W|USA|6454|962|1992.0|4049.0|6146.0|8210.0|8825.0|10630.0|13507.0|16125.0|19398.0|20519.0
 2014|F871|50-54|W|USA|6453|749|1740.0|3630.0|5742.0|8277.0|8778.0|10927.0|13690.0|16508.0|19425.0|20515.0
 2014|F6624|50-54|W|FRA|6452|748|2185.0|4457.0|6715.0|9112.0|9645.0|11657.0|14209.0|16661.0|19422.0|20513.0
 2014|F3500|35-39|W|GER|6451|961|2155.0|4543.0|6861.0|9119.0|9629.0|11621.0|14139.0|16732.0|19473.0|20511.0
 2014|F5510|45-49|W|HKG|6450|1161|2036.0|4068.0|6170.0|8734.0|9313.0|11192.0|13850.0|16656.0|19432.0|20506.0
 2014|F8189|40-44|W|INA|6449|1177|2007.0|4085.0|6298.0|8589.0|9103.0|11168.0|13865.0|16611.0|19370.0|20503.0
 2014|F4792|50-54|W|GER|6448|747|2120.0|4288.0|6651.0|9061.0|9596.0|11629.0|14306.0|16946.0|19531.0|20494.0
 2014|F4959|35-39|W|GER|6447|960|2118.0|4290.0|6648.0|9059.0|9594.0|11627.0|14305.0|16944.0|19530.0|20492.0
 2014|F7769|60-64|W|AUT|6446|125|2070.0|4134.0|6185.0|8302.0|8787.0|10578.0|13220.0|16105.0|19263.0|20489.0
 2014|F5801|50-54|W|USA|6445|746|2267.0|4757.0|6941.0|9240.0|9750.0|11549.0|13978.0|16572.0|19335.0|20485.0
 2014|F5292|40-44|W|GBR|6444|1176|2278.0|4652.0|7073.0|9510.0|10096.0|12016.0|14471.0|16909.0|19426.0|20484.0
 2014|F1252|H|W|GER|6443|890|2248.0|4720.0|7154.0|9582.0|10122.0|11975.0|14353.0|16879.0|19373.0|20480.0
 2014|F5599|40-44|W|GER|6442|1175|2246.0|4640.0|6851.0|8954.0|9559.0|11370.0|14173.0|16693.0|19374.0|20477.0
 2014|F2522|40-44|W|GER|6441|1174|2246.0|4640.0|6851.0|8955.0|9549.0|11367.0|14172.0|16691.0|19374.0|20477.0
 2014|F3809|35-39|W|GER|6440|959|2246.0|4640.0|6851.0|8952.0|9551.0|11357.0|14166.0|16691.0|19374.0|20476.0
 2014|F6827|35-39|W|GER|6439|958|2181.0|4448.0|6789.0|9178.0|9701.0|11661.0|14190.0|16774.0|19405.0|20474.0
 2014|F1789|45-49|W|TPE|6438|1160|2133.0|4222.0|6338.0|8546.0|9323.0|11150.0|13723.0|16474.0|19429.0|20473.0
 2014|F8057|55-59|W|ESP|6437|327|2093.0|4194.0|6446.0|8743.0|9339.0|11249.0|13814.0|16442.0|19305.0|20469.0
 2014|F8698|50-54|W|GBR|6436|745|2228.0|4607.0|6984.0|9346.0|9843.0|11784.0|14312.0|16823.0|19385.0|20468.0
 2014|F6161|50-54|W|GER|6435|744|2202.0|4563.0|6858.0|9205.0|9723.0|11609.0|14274.0|16784.0|19319.0|20465.0
 2014|F7808|50-54|W|GER|6434|743|2201.0|4563.0|6862.0|9207.0|9723.0|11610.0|14275.0|16783.0|19319.0|20465.0
 2014|F5035|50-54|W|DEN|6433|742|2024.0|4143.0|6356.0|8713.0|9222.0|11274.0|13862.0|16522.0|19240.0|20454.0
 2014|F833|50-54|W|DEN|6432|741|2025.0|4143.0|6356.0|8714.0|9226.0|11274.0|13899.0|16555.0|19260.0|20454.0
 2014|F8601|H|W|GER|6431|889|2251.0|4686.0|6954.0|9320.0|9781.0|11740.0|14244.0|16786.0|19342.0|20450.0
 2014|F8600|50-54|W|GER|6430|740|2250.0|4686.0|7007.0|9319.0|9780.0|11739.0|14244.0|16785.0|19342.0|20450.0
 2014|F237|70-74|W|GER|6429|11|2132.0|4394.0|6678.0|8989.0|9501.0|11420.0|13955.0|16578.0|19263.0|20449.0
 2014|F2565|H|W|DEN|6428|888|2041.0|4278.0|6767.0|8989.0|9566.0|11766.0|14320.0|16888.0|19417.0|20445.0
 2014|F7654|65-69|W|GER|6427|35|2086.0|4277.0|6666.0|8955.0|9462.0|11428.0|14018.0|16678.0|19293.0|20438.0
 2014|F9010|35-39|W|GER|6426|957|1974.0|4085.0|6388.0|8598.0|9067.0|10908.0|13873.0|16729.0|19362.0|20437.0
 2014|F6948|30-34|W|GBR|6425|992|2063.0|4199.0|6629.0|8928.0|9426.0|11398.0|14291.0|16801.0|19384.0|20429.0
 2014|F9415|H|W|GER|6424|887|2204.0|4448.0|6721.0|9047.0|9625.0|11588.0|14083.0|16635.0|19304.0|20429.0
 2014|F6639|50-54|W|GER|6423|739|2156.0|4346.0|6518.0|8776.0|9328.0|11157.0|13620.0|16279.0|19244.0|20429.0
 2014|F7252|H|W|GBR|6422|886|2377.0|4928.0|7278.0|9771.0|10384.0|12529.0|15195.0|17315.0|19493.0|20422.0
 2014|F1494|H|W|GER|6421|885|2131.0|4446.0|6574.0|9004.0|9611.0|11629.0|14499.0|16849.0|19344.0|20420.0
 2014|F6460|50-54|W|GER|6420|738|2136.0|4312.0|6485.0|8670.0|9172.0|10951.0|13523.0|16290.0|19328.0|20418.0
 2014|F5435|65-69|W|FRA|6419|34|2112.0|4303.0|6513.0|8826.0|9354.0|11420.0|14013.0|16600.0|19324.0|20412.0
 2014|F4468|H|W|GER|6418|884|2196.0|4488.0|6817.0|9094.0|9607.0|11565.0|14061.0|16661.0|19230.0|20410.0
 2014|F7903|50-54|W|GER|6417|737|2093.0|4330.0|6564.0|8918.0|9444.0|11380.0|13967.0|16617.0|19301.0|20410.0
 2014|F4234|55-59|W|DEN|6416|326|2223.0|4525.0|6825.0|9145.0|9644.0|11555.0|14306.0|16806.0|19342.0|20408.0
 2014|F4714|50-54|W|GER|6415|736|2402.0|4666.0|7009.0|9366.0|9879.0|11735.0|14122.0|16568.0|19165.0|20405.0
 2014|F5398|H|W|CHN|6414|883|1863.0|4102.0|6354.0|8807.0|9313.0|11447.0|14042.0|16676.0|19402.0|20404.0
 2014|F9232|50-54|W|GER|6413|735|2163.0|4477.0|6732.0|9080.0|9649.0|11576.0|14144.0|16589.0|19296.0|20401.0
 2014|F5165|50-54|W|GER|6412|734|2137.0|4397.0|6630.0|9016.0|9505.0|11383.0|14042.0|16730.0|19423.0|20394.0
 2014|F7146|40-44|W|MEX|6411|1173|1919.0|4031.0|6346.0|8789.0|9430.0|11632.0|14281.0|16904.0|19384.0|20387.0
 2014|F3979|30-34|W|JPN|6410|991|2219.0|4473.0|6679.0|8873.0|9368.0|11190.0|13641.0|16330.0|19188.0|20383.0
 2014|F2371|H|W|IRL|6409|882|1920.0|3884.0|6262.0|8538.0|9054.0|11002.0|13842.0|16744.0|19377.0|20383.0
 2014|F7271|30-34|W|GBR|6408|990|1919.0|3883.0|6262.0|8537.0|9054.0|11001.0|13842.0|16744.0|19377.0|20383.0
 2014|F8505|30-34|W|GER|6407|989|2029.0|4315.0|6510.0|8839.0|9440.0|11483.0|14067.0|16712.0|19357.0|20371.0
 2014|F6403|50-54|W|GBR|6406|733|1985.0|4188.0|6486.0|8966.0|9479.0|11549.0|14167.0|16736.0|19360.0|20366.0
 2014|F2331|40-44|W|GER|6405|1172|2111.0|4354.0|6706.0|9221.0|9825.0|11711.0|14289.0|16801.0|19415.0|20366.0
 2014|F8017|H|W|SCO|6404|881|2057.0|4221.0|6619.0|8732.0|9264.0|11086.0|13813.0|16380.0|19150.0|20363.0
 2014|F2797|40-44|W|GER|6403|1171|2023.0|4084.0|6191.0|8388.0|8902.0|10901.0|13636.0|16424.0|19221.0|20357.0
 2014|F4010|30-34|W|GER|6402|988|2250.0|4496.0|6826.0|9229.0|9731.0|11617.0|14003.0|16668.0|19208.0|20352.0
 2014|F5513|45-49|W|MEX|6401|1159|2011.0|4058.0|6141.0|8344.0|8843.0|10764.0|13429.0|16162.0|19237.0|20351.0
 2014|F4074|45-49|W|FIN|6400|1158|2225.0|4523.0|6830.0|9153.0|9673.0|11582.0|14171.0|16686.0|19285.0|20351.0
 2014|F7937|45-49|W|SWE|6399|1157|1984.0|4088.0|6335.0|8794.0|9317.0|11203.0|13748.0|16445.0|19408.0|20347.0
 2014|F5452|35-39|W|MEX|6398|956|2002.0|4132.0|6350.0|8611.0|9183.0|11274.0|13804.0|16546.0|19112.0|20335.0
 2014|F4215|30-34|W|GER|6397|987|2049.0|4880.0|7090.0|9127.0|9603.0|11751.0|14828.0|17212.0|19396.0|20328.0
 2014|F2404|35-39|W|SUI|6396|955|2047.0|4293.0|6536.0|8850.0|9357.0|11305.0|14150.0|16744.0|19281.0|20326.0
 2014|F1517|35-39|W|GBR|6395|954|2031.0|4078.0|6205.0|8509.0|9034.0|11075.0|13784.0|16582.0|19246.0|20321.0
 2014|F1495|55-59|W|GER|6394|325|2131.0|4446.0|6574.0|9004.0|9610.0|11595.0|14498.0|16847.0|19341.0|20320.0
 2014|F6355|45-49|W|NOR|6393|1156|2156.0|4409.0|6607.0|8902.0|9411.0|11257.0|13889.0|16544.0|19180.0|20308.0
 2014|F267|50-54|W|GER|6392|732|1958.0|4068.0|6217.0|8642.0|9142.0|11200.0|13920.0|16525.0|19206.0|20302.0
 2014|F3144|55-59|W|GER|6391|324|2231.0|4526.0|6794.0|9153.0|9669.0|11552.0|14030.0|16576.0|19208.0|20291.0
 2014|F1143|45-49|W|GER|6390|1155|2085.0|4277.0|6455.0|8697.0|9466.0|11203.0|13596.0|16197.0|19145.0|20290.0
 2014|F6045|45-49|W|DEN|6389|1154|2050.0|4217.0|6295.0|8994.0|9531.0|11449.0|13782.0|16343.0|19124.0|20289.0
 2014|F5397|50-54|W|CHN|6388|731|1872.0|3705.0|5603.0|7608.0|8055.0|9857.0|12897.0|16080.0|18986.0|20284.0
 2014|F3717|30-34|W|FRA|6387|986|1974.0|3996.0|6082.0|8397.0|8917.0|10836.0|13549.0|16352.0|19124.0|20278.0
 2014|F6006|45-49|W|GBR|6386|1153|2307.0|4595.0|6862.0|9160.0|9767.0|11598.0|14018.0|16446.0|19173.0|20274.0
 2014|F1250|45-49|W|GBR|6385|1152|2015.0|4118.0|6227.0|8319.0|8785.0|10523.0|13116.0|16096.0|19065.0|20271.0
 2014|F5702|35-39|W|GBR|6384|953|1992.0|4180.0|6909.0|9383.0|9871.0|11871.0|14541.0|16856.0|19307.0|20267.0
 2014|F186|55-59|W|GER|6383|323|2058.0|4359.0|6782.0|9177.0|9735.0|11736.0|14268.0|16793.0|19224.0|20255.0
 2014|F3098|70-74|W|GBR|6382|10|2287.0|4563.0|6820.0|9143.0|9644.0|11534.0|13981.0|16593.0|19219.0|20245.0
 2014|F4368|30-34|W|SWE|6381|985|2140.0|4369.0|6696.0|9012.0|9501.0|11436.0|14121.0|16780.0|19237.0|20231.0
 2014|F4139|45-49|W|USA|6380|1151|1968.0|4129.0|6356.0|8700.0|9208.0|11251.0|13894.0|16537.0|19132.0|20228.0
 2014|F4862|60-64|W|DEN|6379|124|2051.0|4138.0|6235.0|8570.0|9037.0|10875.0|13266.0|16428.0|19159.0|20224.0
 2014|F3955|H|W|DEN|6378|880|1891.0|3987.0|6134.0|8278.0|8737.0|10601.0|13158.0|15866.0|18910.0|20224.0
 2014|F5240|30-34|W|DEN|6377|984|2129.0|4369.0|6589.0|8911.0|9400.0|11573.0|14023.0|16520.0|19123.0|20218.0
 2014|F8403|H|W|DEN|6376|879|2129.0|4368.0|6589.0|8910.0|9400.0|11573.0|14022.0|16521.0|19122.0|20218.0
 2014|F7986|H|W|UKR|6375|878|1819.0|3906.0|6118.0|8547.0|9093.0|10962.0|13557.0|16447.0|19160.0|20216.0
 2014|F6377|45-49|W|SUI|6374|1150|2252.0|4572.0|6901.0|9250.0|9778.0|11667.0|14136.0|16640.0|19125.0|20214.0
 2014|F4943|45-49|W|GER|6373|1149|2148.0|4338.0|6590.0|8868.0|9379.0|11290.0|13786.0|16343.0|18987.0|20213.0
 2014|F2139|40-44|W|ISR|6372|1170|2116.0|4286.0|6548.0|8733.0|9206.0|11185.0|13676.0|16436.0|19239.0|20205.0
 2014|F2344|35-39|W|GER|6371|952|2126.0|4291.0|6506.0|8738.0|9282.0|11188.0|13846.0|16255.0|19058.0|20203.0
 2014|F6439|H|W|USA|6370|877|2161.0|4464.0|6840.0|9188.0|9721.0|11633.0|14110.0|16590.0|19182.0|20195.0
 2014|F8021|H|W|USA|6369|876|2384.0|4760.0|6891.0|9116.0|9558.0|11359.0|14328.0|16712.0|19303.0|20186.0
 2014|F8669|35-39|W|NOR|6368|951|1968.0|4142.0|6526.0|8982.0|9521.0|11404.0|13793.0|16382.0|19073.0|20180.0
 2014|F402|50-54|W|FRA|6367|730|2074.0|4262.0|6472.0|8724.0|9230.0|11137.0|13944.0|16495.0|19089.0|20175.0
 2014|F272|55-59|W|GER|6366|322|2132.0|4235.0|6377.0|8481.0|8989.0|11060.0|13439.0|16552.0|19187.0|20170.0
 2014|F1817|H|W|TPE|6365|875|1911.0|3890.0|6085.0|8266.0|8757.0|10703.0|13648.0|16533.0|19194.0|20161.0
 2014|F6432|35-39|W|GER|6364|950|2221.0|4480.0|6728.0|9027.0|9543.0|11441.0|13883.0|16398.0|18984.0|20160.0
 2014|F2545|H|W|DEN|6363|874|2058.0|4176.0|6536.0|8543.0|8991.0|10813.0|13304.0|15835.0|18908.0|20153.0
 2014|F8574|65-69|W|EST|6362|33|2164.0|4381.0|6629.0|8996.0|9520.0|11440.0|13996.0|16585.0|19150.0|20142.0
 2014|F254|50-54|W|GER|6361|729|2064.0|4419.0|6733.0|9003.0|9522.0|11416.0|13914.0|16343.0|19072.0|20142.0
 2014|F391|50-54|W|GER|6360|728|2064.0|4417.0|6733.0|9003.0|9521.0|11408.0|13898.0|16343.0|19056.0|20142.0
 2014|F3287|H|W|GER|6359|873|2138.0|4357.0|6540.0|8840.0|9343.0|11306.0|13903.0|16432.0|19107.0|20140.0
 2014|F4137|40-44|W|GBR|6358|1169|1972.0|3976.0|6179.0|8456.0|9195.0|11134.0|13589.0|16247.0|18966.0|20139.0
 2014|F3745|30-34|W|HUN|6357|983|1983.0|4337.0|6783.0|9015.0|9610.0|11492.0|13980.0|16594.0|19107.0|20138.0
 2014|F1778|35-39|W|SWE|6356|949|1877.0|3728.0|5530.0|7461.0|7930.0|10176.0|13381.0|16304.0|18634.0|20129.0
 2014|F4098|40-44|W|FRA|6355|1168|2000.0|4156.0|6407.0|8798.0|9331.0|11284.0|13884.0|16404.0|19025.0|20119.0
 2014|F6004|45-49|W|JPN|6354|1148|1953.0|4088.0|6510.0|8739.0|9278.0|11104.0|13908.0|16480.0|19113.0|20116.0
 2014|F8490|45-49|W|USA|6353|1147|2055.0|4259.0|6488.0|8936.0|9482.0|11511.0|14073.0|16480.0|19026.0|20114.0
 2014|F4967|35-39|W|SWE|6352|948|2015.0|4150.0|6599.0|8797.0|9266.0|11131.0|13767.0|16382.0|19026.0|20113.0
 2014|F7879|45-49|W|MGL|6351|1146|1648.0|3329.0|5134.0|7212.0|7674.0|9573.0|12422.0|16730.0|19329.0|20110.0
 2014|F4436|H|W|GBR|6350|872|1952.0|4003.0|6076.0|8453.0|8931.0|10821.0|13650.0|16149.0|18874.0|20109.0
 2014|F8277|40-44|W|GER|6349|1167|2049.0|4188.0|6362.0|8541.0|9220.0|11045.0|13584.0|16332.0|19167.0|20107.0
 2014|F7715|30-34|W|GER|6348|982|2000.0|4109.0|6579.0|8821.0|9416.0|11212.0|13783.0|16321.0|19049.0|20102.0
 2014|F1752|45-49|W|ESP|6347|1145|2187.0|4398.0|6600.0|8827.0|9322.0|11152.0|13578.0|16171.0|18923.0|20091.0
 2014|F2682|H|W|GBR|6346|871|2111.0|4279.0|6484.0|8816.0|9344.0|11254.0|13750.0|16439.0|19119.0|20089.0
 2014|F8432|45-49|W|GER|6345|1144|2105.0|4203.0|6417.0|8712.0|9225.0|11090.0|13534.0|16039.0|18965.0|20089.0
 2014|F7233|30-34|W|GER|6344|981|2105.0|4213.0|6327.0|8596.0|9123.0|10997.0|13546.0|16223.0|18969.0|20087.0
 2014|F5542|30-34|W|USA|6343|980|2065.0|4156.0|6299.0|8515.0|8996.0|11336.0|13772.0|16449.0|19138.0|20079.0
 2014|F6896|60-64|W|FRA|6342|123|2144.0|4304.0|6497.0|8748.0|9246.0|11348.0|13789.0|16296.0|18944.0|20078.0
 2014|F7624|30-34|W|INA|6341|979|2060.0|4189.0|6353.0|8565.0|9059.0|10923.0|13493.0|16221.0|18936.0|20070.0
 2014|F5886|30-34|W|GER|6340|978|2142.0|4362.0|6596.0|8827.0|9315.0|11187.0|13795.0|16304.0|19052.0|20060.0
 2014|F7221|40-44|W|GER|6339|1166|2019.0|4157.0|6405.0|8718.0|9235.0|11167.0|13772.0|16405.0|19002.0|20058.0
 2014|F5483|55-59|W|CAN|6338|321|2044.0|4131.0|6224.0|8420.0|8873.0|10774.0|13228.0|15849.0|18838.0|20053.0
 2014|F9201|60-64|W|GER|6337|122|2094.0|4242.0|6386.0|8604.0|9099.0|11055.0|13476.0|16111.0|18867.0|20051.0
 2014|F4417|H|W|EST|6336|870|2409.0|4920.0|7118.0|9340.0|9836.0|11639.0|14091.0|16576.0|19048.0|20050.0
 2014|F5792|H|W|GBR|6335|869|2104.0|4305.0|6548.0|9201.0|9646.0|11375.0|13416.0|15908.0|18840.0|20049.0
 2014|F4161|40-44|W|FRA|6334|1165|1990.0|4220.0|6484.0|8765.0|9290.0|11046.0|13549.0|16315.0|19027.0|20048.0
 2014|F9481|30-34|W|TPE|6333|977|2326.0|4576.0|6791.0|9088.0|9590.0|11519.0|13915.0|16407.0|18945.0|20048.0
 2014|F927|H|W|GBR|6332|868|2112.0|4218.0|6257.0|8318.0|8777.0|10516.0|13070.0|15867.0|18948.0|20047.0
 2014|F8976|30-34|W|NED|6331|976|0.0|0.0|0.0|0.0|0.0|0.0|0.0|16107.0|18947.0|20046.0
 2014|F6991|H|W|NED|6330|867|2047.0|4154.0|6350.0|8556.0|9121.0|11095.0|13478.0|16107.0|18947.0|20046.0
 2014|F6999|35-39|W|USA|6329|947|2177.0|4437.0|6653.0|8900.0|9390.0|11342.0|13778.0|16304.0|18958.0|20045.0
 2014|F7735|45-49|W|GER|6328|1143|1881.0|3922.0|6037.0|8350.0|8903.0|10774.0|13274.0|15955.0|18871.0|20039.0
 2014|F9150|35-39|W|CAN|6327|946|2097.0|4296.0|6582.0|8751.0|9310.0|11148.0|13707.0|16397.0|19000.0|20019.0
 2014|F7394|40-44|W|GER|6326|1164|1977.0|4041.0|6160.0|8523.0|9012.0|10947.0|13654.0|16253.0|18969.0|20018.0
 2014|F9257|35-39|W|GBR|6325|945|1998.0|4063.0|6187.0|8452.0|8973.0|10957.0|13772.0|16429.0|19003.0|20017.0
 2014|F9353|45-49|W|SWE|6324|1142|1945.0|4087.0|6476.0|8531.0|9036.0|10733.0|13167.0|15747.0|18788.0|20011.0
 2014|F2975|30-34|W|SUI|6323|975|2019.0|4186.0|6614.0|8826.0|9311.0|11126.0|13742.0|16264.0|18872.0|20009.0
 2014|F8297|30-34|W|GBR|6322|974|2130.0|4327.0|6595.0|8947.0|9474.0|11370.0|13872.0|16414.0|18915.0|19994.0
 2014|F9441|40-44|W|GBR|6321|1163|2009.0|4206.0|6402.0|8939.0|9454.0|11227.0|13645.0|16235.0|18815.0|19990.0
 2014|F5544|45-49|W|DEN|6320|1141|2273.0|4580.0|6914.0|9309.0|9843.0|11711.0|14148.0|16537.0|18948.0|19988.0
 2014|F8814|30-34|W|HKG|6319|973|1923.0|3886.0|5884.0|7917.0|8416.0|10400.0|13504.0|15964.0|18850.0|19987.0
 2014|F6734|H|W|BUL|6318|866|2085.0|4245.0|6427.0|8721.0|9188.0|11115.0|13889.0|16353.0|18945.0|19987.0
 2014|F8800|H|W|USA|6317|865|2084.0|4244.0|6426.0|8720.0|9187.0|11104.0|13879.0|16352.0|18944.0|19985.0
 2014|F9522|45-49|W|BEL|6316|1140|2009.0|4299.0|6375.0|8464.0|8907.0|10569.0|12936.0|15494.0|18701.0|19983.0
 2014|F5663|40-44|W|PHI|6315|1162|1996.0|4107.0|6265.0|8642.0|9129.0|10997.0|13456.0|16090.0|18924.0|19983.0
 2014|F2532|45-49|W|ITA|6314|1139|2184.0|4486.0|7104.0|9371.0|9864.0|11686.0|14014.0|16410.0|18859.0|19983.0
 2014|F3396|30-34|W|UAE|6313|972|2031.0|4112.0|6173.0|8255.0|8742.0|10540.0|13351.0|16058.0|18912.0|19969.0
 2014|F5229|50-54|W|GER|6312|727|2161.0|4345.0|6539.0|8817.0|9296.0|11052.0|13524.0|16096.0|18901.0|19968.0
 2014|F355|50-54|W|DEN|6311|726|2011.0|4024.0|6138.0|8363.0|8869.0|10704.0|13227.0|15947.0|18775.0|19968.0
 2014|F8789|50-54|W|GER|6310|725|2128.0|4268.0|6538.0|8797.0|9308.0|11163.0|13712.0|16316.0|18912.0|19967.0
 2014|F4485|35-39|W|GER|6309|944|2137.0|4397.0|6630.0|9016.0|9505.0|11384.0|14044.0|16644.0|18961.0|19958.0
 2014|F5151|45-49|W|NOR|6308|1138|2407.0|4783.0|7055.0|9268.0|9761.0|11553.0|14114.0|16536.0|19040.0|19957.0
 2014|F7841|55-59|W|GER|6307|320|2095.0|4210.0|6337.0|8489.0|8969.0|10721.0|13194.0|15798.0|18823.0|19955.0
 2014|F5499|55-59|W|GER|6306|319|1960.0|3946.0|5963.0|8218.0|8812.0|10725.0|13325.0|15961.0|18787.0|19951.0
 2014|F6257|40-44|W|GER|6305|1161|2064.0|4246.0|6540.0|8689.0|9312.0|11124.0|13516.0|16114.0|18855.0|19950.0
 2014|F4858|50-54|W|SLO|6303|724|1959.0|4318.0|6408.0|8599.0|9214.0|11214.0|13805.0|16205.0|18919.0|19949.0
 2014|F675|35-39|W|SWE|6303|943|1982.0|4129.0|6359.0|8610.0|9197.0|11090.0|13456.0|15997.0|18863.0|19949.0
 2014|F8931|40-44|W|NED|6302|1160|2123.0|4286.0|6465.0|8570.0|9040.0|10766.0|13258.0|15865.0|18728.0|19944.0
 2014|F4848|50-54|W|GER|6301|723|2051.0|4113.0|6234.0|8468.0|8975.0|10933.0|13470.0|16191.0|18816.0|19938.0
 2014|F1754|H|W|FRA|6300|864|1950.0|3932.0|6011.0|8261.0|8746.0|10662.0|13466.0|16146.0|18873.0|19937.0
 2014|F6373|H|W|GER|6299|863|2050.0|4160.0|6368.0|8605.0|9137.0|10949.0|13370.0|16046.0|18782.0|19935.0
 2014|F5444|35-39|W|RSA|6298|942|1975.0|3999.0|6065.0|8260.0|8702.0|10545.0|13080.0|15849.0|18740.0|19934.0
 2014|F9568|55-59|W|GER|6297|318|2015.0|4065.0|6138.0|8307.0|8880.0|10963.0|13662.0|16179.0|18912.0|19933.0
 2014|F3005|35-39|W|SUI|6296|941|2152.0|4317.0|6487.0|8673.0|9158.0|11214.0|13587.0|16270.0|18821.0|19933.0
 2014|F5489|55-59|W|GER|6295|317|2001.0|4014.0|6050.0|8085.0|8536.0|NaN|13055.0|15546.0|18588.0|19932.0
 2014|F6470|50-54|W|GER|6294|722|2165.0|4309.0|6465.0|8659.0|9152.0|10999.0|13576.0|16176.0|18896.0|19931.0
 2014|F8246|40-44|W|GBR|6293|1159|2085.0|4133.0|6402.0|8504.0|8976.0|10799.0|13242.0|15971.0|18964.0|19927.0
 2014|F1652|H|W|MEX|6292|862|2157.0|4317.0|6579.0|8839.0|9339.0|11203.0|13751.0|16222.0|18811.0|19926.0
 2014|F1879|30-34|W|GER|6291|971|2138.0|4341.0|6690.0|9019.0|9597.0|11697.0|14399.0|16736.0|19069.0|19925.0
 2014|F3974|30-34|W|GER|6290|970|2187.0|4364.0|6569.0|8791.0|9277.0|11110.0|13626.0|16141.0|18742.0|19921.0
 2014|F7385|40-44|W|DEN|6289|1158|1782.0|3580.0|5683.0|7814.0|8298.0|10504.0|13141.0|16045.0|18852.0|19916.0
 2014|F5014|55-59|W|GER|6288|316|2067.0|4375.0|6424.0|8623.0|9077.0|10977.0|13499.0|16274.0|18909.0|19914.0
 2014|F6382|45-49|W|GER|6287|1137|2146.0|4341.0|6724.0|8874.0|9362.0|11144.0|13456.0|16035.0|18796.0|19913.0
 2014|F7079|30-34|W|GER|6286|969|2119.0|4152.0|6191.0|8311.0|8777.0|10490.0|12974.0|15623.0|18627.0|19906.0
 2014|F6486|35-39|W|JPN|6285|940|2099.0|4132.0|6413.0|8540.0|9021.0|10895.0|13443.0|16018.0|18880.0|19895.0
 2014|F3436|55-59|W|GER|6284|315|2136.0|4310.0|6478.0|8673.0|9291.0|11088.0|13645.0|16122.0|18829.0|19883.0
 2014|F7889|55-59|W|GER|6283|314|2124.0|4325.0|6563.0|8816.0|9333.0|11301.0|13749.0|16218.0|18803.0|19876.0
 2014|F3183|50-54|W|KOR|6282|721|2132.0|4132.0|6191.0|8350.0|8864.0|10706.0|13382.0|15982.0|18734.0|19871.0
 2014|F9505|30-34|W|RUS|6281|968|1993.0|4018.0|6153.0|8469.0|8967.0|11069.0|13606.0|16202.0|18852.0|19870.0
 2014|F2900|50-54|W|DEN|6280|720|2137.0|4408.0|6742.0|9056.0|9550.0|11571.0|13898.0|16336.0|18843.0|19864.0
 2014|F1808|35-39|W|MEX|6279|939|1999.0|3940.0|5916.0|7969.0|8423.0|10097.0|12470.0|14950.0|18412.0|19858.0
 2014|F9469|35-39|W|CHN|6278|938|2065.0|4150.0|6318.0|8553.0|9078.0|10982.0|13495.0|16076.0|18799.0|19856.0
 2014|F2038|40-44|W|ECU|6277|1157|2137.0|4260.0|6404.0|8619.0|9105.0|10825.0|13320.0|15990.0|18692.0|19852.0
 2014|F3732|H|W|GER|6276|861|1871.0|4309.0|6331.0|8429.0|8982.0|10874.0|13568.0|16128.0|18698.0|19845.0
 2014|F1867|50-54|W|GBR|6275|719|2130.0|4293.0|6543.0|8669.0|9269.0|11369.0|14243.0|16494.0|18872.0|19845.0
 2014|F5863|30-34|W|UKR|6274|967|1800.0|3685.0|5847.0|8179.0|8707.0|10724.0|13548.0|16116.0|18806.0|19840.0
 2014|F7421|35-39|W|DEN|6273|937|1900.0|4431.0|6468.0|8510.0|8977.0|10929.0|13373.0|15937.0|18653.0|19839.0
 2014|F8084|45-49|W|GER|6272|1136|2162.0|4332.0|6556.0|8819.0|9325.0|11221.0|13732.0|16161.0|18763.0|19833.0
 2014|F4550|30-34|W|GBR|6271|966|2086.0|4336.0|6803.0|9103.0|9633.0|11500.0|13962.0|16332.0|18738.0|19822.0
 2014|F400|45-49|W|FRA|6270|1135|1976.0|4033.0|6070.0|8173.0|8625.0|10463.0|12978.0|15877.0|18810.0|19819.0
 2014|F3311|45-49|W|NED|6269|1134|2185.0|4376.0|6547.0|8795.0|9291.0|11278.0|13826.0|16292.0|18773.0|19811.0
 2014|F883|H|W|DEN|6268|860|1715.0|3576.0|5619.0|7776.0|8271.0|10239.0|13178.0|15900.0|18683.0|19810.0
 2014|F3828|30-34|W|MEX|6267|965|1803.0|3721.0|5840.0|8442.0|8942.0|11160.0|13606.0|16181.0|18785.0|19801.0
 2014|F1682|35-39|W|ITA|6266|936|2157.0|4255.0|6376.0|8531.0|9025.0|10820.0|13259.0|15819.0|18644.0|19801.0
 2014|F8558|45-49|W|GER|6265|1133|1872.0|3807.0|6047.0|8083.0|8658.0|10455.0|13208.0|16062.0|18842.0|19800.0
 2014|F362|55-59|W|GER|6264|313|2159.0|4336.0|6728.0|8906.0|9418.0|11246.0|13646.0|16139.0|18734.0|19798.0
 2014|F8472|40-44|W|NED|6263|1156|2077.0|4193.0|6374.0|8619.0|9128.0|10990.0|13462.0|16076.0|18768.0|19798.0
 2014|F7501|55-59|W|ECU|6262|312|2090.0|4260.0|6494.0|8778.0|9284.0|11215.0|13815.0|16242.0|18741.0|19797.0
 2014|F9466|H|W|CHN|6261|859|2081.0|4190.0|6348.0|8479.0|9014.0|10833.0|13215.0|15824.0|18595.0|19792.0
 2014|F8113|50-54|W|GER|6260|718|2192.0|4433.0|6670.0|9058.0|9560.0|11354.0|13748.0|16378.0|18797.0|19782.0
 2014|F5919|55-59|W|GER|6259|311|1815.0|3751.0|5969.0|8327.0|8839.0|10865.0|13483.0|16067.0|18692.0|19782.0
 2014|F3817|40-44|W|GBR|6258|1155|2047.0|4088.0|6154.0|8374.0|8861.0|10903.0|13390.0|15868.0|18574.0|19779.0
 2014|F3476|50-54|W|USA|6257|717|2088.0|4551.0|6808.0|9072.0|9552.0|11550.0|14172.0|16445.0|18809.0|19778.0
 2014|F898|45-49|W|USA|6256|1132|2109.0|4328.0|6617.0|8829.0|9332.0|11245.0|13660.0|16146.0|18719.0|19775.0
 2014|F2746|45-49|W|FRA|6255|1131|2202.0|4503.0|6693.0|8965.0|9449.0|11353.0|13799.0|16288.0|18712.0|19772.0
 2014|F4093|40-44|W|FRA|6254|1154|2201.0|4501.0|6692.0|8890.0|9368.0|11181.0|13635.0|16271.0|18711.0|19771.0
 2014|F1964|30-34|W|BEL|6253|964|2034.0|4136.0|6277.0|8463.0|8956.0|10884.0|13421.0|16004.0|18640.0|19770.0
 2014|F1809|45-49|W|USA|6252|1130|1947.0|3989.0|6188.0|8295.0|8899.0|10743.0|13309.0|15831.0|18695.0|19769.0
 2014|F4654|40-44|W|GER|6251|1153|2108.0|4370.0|6625.0|8883.0|9402.0|11298.0|13789.0|16350.0|18805.0|19768.0
 2014|F1282|50-54|W|MEX|6250|716|1979.0|4018.0|6100.0|8259.0|8736.0|10618.0|13124.0|15736.0|18583.0|19767.0
 2014|F1497|45-49|W|USA|6249|1129|2012.0|4090.0|6291.0|8598.0|9157.0|11043.0|13522.0|16120.0|18778.0|19767.0
 2014|F3670|45-49|W|GER|6248|1128|2094.0|4276.0|6507.0|8847.0|9389.0|11307.0|13609.0|15972.0|18595.0|19765.0
 2014|F3671|H|W|GER|6247|858|2094.0|4276.0|6507.0|8847.0|9389.0|11336.0|13648.0|15972.0|18595.0|19765.0
 2014|F4366|H|W|GER|6246|857|2357.0|4721.0|7093.0|9466.0|10008.0|11818.0|14121.0|16378.0|18784.0|19761.0
 2014|F269|75-79|W|GER|6245|2|2050.0|4202.0|6393.0|8643.0|9117.0|11087.0|13557.0|15990.0|18623.0|19751.0
 2014|F6620|30-34|W|GBR|6244|963|2277.0|4639.0|6985.0|9324.0|10079.0|11958.0|14271.0|16510.0|18798.0|19748.0
 2014|F1079|45-49|W|MAR|6243|1127|2120.0|4340.0|6483.0|8765.0|9311.0|11224.0|13660.0|16069.0|18630.0|19742.0
 2014|F1056|45-49|W|MAR|6242|1126|2119.0|4340.0|6481.0|8767.0|9311.0|11208.0|13636.0|16068.0|18630.0|19742.0
 2014|F2706|45-49|W|GER|6241|1125|2006.0|4093.0|6254.0|8575.0|9103.0|10977.0|13429.0|16125.0|18750.0|19738.0
 2014|F2611|50-54|W|DEN|6240|715|1944.0|3937.0|6051.0|8476.0|9004.0|10972.0|13446.0|15919.0|18682.0|19738.0
 2014|F349|55-59|W|GER|6239|310|2044.0|4078.0|6094.0|8131.0|8577.0|10271.0|12615.0|15237.0|18341.0|19737.0
 2014|F5357|35-39|W|DEN|6238|935|2049.0|4181.0|6437.0|8868.0|9334.0|11384.0|14148.0|16568.0|18825.0|19730.0
 2014|F7360|45-49|W|GBR|6237|1124|2130.0|4506.0|6747.0|8973.0|9465.0|11334.0|13828.0|16290.0|18818.0|19730.0
 2014|F738|40-44|W|GBR|6236|1152|2130.0|4506.0|6747.0|8977.0|9465.0|11352.0|13829.0|16288.0|18818.0|19729.0
 2014|F6672|40-44|W|GER|6235|1151|2272.0|4350.0|6645.0|8871.0|9384.0|11355.0|14033.0|16360.0|18749.0|19728.0
 2014|F3789|50-54|W|NOR|6234|714|2146.0|4506.0|7031.0|9329.0|9826.0|11625.0|13956.0|16306.0|18712.0|19726.0
 2014|F3794|H|W|GBR|6233|856|1953.0|3998.0|6184.0|8459.0|8998.0|10963.0|13525.0|16049.0|18702.0|19725.0
 2014|F8122|45-49|W|DEN|6232|1123|2100.0|4260.0|6479.0|8577.0|9055.0|10935.0|13528.0|16189.0|18621.0|19720.0
 2014|F8121|H|W|DEN|6231|855|2101.0|4258.0|6362.0|8529.0|8956.0|10935.0|13208.0|15657.0|18620.0|19720.0
 2014|F8920|55-59|W|MEX|6230|309|2064.0|4226.0|6330.0|8527.0|9180.0|10924.0|13379.0|16007.0|18639.0|19720.0
 2014|F436|45-49|W|DEN|6229|1122|1883.0|3875.0|6076.0|8335.0|8851.0|10828.0|13383.0|15966.0|18684.0|19718.0
 2014|F537|45-49|W|CAN|6228|1121|2029.0|4269.0|6627.0|8761.0|9230.0|11028.0|13398.0|15986.0|18657.0|19717.0
 2014|F1591|30-34|W|GBR|6227|962|2061.0|4274.0|6420.0|8709.0|9303.0|11306.0|13884.0|16180.0|18649.0|19715.0
 2014|F4555|45-49|W|GER|6226|1120|2052.0|4118.0|6197.0|8313.0|8779.0|10491.0|12813.0|15389.0|18502.0|19708.0
 2014|F6739|H|W|RUS|6225|854|1999.0|4243.0|6334.0|8460.0|8928.0|10802.0|13196.0|15643.0|18698.0|19708.0
 2014|F7983|35-39|W|CRC|6224|934|2264.0|4580.0|6888.0|9200.0|9704.0|11526.0|13877.0|16265.0|18692.0|19707.0
 2014|F7984|40-44|W|CRC|6223|1150|2264.0|4580.0|6888.0|9200.0|9704.0|11525.0|13876.0|16263.0|18692.0|19706.0
 2014|F1993|55-59|W|FRA|6222|308|2146.0|4422.0|6783.0|9134.0|9657.0|11564.0|14060.0|16494.0|18816.0|19705.0
 2014|F342|55-59|W|GER|6221|307|1929.0|3992.0|6106.0|8312.0|8797.0|10682.0|13359.0|15889.0|18543.0|19704.0
 2014|F2179|55-59|W|USA|6220|306|2054.0|4212.0|6410.0|8728.0|9224.0|11198.0|13611.0|16076.0|18572.0|19704.0
 2014|F8751|40-44|W|USA|6219|1149|2281.0|4624.0|6834.0|8931.0|9392.0|11261.0|13602.0|16074.0|18571.0|19702.0
 2014|F4476|35-39|W|POL|6218|933|2318.0|4502.0|6835.0|9136.0|9612.0|11500.0|13801.0|16216.0|18718.0|19701.0
 2014|F5412|JA|W|GER|6217|22|2153.0|4320.0|6720.0|8870.0|9351.0|11121.0|13526.0|16197.0|18639.0|19694.0
 2014|F8893|H|W|BEL|6216|853|2153.0|4532.0|6722.0|8911.0|9433.0|11195.0|13517.0|15950.0|18563.0|19686.0
 2014|F8740|30-34|W|ITA|6215|961|2107.0|4260.0|6549.0|8786.0|9282.0|11029.0|13359.0|15886.0|18550.0|19684.0
 2014|F8186|35-39|W|INA|6214|932|2210.0|4670.0|7006.0|9320.0|9809.0|11697.0|14045.0|16360.0|18705.0|19682.0
 2014|F2178|40-44|W|USA|6213|1148|1861.0|3847.0|5935.0|8129.0|8583.0|10401.0|12830.0|15626.0|18507.0|19680.0
 2014|F7636|50-54|W|TUR|6212|713|2031.0|4157.0|6426.0|8787.0|9292.0|11324.0|13770.0|16209.0|18654.0|19678.0
 2014|F3751|60-64|W|TUR|6211|121|2031.0|4157.0|6426.0|8787.0|9292.0|11322.0|13771.0|16208.0|18654.0|19677.0
 2014|F3366|H|W|TUR|6210|852|2030.0|4157.0|6426.0|8787.0|9291.0|11320.0|13770.0|16208.0|18654.0|19677.0
 2014|F9181|30-34|W|USA|6209|960|1926.0|4151.0|6156.0|8253.0|8715.0|10616.0|13051.0|15607.0|18427.0|19671.0
 2014|F3442|H|W|GER|6208|851|2366.0|4685.0|6965.0|9238.0|9730.0|11602.0|13999.0|16487.0|18789.0|19666.0
 2014|F8377|40-44|W|ITA|6207|1147|2077.0|4208.0|6381.0|8506.0|8988.0|10785.0|13145.0|15628.0|18595.0|19662.0
 2014|F8376|45-49|W|ITA|6206|1119|2076.0|4208.0|6380.0|8505.0|8988.0|10785.0|13145.0|15628.0|18595.0|19661.0
 2014|F3031|35-39|W|AUT|6205|931|2223.0|4493.0|6781.0|9057.0|9578.0|11527.0|13904.0|16266.0|18691.0|19659.0
 2014|F7000|40-44|W|GER|6204|1146|1931.0|4097.0|6194.0|8380.0|8850.0|10742.0|13420.0|15817.0|18595.0|19656.0
 2014|F4068|30-34|W|FIN|6203|959|2050.0|4159.0|6693.0|9045.0|9520.0|11244.0|13810.0|16389.0|18717.0|19655.0
 2014|F3324|55-59|W|NED|6201|305|2185.0|4479.0|6809.0|9113.0|9610.0|11426.0|13753.0|16143.0|18589.0|19654.0
 2014|F6147|35-39|W|GER|6201|930|1904.0|4085.0|6333.0|8612.0|9089.0|11021.0|13606.0|16094.0|18587.0|19654.0
 2014|F5193|35-39|W|ROU|6200|929|2095.0|4448.0|6520.0|8850.0|9362.0|11332.0|13585.0|16141.0|18648.0|19654.0
 2014|F1180|55-59|W|GER|6199|304|2054.0|4401.0|6642.0|8891.0|9388.0|11375.0|13746.0|16172.0|18657.0|19653.0
 2014|F4910|50-54|W|USA|6198|712|2099.0|4295.0|6485.0|8758.0|9264.0|11225.0|13626.0|16103.0|18570.0|19644.0
 2014|F5570|30-34|W|GBR|6197|958|1807.0|3911.0|5781.0|7627.0|8191.0|9740.0|12246.0|15045.0|18244.0|19644.0
 2014|F9447|30-34|W|INA|6196|957|2031.0|4112.0|6173.0|8255.0|8742.0|10540.0|13136.0|15473.0|18489.0|19644.0
 2014|F6600|H|W|NOR|6195|850|2160.0|4790.0|7091.0|9398.0|9934.0|11680.0|13973.0|16305.0|18629.0|19641.0
 2014|F7927|50-54|W|GER|6194|711|2111.0|4230.0|6385.0|8580.0|9054.0|10874.0|13317.0|15862.0|18498.0|19636.0
 2014|F5741|35-39|W|ITA|6193|928|2068.0|4215.0|6431.0|8564.0|9026.0|10873.0|13416.0|15937.0|18650.0|19630.0
 2014|F5986|50-54|W|GBR|6192|710|2189.0|4485.0|6832.0|8991.0|9458.0|11232.0|13559.0|15930.0|18436.0|19630.0
 2014|F1491|40-44|W|GBR|6191|1145|1964.0|4090.0|6253.0|8450.0|8972.0|10794.0|13356.0|15844.0|18588.0|19628.0
 2014|F9685|35-39|W|NED|6190|927|1998.0|3967.0|5973.0|8190.0|8670.0|10520.0|13265.0|15867.0|18558.0|19628.0
 2014|F5347|H|W|FIN|6189|849|2141.0|4308.0|6474.0|8680.0|9175.0|11056.0|13561.0|16149.0|18642.0|19626.0
 2014|F4115|H|W|FIN|6188|848|2141.0|4308.0|6474.0|8679.0|9175.0|11056.0|13561.0|16149.0|18642.0|19626.0
 2014|F8938|40-44|W|GER|6187|1144|2272.0|4510.0|6763.0|8962.0|9470.0|11296.0|13635.0|16110.0|18588.0|19625.0
 2014|F9470|35-39|W|CHN|6186|926|2205.0|4669.0|6834.0|8972.0|9473.0|11213.0|13606.0|16040.0|18592.0|19624.0
 2014|F4991|30-34|W|GER|6185|956|2115.0|4473.0|6910.0|9300.0|9819.0|11656.0|14077.0|16461.0|18721.0|19624.0
 2014|F4133|35-39|W|GER|6184|925|2280.0|4621.0|6918.0|9223.0|9709.0|11464.0|13737.0|16071.0|18526.0|19622.0
 2014|F7240|45-49|W|AUS|6183|1118|2032.0|4183.0|6336.0|8534.0|9016.0|10774.0|13178.0|15763.0|18507.0|19621.0
 2014|F6741|35-39|W|NED|6182|924|2047.0|4137.0|6325.0|8510.0|9134.0|10994.0|13433.0|15955.0|18518.0|19614.0
 2014|F5824|45-49|W|IRL|6181|1117|2118.0|4294.0|6521.0|8777.0|9284.0|11212.0|13704.0|16116.0|18632.0|19608.0
 2014|F4814|45-49|W|RUS|6180|1116|2187.0|4335.0|6484.0|8686.0|9193.0|11002.0|13504.0|16005.0|18586.0|19608.0
 2014|F4455|55-59|W|FIN|6179|303|1915.0|3882.0|5998.0|8219.0|8730.0|10609.0|13072.0|15666.0|18417.0|19608.0
 2014|F4771|30-34|W|GER|6178|955|2148.0|4287.0|6479.0|8784.0|9401.0|11162.0|13581.0|16009.0|18552.0|19605.0
 2014|F545|45-49|W|SUI|6177|1115|2239.0|4477.0|6687.0|8945.0|9422.0|11210.0|13604.0|15990.0|18593.0|19603.0
 2014|F8404|40-44|W|DEN|6176|1143|1829.0|3627.0|5508.0|7455.0|7987.0|9757.0|12376.0|15360.0|18208.0|19602.0
 2014|F1343|55-59|W|FRA|6175|302|2185.0|4456.0|6715.0|9112.0|9644.0|11656.0|14210.0|16634.0|18704.0|19602.0
 2014|F8868|60-64|W|DEN|6174|120|1990.0|4030.0|6089.0|8178.0|8653.0|10430.0|12998.0|15682.0|18405.0|19601.0
 2014|F7858|30-34|W|GER|6172|954|2006.0|4273.0|6282.0|8506.0|8960.0|10964.0|13653.0|16158.0|18775.0|19598.0
 2014|F7850|35-39|W|GER|6172|923|2005.0|4273.0|6282.0|8506.0|8960.0|10964.0|13653.0|16158.0|18775.0|19598.0
 2014|F3042|40-44|W|GER|6171|1142|2083.0|4263.0|6408.0|8625.0|9099.0|10856.0|13465.0|15804.0|18366.0|19594.0
 2014|F6839|H|W|GBR|6170|847|2240.0|4472.0|6673.0|8902.0|9372.0|11168.0|13546.0|16076.0|18596.0|19593.0
 2014|F3506|40-44|W|GER|6168|1140|2175.0|4282.0|6417.0|8593.0|9093.0|10884.0|13697.0|16157.0|18583.0|19590.0
 2014|F3507|40-44|W|GER|6168|1140|2175.0|4282.0|6417.0|8593.0|9093.0|10884.0|13697.0|16157.0|18583.0|19590.0
 2014|F8037|50-54|W|KOR|6167|709|2109.0|4225.0|6343.0|8488.0|8980.0|10717.0|13220.0|15781.0|18485.0|19584.0
 2014|F4286|60-64|W|SWE|6165|119|2080.0|4193.0|6722.0|9006.0|9475.0|11332.0|13732.0|16186.0|18630.0|19582.0
 2014|F2091|40-44|W|DEN|6165|1139|2178.0|4453.0|6645.0|8882.0|9382.0|11175.0|13513.0|15943.0|18479.0|19582.0
 2014|F7888|H|W|GER|6164|846|2018.0|4139.0|6285.0|8542.0|9105.0|10913.0|13245.0|15683.0|18477.0|19582.0
 2014|F4634|40-44|W|AUS|6163|1138|1977.0|4143.0|6510.0|8678.0|9162.0|10996.0|13723.0|16188.0|18607.0|19580.0
 2014|F6364|40-44|W|DEN|6162|1137|2088.0|4271.0|6458.0|8663.0|9149.0|10923.0|13621.0|16014.0|18569.0|19579.0
 2014|F2381|45-49|W|ISR|6161|1114|2168.0|4413.0|6673.0|9057.0|9546.0|11468.0|13783.0|16128.0|18551.0|19577.0
 2014|F5210|30-34|W|GER|6160|953|2049.0|4124.0|6224.0|8375.0|8872.0|10894.0|13496.0|16069.0|18575.0|19576.0
 2014|F8082|45-49|W|CAN|6159|1113|2039.0|4085.0|6152.0|8307.0|8850.0|10717.0|13141.0|15715.0|18454.0|19561.0
 2014|F5204|H|W|CHI|6158|845|1869.0|3736.0|5632.0|7675.0|8264.0|10136.0|12839.0|15415.0|18438.0|19558.0
 2014|F1775|45-49|W|SLO|6157|1112|2021.0|4227.0|6459.0|8728.0|9225.0|11026.0|13548.0|16033.0|18550.0|19556.0
 2014|F5879|45-49|W|GER|6156|1111|1962.0|4010.0|6086.0|8207.0|8677.0|10398.0|13045.0|15527.0|18341.0|19542.0
 2014|F1887|H|W|USA|6155|844|2037.0|4187.0|6451.0|8622.0|9179.0|11026.0|13574.0|16019.0|18424.0|19539.0
 2014|F9166|40-44|W|GER|6154|1136|1856.0|3733.0|5600.0|7521.0|7978.0|9647.0|12702.0|15237.0|18208.0|19526.0
 2014|F3097|30-34|W|USA|6153|952|2370.0|5054.0|8040.0|10938.0|11516.0|NaN|NaN|14590.0|18080.0|19524.0
 2014|F5199|45-49|W|DEN|6152|1110|2025.0|4270.0|6453.0|8701.0|9245.0|11095.0|13691.0|16093.0|18581.0|19522.0
 2014|F5463|55-59|W|USA|6151|301|1921.0|3936.0|6204.0|8422.0|8897.0|10829.0|13409.0|15923.0|18469.0|19519.0
 2014|F1170|50-54|W|GER|6150|708|2072.0|4115.0|6165.0|8223.0|8666.0|10497.0|13235.0|15886.0|18463.0|19518.0
 2014|F2855|50-54|W|FRA|6149|707|1977.0|4333.0|6880.0|8946.0|9730.0|11452.0|13978.0|16080.0|18631.0|19514.0
 2014|F4784|40-44|W|ISR|6148|1135|2168.0|4413.0|6674.0|8935.0|9500.0|11459.0|13772.0|16090.0|18514.0|19513.0
 2014|F4407|35-39|W|GER|6147|922|2039.0|4159.0|6285.0|8452.0|8944.0|10742.0|13215.0|15788.0|18424.0|19512.0
 2014|F1896|60-64|W|USA|6146|118|2098.0|4270.0|6490.0|8737.0|9218.0|11130.0|13584.0|15964.0|18485.0|19504.0
 2014|F6282|40-44|W|GER|6145|1134|1886.0|3820.0|5802.0|7842.0|8330.0|10028.0|12483.0|15388.0|18390.0|19500.0
 2014|F5624|H|W|POL|6144|843|2070.0|4599.0|6729.0|8867.0|9320.0|11174.0|13493.0|15811.0|18535.0|19499.0
 2014|F1338|45-49|W|DEN|6143|1109|2075.0|4154.0|6323.0|8579.0|9073.0|10933.0|13381.0|15900.0|18447.0|19499.0
 2014|F2368|45-49|W|CAN|6142|1108|2179.0|4349.0|6440.0|8603.0|9065.0|10721.0|12859.0|15271.0|18339.0|19497.0
 2014|F6558|H|W|CAN|6141|842|2179.0|4349.0|6440.0|8603.0|9065.0|10721.0|12860.0|15271.0|18339.0|19497.0
 2014|F4354|60-64|W|GER|6140|117|1985.0|4006.0|6017.0|8119.0|8559.0|10352.0|12908.0|15542.0|18417.0|19495.0
 2014|F3938|60-64|W|NOR|6139|116|2196.0|4511.0|6811.0|9088.0|9587.0|11359.0|13680.0|16002.0|18466.0|19494.0
 2014|F8467|45-49|W|GER|6137|1106|2301.0|4737.0|7068.0|9318.0|9833.0|11640.0|13953.0|16291.0|18559.0|19490.0
 2014|F9452|45-49|W|TPE|6137|1106|1924.0|3939.0|6012.0|8175.0|8594.0|10406.0|12870.0|15773.0|18479.0|19490.0
 2014|F2055|50-54|W|SUI|6136|706|2372.0|4679.0|6959.0|9171.0|9659.0|11498.0|13873.0|16188.0|18518.0|19487.0
 2014|F3607|30-34|W|GBR|6135|951|2062.0|4119.0|6458.0|8807.0|9253.0|11052.0|13327.0|15842.0|18658.0|19487.0
 2014|F4409|45-49|W|GER|6134|1105|2141.0|4347.0|7000.0|9196.0|9679.0|11454.0|13762.0|16043.0|18434.0|19483.0
 2014|F3957|50-54|W|GER|6133|705|2050.0|4195.0|6456.0|8650.0|9129.0|10915.0|13381.0|16101.0|18535.0|19483.0
 2014|F4795|H|W|RUS|6132|841|2041.0|4127.0|6304.0|8458.0|8940.0|11012.0|13385.0|15896.0|18410.0|19483.0
 2014|F3985|35-39|W|GBR|6131|921|2107.0|4374.0|6747.0|9086.0|9592.0|11512.0|13927.0|16135.0|18575.0|19481.0
 2014|F1472|45-49|W|SUI|6130|1104|2237.0|4568.0|6901.0|9242.0|9759.0|11566.0|13906.0|16213.0|18507.0|19477.0
 2014|F7219|45-49|W|GER|6129|1103|2065.0|4183.0|6325.0|8485.0|9025.0|10821.0|13236.0|15856.0|18409.0|19470.0
 2014|F2171|45-49|W|BEL|6128|1102|2302.0|4573.0|6845.0|9080.0|9553.0|11344.0|13679.0|15945.0|18444.0|19466.0
 2014|F3530|50-54|W|DEN|6127|704|2138.0|4382.0|6656.0|8980.0|9484.0|11278.0|13562.0|15897.0|18382.0|19459.0
 2014|F3432|40-44|W|ISL|6126|1133|2006.0|4135.0|6290.0|8472.0|8950.0|10859.0|13435.0|15936.0|18458.0|19456.0
 2014|F3072|30-34|W|CAN|6125|950|1962.0|3992.0|6028.0|8202.0|8673.0|10517.0|13010.0|15621.0|18365.0|19452.0
 2014|F6283|55-59|W|GER|6124|300|2177.0|4401.0|6638.0|8846.0|9323.0|11039.0|13352.0|15784.0|18383.0|19450.0
 2014|F9534|30-34|W|GER|6123|949|1745.0|3555.0|5433.0|7576.0|8096.0|10566.0|13393.0|16008.0|18517.0|19439.0
 2014|F9560|40-44|W|GER|6122|1132|1901.0|3792.0|5698.0|7810.0|8270.0|10173.0|12816.0|15629.0|18342.0|19435.0
 2014|F3890|55-59|W|GBR|6121|299|2095.0|4195.0|6289.0|8461.0|8947.0|10744.0|13097.0|15527.0|18221.0|19434.0
 2014|F5078|50-54|W|FIN|6120|703|2046.0|4183.0|6294.0|8450.0|8909.0|10635.0|12965.0|15400.0|18243.0|19433.0
 2014|F8763|45-49|W|FRA|6119|1101|1979.0|4020.0|6091.0|8242.0|8717.0|10489.0|12907.0|15784.0|18352.0|19432.0
 2014|F686|35-39|W|GER|6118|920|2126.0|4291.0|6506.0|8737.0|9282.0|11188.0|13826.0|16126.0|18492.0|19430.0
 2014|F4999|50-54|W|GER|6117|702|1984.0|4032.0|6140.0|8253.0|8736.0|10629.0|13067.0|15608.0|18267.0|19429.0
 2014|F289|60-64|W|GER|6116|115|2051.0|4171.0|6331.0|8513.0|8967.0|10818.0|13224.0|15668.0|18306.0|19427.0
 2014|F5772|45-49|W|GER|6115|1100|1932.0|3922.0|5964.0|8080.0|8568.0|10463.0|13120.0|15643.0|18294.0|19420.0
 2014|F4247|40-44|W|DEN|6114|1131|2077.0|4302.0|6347.0|8367.0|8880.0|10595.0|12906.0|15506.0|18362.0|19419.0
 2014|F1446|H|W|AUS|6113|840|1894.0|3970.0|6171.0|8474.0|8964.0|10819.0|13221.0|15630.0|18344.0|19417.0
 2014|F4835|H|W|RUS|6112|839|1933.0|4032.0|6087.0|8505.0|8979.0|10726.0|13195.0|15945.0|18565.0|19416.0
 2014|F8415|30-34|W|GRE|6111|948|2109.0|4072.0|6096.0|8225.0|8712.0|10730.0|13116.0|15647.0|18349.0|19411.0
 2014|F8523|45-49|W|TPE|6110|1099|1940.0|3991.0|6073.0|8277.0|8959.0|10782.0|13468.0|15951.0|18479.0|19410.0
 2014|F7051|45-49|W|GBR|6109|1098|1963.0|3982.0|6053.0|8160.0|8623.0|10357.0|12778.0|15674.0|18233.0|19410.0
 2014|F6473|45-49|W|USA|6108|1097|1770.0|3476.0|5219.0|7046.0|7442.0|8957.0|11408.0|14746.0|18148.0|19409.0
 2014|F9459|35-39|W|DEN|6107|919|2112.0|4461.0|6628.0|8918.0|9411.0|11224.0|13667.0|16101.0|18408.0|19409.0
 2014|F1202|35-39|W|GBR|6106|918|2071.0|4095.0|6144.0|8242.0|8724.0|10591.0|13175.0|15746.0|18387.0|19403.0
 2014|F8019|30-34|W|GBR|6105|947|0.0|0.0|0.0|0.0|8940.0|NaN|NaN|NaN|NaN|19402.0
 2014|F5085|50-54|W|GER|6104|701|2067.0|4184.0|6357.0|8562.0|9047.0|10815.0|13159.0|15495.0|18171.0|19402.0
 2014|F3996|50-54|W|GBR|6103|700|2074.0|4175.0|6340.0|8483.0|8937.0|10694.0|13160.0|15786.0|18307.0|19398.0
 2014|F9418|30-34|W|USA|6102|946|2291.0|4947.0|7248.0|9418.0|9895.0|11648.0|13990.0|16185.0|18454.0|19396.0
 2014|F4561|40-44|W|USA|6101|1130|1723.0|3488.0|5623.0|7379.0|7799.0|10209.0|12974.0|15771.0|18543.0|19395.0
 2014|F4497|40-44|W|GER|6100|1129|2013.0|4071.0|6146.0|8316.0|8825.0|10820.0|13258.0|15774.0|18348.0|19395.0
 2014|F7270|H|W|GER|6099|838|2160.0|4296.0|6493.0|8791.0|9289.0|11072.0|13540.0|15934.0|18398.0|19392.0
 2014|F2760|30-34|W|GBR|6098|945|2010.0|4155.0|6329.0|8507.0|9034.0|10819.0|13175.0|15520.0|18153.0|19387.0
 2014|F9036|65-69|W|GER|6097|32|1993.0|4111.0|6233.0|8434.0|8900.0|10819.0|13264.0|15893.0|18369.0|19384.0
 2014|F9306|50-54|W|GER|6096|699|2013.0|4077.0|6327.0|8463.0|8969.0|10733.0|13199.0|15730.0|18369.0|19383.0
 2014|F8889|H|W|MEX|6095|837|1891.0|4124.0|6533.0|8657.0|9166.0|10944.0|13133.0|15723.0|18324.0|19381.0
 2014|F386|70-74|W|GER|6094|9|2121.0|4252.0|6432.0|8668.0|9161.0|10977.0|13339.0|15768.0|18282.0|19378.0
 2014|F7999|H|W|GBR|6093|836|2019.0|4089.0|6269.0|8462.0|8980.0|10993.0|13447.0|15859.0|18395.0|19378.0
 2014|F3216|50-54|W|GER|6092|698|1895.0|3787.0|5722.0|7609.0|8030.0|9793.0|12207.0|15040.0|17983.0|19376.0
 2014|F4301|30-34|W|USA|6091|944|2228.0|4565.0|7053.0|9420.0|9889.0|11700.0|14172.0|16535.0|18597.0|19372.0
 2014|F1662|H|W|GBR|6090|835|2013.0|4077.0|6338.0|8495.0|9009.0|10799.0|13315.0|15902.0|18454.0|19372.0
 2014|F1699|50-54|W|FRA|6089|697|1879.0|4056.0|5921.0|7797.0|8776.0|10588.0|13086.0|15677.0|18260.0|19370.0
 2014|F1501|45-49|W|GBR|6088|1096|2152.0|4371.0|6564.0|8763.0|9253.0|11057.0|13412.0|15805.0|18272.0|19367.0
 2014|F3723|70-74|W|GER|6087|8|1858.0|3820.0|5950.0|8250.0|8699.0|10634.0|13145.0|15673.0|18212.0|19361.0
 2014|F1293|60-64|W|NOR|6086|114|1911.0|3910.0|5944.0|8251.0|8709.0|10467.0|12934.0|15491.0|18285.0|19361.0
 2014|F1677|35-39|W|ITA|6085|917|1944.0|3929.0|6015.0|8175.0|8731.0|10553.0|13004.0|15495.0|18177.0|19361.0
 2014|F3782|40-44|W|GBR|6084|1128|2072.0|4254.0|6595.0|8681.0|9189.0|10980.0|13423.0|15753.0|18263.0|19360.0
 2014|F1571|45-49|W|GER|6083|1095|1976.0|4084.0|6363.0|8622.0|9087.0|11059.0|13526.0|16050.0|18329.0|19360.0
 2014|F4254|45-49|W|GER|6082|1094|2139.0|4333.0|6620.0|8829.0|9297.0|11071.0|13468.0|15852.0|18342.0|19354.0
 2014|F1545|H|W|USA|6081|834|2081.0|4342.0|6493.0|8712.0|9231.0|11053.0|13415.0|15834.0|18323.0|19349.0
 2014|F7901|30-34|W|GER|6080|943|2132.0|4198.0|6298.0|8341.0|8802.0|10542.0|13203.0|15586.0|18296.0|19348.0
 2014|F5329|45-49|W|NED|6079|1093|1937.0|3855.0|5764.0|7736.0|8164.0|10115.0|12635.0|15497.0|18148.0|19347.0
 2014|F5676|40-44|W|GBR|6078|1127|1907.0|4037.0|6080.0|8154.0|8736.0|10698.0|13280.0|15743.0|18289.0|19341.0
 2014|F7145|H|W|RUS|6077|833|1988.0|4040.0|6066.0|8180.0|8654.0|10498.0|12996.0|15810.0|18342.0|19325.0
 2014|F4166|55-59|W|GER|6076|298|1998.0|4012.0|6070.0|8141.0|8582.0|10292.0|12855.0|15406.0|18182.0|19321.0
 2014|F4919|30-34|W|GER|6075|942|1870.0|3776.0|5723.0|7831.0|8294.0|10207.0|13044.0|15675.0|18160.0|19320.0
 2014|F5809|H|W|GBR|6074|832|1771.0|3673.0|5725.0|7855.0|8380.0|10290.0|12896.0|15494.0|18206.0|19318.0
 2014|F6834|35-39|W|GBR|6073|916|2107.0|4293.0|6442.0|8604.0|9179.0|10944.0|13248.0|15674.0|18173.0|19315.0
 2014|F4774|50-54|W|GER|6072|696|2114.0|4484.0|6735.0|9126.0|9621.0|11430.0|13805.0|16066.0|18358.0|19313.0
 2014|F8548|30-34|W|UZB|6071|941|1759.0|3649.0|5576.0|7747.0|8200.0|9935.0|12809.0|15675.0|18139.0|19313.0
 2014|F420|55-59|W|FRA|6070|297|2178.0|4453.0|6608.0|8803.0|9294.0|11068.0|13400.0|15868.0|18283.0|19311.0
 2014|F1246|35-39|W|NOR|6069|915|2091.0|4223.0|6557.0|8774.0|9260.0|11075.0|13418.0|15800.0|18228.0|19310.0
 2014|F3223|40-44|W|GER|6068|1126|2134.0|4507.0|6654.0|8969.0|9431.0|11155.0|13358.0|15649.0|18259.0|19309.0
 2014|F3410|60-64|W|GER|6067|113|2074.0|4216.0|6415.0|8654.0|9142.0|10948.0|13306.0|15673.0|18231.0|19308.0
 2014|F8172|55-59|W|CAN|6066|296|1848.0|3893.0|5995.0|8228.0|8715.0|10605.0|13083.0|15483.0|18107.0|19308.0
 2014|F9436|40-44|W|GBR|6065|1125|1973.0|4182.0|6422.0|8755.0|9274.0|11205.0|13572.0|15960.0|18292.0|19308.0
 2014|F2438|35-39|W|USA|6064|914|2095.0|4337.0|6494.0|8852.0|9358.0|11332.0|13585.0|16139.0|18495.0|19299.0
 2014|F7786|35-39|W|GER|6063|913|1730.0|3554.0|5484.0|7675.0|8177.0|10594.0|13281.0|15704.0|18246.0|19297.0
 2014|F1140|45-49|W|GER|6062|1092|1826.0|3729.0|5781.0|7943.0|8415.0|10321.0|12805.0|15432.0|18156.0|19296.0
 2014|F2180|55-59|W|AUT|6061|295|2092.0|4199.0|6325.0|8434.0|8952.0|10806.0|13143.0|15591.0|18163.0|19292.0
 2014|F7920|45-49|W|GER|6060|1091|1985.0|4038.0|6077.0|8136.0|8593.0|10418.0|12937.0|15545.0|18307.0|19292.0
 2014|F7822|45-49|W|DEN|6059|1090|1948.0|4291.0|6449.0|8643.0|9064.0|10841.0|NaN|16009.0|18301.0|19292.0
 2014|F9492|65-69|W|JPN|6058|31|2033.0|4017.0|6036.0|8153.0|8664.0|10930.0|13421.0|15947.0|18303.0|19289.0
 2014|F7892|55-59|W|GER|6057|294|1939.0|3991.0|6128.0|8352.0|8832.0|10693.0|13135.0|15665.0|18223.0|19289.0
 2014|F7694|35-39|W|USA|6056|912|1901.0|3930.0|6019.0|8198.0|8696.0|10553.0|13249.0|15881.0|18310.0|19285.0
 2014|F1941|35-39|W|GBR|6055|911|2092.0|4274.0|6444.0|8659.0|9192.0|10994.0|13403.0|15766.0|18284.0|19284.0
 2014|F4163|35-39|W|USA|6054|910|2120.0|4378.0|6686.0|9009.0|9513.0|11348.0|13678.0|15991.0|18318.0|19279.0
 2014|F5618|35-39|W|FRA|6053|909|1933.0|3865.0|5839.0|7895.0|8375.0|10183.0|12949.0|15537.0|18212.0|19277.0
 2014|F1764|40-44|W|GER|6052|1124|2236.0|4531.0|6765.0|8942.0|9439.0|11167.0|13405.0|15784.0|18239.0|19275.0
 2014|F5821|60-64|W|USA|6051|112|2155.0|4393.0|6719.0|9018.0|9509.0|11309.0|13657.0|16036.0|18314.0|19275.0
 2014|F1253|50-54|W|GER|6050|695|2023.0|4170.0|6400.0|8527.0|9010.0|10766.0|13239.0|15675.0|18213.0|19274.0
 2014|F1929|50-54|W|ITA|6048|694|2247.0|4522.0|6744.0|9057.0|9562.0|11433.0|13761.0|16042.0|18333.0|19270.0
 2014|F2325|45-49|W|GER|6048|1089|2042.0|4265.0|6482.0|8740.0|9374.0|11302.0|13756.0|16126.0|18376.0|19270.0
 2014|F2128|40-44|W|GBR|6047|1123|1966.0|4028.0|6149.0|8405.0|8882.0|10767.0|13231.0|15751.0|18299.0|19269.0
 2014|F5704|55-59|W|GBR|6046|293|1932.0|3955.0|6085.0|8239.0|8754.0|10695.0|13512.0|15937.0|18298.0|19269.0
 2014|F2849|30-34|W|BEL|6045|940|2056.0|4190.0|6359.0|8576.0|9072.0|10889.0|13233.0|15721.0|18243.0|19268.0
 2014|F423|50-54|W|GER|6044|693|2043.0|4162.0|6284.0|8474.0|8955.0|10730.0|13048.0|15713.0|18244.0|19268.0
 2014|F9345|30-34|W|GBR|6043|939|1902.0|3792.0|5756.0|7904.0|8397.0|10293.0|12902.0|15481.0|18168.0|19262.0
 2014|F3714|30-34|W|GBR|6042|938|2104.0|4263.0|6432.0|8674.0|9256.0|11044.0|13433.0|15832.0|18292.0|19261.0
 2014|F4996|55-59|W|SWE|6041|292|1912.0|3900.0|6090.0|8171.0|8684.0|10660.0|13255.0|15777.0|18283.0|19260.0
 2014|F5154|40-44|W|GBR|6040|1122|1823.0|3865.0|5787.0|7843.0|8349.0|10150.0|12782.0|15508.0|18107.0|19260.0
 2014|F9192|35-39|W|GER|6039|908|2019.0|4148.0|6497.0|8602.0|9071.0|10844.0|13275.0|15640.0|18203.0|19259.0
 2014|F8391|30-34|W|POL|6038|937|2014.0|4100.0|6165.0|8395.0|8849.0|10585.0|12851.0|15297.0|18019.0|19257.0
 2014|F1883|40-44|W|ITA|6037|1121|2177.0|4309.0|6424.0|8551.0|9015.0|10744.0|12938.0|15370.0|18148.0|19249.0
 2014|F5442|35-39|W|AUS|6036|907|1910.0|3898.0|5911.0|8073.0|8516.0|10525.0|13017.0|15569.0|18186.0|19244.0
 2014|F1370|30-34|W|SWE|6035|936|2272.0|4598.0|6974.0|9330.0|9856.0|11686.0|13988.0|16193.0|18408.0|19244.0
 2014|F2127|30-34|W|USA|6034|935|2318.0|4899.0|6950.0|8798.0|9224.0|10910.0|13408.0|15605.0|18173.0|19241.0
 2014|F8626|45-49|W|GER|6033|1088|2022.0|4111.0|6225.0|8450.0|8937.0|10867.0|13355.0|15789.0|18293.0|19241.0
 2014|F1194|45-49|W|GER|6032|1087|1906.0|3896.0|5958.0|8139.0|8634.0|10521.0|13040.0|15494.0|18146.0|19240.0
 2014|F1779|35-39|W|VEN|6031|906|2106.0|4309.0|6514.0|8699.0|9194.0|10927.0|13201.0|15662.0|18228.0|19239.0
 2014|F2484|H|W|GBR|6030|831|2024.0|4049.0|6114.0|8369.0|8913.0|10800.0|13330.0|15755.0|18168.0|19235.0
 2014|F7157|60-64|W|GER|6029|111|2086.0|4199.0|6322.0|8480.0|8946.0|10705.0|13033.0|15580.0|18194.0|19234.0
 2014|F5708|30-34|W|GER|6028|934|1897.0|3848.0|5882.0|7920.0|8365.0|10072.0|12449.0|15065.0|18011.0|19232.0
 2014|F9124|50-54|W|GER|6027|692|2038.0|4164.0|6261.0|8349.0|8838.0|10687.0|13767.0|16074.0|18300.0|19230.0
 2014|F8876|50-54|W|NED|6026|691|1966.0|3951.0|6027.0|8219.0|8702.0|10407.0|12735.0|15281.0|18049.0|19226.0
 2014|F6086|30-34|W|MEX|6025|933|2046.0|4276.0|6394.0|8554.0|9019.0|10867.0|13286.0|15662.0|18222.0|19225.0
 2014|F4759|45-49|W|GER|6024|1086|2000.0|4106.0|6269.0|8634.0|9120.0|10976.0|13375.0|15749.0|18230.0|19221.0
 2014|F4600|65-69|W|JPN|6023|30|2017.0|4049.0|6058.0|8109.0|8557.0|10256.0|12543.0|15092.0|18010.0|19220.0
 2014|F6874|H|W|ROU|6022|830|1727.0|3656.0|5490.0|7591.0|8176.0|10016.0|12957.0|15596.0|18307.0|19214.0
 2014|F2858|55-59|W|FRA|6021|291|1993.0|4091.0|6254.0|8398.0|8891.0|10754.0|13214.0|15625.0|18135.0|19208.0
 2014|F3079|60-64|W|GER|6020|110|1945.0|3968.0|6024.0|8103.0|8579.0|10471.0|12988.0|15574.0|18107.0|19205.0
 2014|F7626|30-34|W|GER|6019|932|2108.0|4294.0|6460.0|8652.0|9124.0|10879.0|13166.0|15502.0|18061.0|19205.0
 2014|F7793|35-39|W|USA|6018|905|2028.0|4142.0|6293.0|8405.0|8877.0|10607.0|12941.0|15383.0|18109.0|19204.0
 2014|F2908|45-49|W|GER|6017|1085|2103.0|4288.0|6503.0|8748.0|9226.0|10990.0|13282.0|15638.0|18191.0|19183.0
 2014|F382|50-54|W|GER|6016|690|1851.0|3794.0|5871.0|8179.0|8693.0|10705.0|13276.0|15725.0|18173.0|19179.0
 2014|F5520|55-59|W|SWE|6015|290|1963.0|4147.0|6201.0|8301.0|8922.0|10684.0|13019.0|15462.0|18100.0|19177.0
 2014|F9467|H|W|CAN|6014|829|1871.0|3840.0|5888.0|8121.0|8615.0|10544.0|13230.0|15786.0|18216.0|19175.0
 2014|F9209|H|W|GER|6013|828|2008.0|4080.0|6246.0|8398.0|8883.0|10824.0|13193.0|15628.0|18244.0|19173.0
 2014|F6706|55-59|W|GBR|6012|289|2122.0|4245.0|6405.0|8577.0|9050.0|10884.0|13328.0|15709.0|18133.0|19170.0
 2014|F5597|45-49|W|USA|6011|1084|2034.0|4066.0|6131.0|8205.0|8661.0|10440.0|12860.0|15396.0|18122.0|19163.0
 2014|F419|55-59|W|DEN|6010|288|1866.0|3860.0|5859.0|8045.0|8519.0|10551.0|13000.0|15455.0|18042.0|19160.0
 2014|F9126|50-54|W|GER|6009|689|1919.0|3948.0|6114.0|8226.0|8681.0|10685.0|13035.0|15531.0|18075.0|19159.0
 2014|F3829|H|W|GER|6008|827|2026.0|4162.0|6288.0|8427.0|8931.0|10775.0|13024.0|15547.0|18096.0|19159.0
 2014|F1886|45-49|W|USA|6007|1083|1941.0|3966.0|6018.0|8103.0|8554.0|10326.0|12718.0|15257.0|17964.0|19154.0
 2014|F852|35-39|W|SWE|6006|904|1999.0|4188.0|6341.0|8427.0|9022.0|10783.0|13241.0|15737.0|18179.0|19147.0
 2014|F7011|H|W|GER|6005|826|2037.0|4128.0|6185.0|8239.0|8711.0|10375.0|12887.0|15368.0|18097.0|19145.0
 2014|F6797|30-34|W|RUS|6004|931|2030.0|4116.0|6294.0|8447.0|8929.0|11001.0|13365.0|15808.0|18180.0|19144.0
 2014|F7974|50-54|W|GER|6003|688|2055.0|4631.0|6647.0|8703.0|9277.0|11001.0|13238.0|15780.0|18154.0|19143.0
 2014|F1926|65-69|W|CAN|6002|29|1842.0|3764.0|5788.0|7842.0|8309.0|10139.0|12560.0|15320.0|18030.0|19142.0
 2014|F3290|35-39|W|GER|6001|903|2105.0|4284.0|6439.0|8679.0|9178.0|10960.0|13325.0|15647.0|18127.0|19141.0
 2014|F2272|35-39|W|GER|6000|902|2113.0|4324.0|6938.0|9090.0|9571.0|11450.0|13834.0|16157.0|18251.0|19140.0
 2014|F6949|35-39|W|POL|5999|901|2038.0|4102.0|6269.0|8466.0|8924.0|10733.0|13140.0|15616.0|18108.0|19140.0
 2014|F3815|40-44|W|IRL|5998|1120|2018.0|4450.0|6728.0|8831.0|9402.0|11113.0|13405.0|15880.0|18185.0|19138.0
 2014|F4964|40-44|W|POL|5997|1119|2025.0|4155.0|6249.0|8402.0|8861.0|10556.0|12974.0|15415.0|18096.0|19137.0
 2014|F9082|35-39|W|GER|5996|900|1934.0|3826.0|5772.0|7853.0|8320.0|10074.0|12627.0|15237.0|18081.0|19136.0
 2014|F9146|30-34|W|GER|5995|930|1950.0|4038.0|6161.0|8369.0|8834.0|10745.0|13093.0|15570.0|18059.0|19135.0
 2014|F9255|45-49|W|CAN|5994|1082|2006.0|4062.0|6153.0|8202.0|8698.0|10406.0|12732.0|15206.0|17892.0|19132.0
 2014|F6149|H|W|GER|5993|825|2233.0|4484.0|6682.0|8884.0|9358.0|11067.0|13314.0|15727.0|18047.0|19132.0
 2014|F3823|H|W|GER|5992|824|2078.0|4269.0|6678.0|8751.0|9215.0|10862.0|13225.0|15736.0|18163.0|19131.0
 2014|F1596|H|W|DEN|5991|823|2029.0|4165.0|6230.0|8342.0|8793.0|10475.0|12766.0|15299.0|17962.0|19124.0
 2014|F3668|40-44|W|DEN|5990|1118|1912.0|3908.0|5910.0|7915.0|8361.0|10217.0|12773.0|15496.0|18063.0|19121.0
 2014|F7965|60-64|W|GER|5989|109|2023.0|4097.0|6156.0|8241.0|8703.0|11985.0|13951.0|16019.0|18178.0|19120.0
 2014|F2494|JA|W|GER|5988|21|2072.0|4265.0|6444.0|8655.0|9150.0|10901.0|13323.0|15791.0|18045.0|19110.0
 2014|F2493|45-49|W|GER|5987|1081|2072.0|4265.0|6444.0|8655.0|9150.0|10901.0|13324.0|15791.0|18044.0|19110.0
 2014|F5507|50-54|W|GER|5986|687|2024.0|4093.0|6176.0|8235.0|8689.0|10380.0|12880.0|15374.0|18023.0|19110.0
 2014|F5478|40-44|W|GER|5985|1117|2022.0|4093.0|6199.0|8302.0|8786.0|10478.0|12791.0|15235.0|18011.0|19109.0
 2014|F4611|35-39|W|USA|5984|899|2010.0|4155.0|6328.0|8508.0|9034.0|10819.0|13175.0|15519.0|18004.0|19108.0
 2014|F1725|45-49|W|USA|5983|1080|1878.0|3899.0|6058.0|8272.0|8772.0|10639.0|13014.0|15592.0|18116.0|19102.0
 2014|F6010|H|W|GER|5982|822|1893.0|3823.0|5760.0|7727.0|8161.0|9799.0|12465.0|15304.0|18126.0|19102.0
 2014|F6869|40-44|W|GER|5981|1116|2198.0|4440.0|6650.0|8806.0|9263.0|11034.0|13437.0|15858.0|18145.0|19101.0
 2014|F3658|40-44|W|GER|5980|1115|2100.0|4153.0|6256.0|8370.0|8842.0|10939.0|13266.0|15637.0|18116.0|19092.0
 2014|F4220|40-44|W|GBR|5979|1114|1942.0|4134.0|6349.0|8554.0|9024.0|10787.0|13165.0|15572.0|18054.0|19091.0
 2014|F644|30-34|W|SWE|5978|929|2127.0|4303.0|6490.0|8659.0|9239.0|11381.0|13787.0|16195.0|18327.0|19087.0
 2014|F3651|50-54|W|GER|5977|686|1887.0|4159.0|6343.0|8625.0|9139.0|10998.0|13313.0|15629.0|18049.0|19087.0
 2014|F9058|50-54|W|AUT|5976|685|2004.0|4034.0|6004.0|8059.0|8536.0|10306.0|12773.0|15357.0|17944.0|19086.0
 2014|F2524|50-54|W|SWE|5975|684|2011.0|4362.0|6771.0|8946.0|9586.0|11295.0|13689.0|15955.0|18192.0|19079.0
 2014|F8728|30-34|W|DEN|5974|928|1925.0|3956.0|6092.0|8287.0|8794.0|10726.0|13147.0|15422.0|18099.0|19077.0
 2014|F6687|30-34|W|GER|5973|927|2203.0|4419.0|6647.0|8882.0|9374.0|11166.0|13435.0|15758.0|18129.0|19070.0
 2014|F9071|H|W|SWE|5972|821|2195.0|4377.0|6649.0|8759.0|9253.0|10942.0|13229.0|15567.0|17994.0|19065.0
 2014|F8500|70-74|W|USA|5971|7|2140.0|4347.0|6534.0|8757.0|9290.0|11061.0|13347.0|15619.0|18041.0|19065.0
 2014|F3279|45-49|W|DEN|5970|1079|1888.0|4085.0|6112.0|8183.0|8630.0|10510.0|12904.0|15429.0|18026.0|19064.0
 2014|F8790|H|W|GER|5969|820|2346.0|4664.0|6858.0|9047.0|9521.0|11260.0|13529.0|15791.0|18095.0|19064.0
 2014|F6677|55-59|W|AUT|5967|287|2084.0|4169.0|6308.0|8441.0|8966.0|10856.0|13162.0|15757.0|18079.0|19062.0
 2014|F6880|50-54|W|FRA|5967|683|2134.0|4229.0|6269.0|8338.0|8792.0|10602.0|13004.0|15563.0|18116.0|19062.0
 2014|F8987|45-49|W|FRA|5966|1078|2134.0|4229.0|6269.0|8338.0|8792.0|10602.0|13005.0|15562.0|18115.0|19062.0
 2014|F9391|H|W|GER|5965|819|1954.0|4125.0|6242.0|8428.0|8906.0|10681.0|13079.0|15554.0|18019.0|19062.0
 2014|F1088|50-54|W|GBR|5964|682|2051.0|4023.0|6084.0|8311.0|8800.0|10523.0|13035.0|15540.0|17946.0|19060.0
 2014|F9233|50-54|W|GER|5963|681|2050.0|4116.0|6144.0|8305.0|8762.0|10601.0|12994.0|15591.0|17965.0|19050.0
 2014|F9269|30-34|W|ENG|5962|926|2033.0|4144.0|6312.0|8464.0|8896.0|10834.0|13229.0|15599.0|18015.0|19049.0
 2014|F7527|40-44|W|BRA|5961|1113|2037.0|4124.0|6365.0|8533.0|9006.0|10744.0|13299.0|15652.0|18057.0|19046.0
 2014|F4322|35-39|W|NOR|5960|898|1905.0|4359.0|6906.0|9039.0|9469.0|11316.0|13385.0|15651.0|18169.0|19044.0
 2014|F7992|40-44|W|GER|5959|1112|1837.0|3880.0|6068.0|8320.0|8837.0|10754.0|13124.0|15547.0|18097.0|19042.0
 2014|F8076|30-34|W|FRA|5958|925|2018.0|3945.0|5843.0|7765.0|8343.0|9915.0|12640.0|15650.0|17963.0|19039.0
 2014|F9552|50-54|W|GER|5957|680|1992.0|4072.0|6153.0|8313.0|8910.0|10668.0|13017.0|15406.0|17945.0|19037.0
 2014|F9118|40-44|W|TPE|5956|1111|1943.0|4029.0|6523.0|8683.0|9271.0|10982.0|13311.0|15605.0|17985.0|19036.0
 2014|F4789|45-49|W|FIN|5955|1077|2175.0|4295.0|6408.0|8518.0|8985.0|10709.0|13012.0|15519.0|17978.0|19035.0
 2014|F4467|40-44|W|DEN|5954|1110|1855.0|3804.0|5821.0|7987.0|8482.0|10370.0|12909.0|15401.0|17970.0|19034.0
 2014|F8191|50-54|W|FIN|5953|679|2070.0|4215.0|6578.0|8718.0|9195.0|10973.0|13282.0|15625.0|18023.0|19029.0
 2014|F1527|50-54|W|GER|5952|678|1913.0|3983.0|6139.0|8315.0|8811.0|10685.0|13005.0|15468.0|17945.0|19029.0
 2014|F4531|50-54|W|FIN|5951|677|2069.0|4215.0|6578.0|8718.0|9195.0|10974.0|13281.0|15625.0|18023.0|19029.0
 2014|F8298|H|W|GER|5950|818|2052.0|4126.0|6136.0|8323.0|8796.0|10691.0|13098.0|15447.0|17985.0|19026.0
 2014|F7341|50-54|W|GER|5949|676|2085.0|4220.0|6334.0|8504.0|8985.0|10737.0|12999.0|15340.0|17818.0|19025.0
 2014|F9249|50-54|W|GER|5948|675|2085.0|4219.0|6333.0|8502.0|8984.0|10732.0|12996.0|15339.0|17817.0|19024.0
 2014|F3997|35-39|W|NOR|5947|897|2342.0|4642.0|6916.0|9096.0|9572.0|11398.0|13595.0|15850.0|18092.0|19024.0
 2014|F2970|55-59|W|GBR|5946|286|1952.0|3933.0|5961.0|8186.0|8624.0|10486.0|13022.0|15593.0|17995.0|19020.0
 2014|F9132|35-39|W|DEN|5945|896|2008.0|4112.0|6229.0|8351.0|8810.0|10689.0|12960.0|15319.0|17888.0|19016.0
 2014|F6519|50-54|W|SWE|5944|674|1920.0|4086.0|6161.0|8301.0|8782.0|10542.0|12877.0|15367.0|17918.0|19014.0
 2014|F3434|45-49|W|GER|5943|1076|2127.0|4204.0|6262.0|8349.0|8806.0|10646.0|12976.0|15429.0|17979.0|19009.0
 2014|F303|45-49|W|GER|5942|1075|2146.0|4334.0|6535.0|8720.0|9196.0|10961.0|13484.0|15729.0|18020.0|19009.0
 2014|F6011|50-54|W|GER|5941|673|2147.0|4334.0|6535.0|8720.0|9196.0|10959.0|13481.0|15729.0|18020.0|19008.0
 2014|F4691|45-49|W|NED|5940|1074|2069.0|4207.0|6332.0|8399.0|8851.0|10616.0|13022.0|15463.0|17969.0|19001.0
 2014|F5850|H|W|GBR|5939|817|1982.0|4294.0|6358.0|8523.0|9077.0|10819.0|13143.0|15570.0|18042.0|19001.0
 2014|F936|45-49|W|GER|5938|1073|1991.0|4398.0|6670.0|8727.0|9333.0|11175.0|13557.0|15727.0|18023.0|18998.0
 2014|F5664|50-54|W|GER|5937|672|1873.0|3884.0|5939.0|8105.0|8598.0|10452.0|12955.0|15387.0|17961.0|18989.0
 2014|F6371|35-39|W|GER|5936|895|1956.0|3936.0|5893.0|7881.0|8324.0|10098.0|12745.0|15360.0|17853.0|18988.0
 2014|F7815|45-49|W|AUS|5935|1072|1992.0|3974.0|5964.0|8024.0|8467.0|10138.0|12442.0|15055.0|17762.0|18988.0
 2014|F8303|35-39|W|FRA|5934|894|1997.0|4041.0|6078.0|8121.0|8581.0|10399.0|12863.0|15399.0|17916.0|18988.0
 2014|F4693|30-34|W|GER|5933|924|1979.0|4093.0|6471.0|8681.0|9160.0|11106.0|13333.0|15562.0|18009.0|18987.0
 2014|F1902|H|W|GER|5932|816|2106.0|4245.0|6458.0|8722.0|9164.0|10835.0|13081.0|15495.0|17900.0|18986.0
 2014|F6658|35-39|W|GBR|5931|893|2061.0|4178.0|6344.0|8536.0|8986.0|10773.0|13194.0|15628.0|18048.0|18984.0
 2014|F5113|35-39|W|GER|5930|892|2024.0|4086.0|6142.0|8274.0|8743.0|10615.0|13073.0|15468.0|18033.0|18983.0
 2014|F2827|35-39|W|DEN|5929|891|1801.0|3767.0|5805.0|7965.0|8434.0|10358.0|12840.0|15328.0|17922.0|18982.0
 2014|F4245|H|W|DEN|5928|815|1868.0|3668.0|5480.0|7329.0|7737.0|9355.0|12210.0|14944.0|17712.0|18982.0
 2014|F641|65-69|W|KOR|5927|28|2067.0|4182.0|6306.0|8478.0|8955.0|10751.0|13178.0|15584.0|18010.0|18982.0
 2014|F5509|H|W|ROU|5926|814|2157.0|4339.0|6519.0|8750.0|9242.0|11008.0|13271.0|15593.0|17969.0|18977.0
 2014|F7181|35-39|W|DEN|5925|890|1844.0|3736.0|5637.0|7557.0|7970.0|9521.0|11971.0|14469.0|17651.0|18977.0
 2014|F1766|50-54|W|SWE|5924|671|2048.0|4169.0|6321.0|8427.0|8892.0|10544.0|12781.0|15034.0|17809.0|18976.0
 2014|F4686|35-39|W|SWE|5923|889|1894.0|3952.0|6041.0|8173.0|8672.0|10490.0|12965.0|15396.0|17935.0|18973.0
 2014|F4145|H|W|DEN|5922|813|1886.0|3890.0|5981.0|8094.0|8547.0|10291.0|12697.0|15148.0|17951.0|18973.0
 2014|F971|40-44|W|FRA|5921|1109|2035.0|4211.0|6412.0|8638.0|9108.0|10959.0|13510.0|15732.0|18036.0|18970.0
 2014|F3235|H|W|GER|5920|812|1782.0|3599.0|5489.0|7890.0|8523.0|10914.0|13427.0|15610.0|18008.0|18967.0
 2014|F6725|JA|W|GER|5919|20|1863.0|3790.0|5800.0|7912.0|8377.0|10142.0|12555.0|15130.0|17822.0|18964.0
 2014|F3876|45-49|W|GER|5918|1071|1490.0|2983.0|4484.0|5989.0|6318.0|7500.0|9016.0|10595.0|18089.0|18963.0
 2014|F2735|45-49|W|ESP|5917|1070|2092.0|4310.0|6437.0|8617.0|9245.0|10989.0|13286.0|15675.0|18000.0|18963.0
 2014|F2741|45-49|W|ESP|5916|1069|2092.0|4310.0|6437.0|8617.0|9244.0|10989.0|13286.0|15674.0|17990.0|18963.0
 2014|F563|40-44|W|GBR|5915|1108|2093.0|4219.0|6428.0|8565.0|9016.0|10830.0|13085.0|15437.0|17928.0|18958.0
 2014|F9604|35-39|W|GER|5914|888|1982.0|4056.0|6203.0|8382.0|8858.0|10646.0|13015.0|15366.0|17933.0|18958.0
 2014|F3548|30-34|W|CHN|5913|923|1964.0|3950.0|5915.0|7918.0|8362.0|10020.0|12369.0|14887.0|17865.0|18956.0
 2014|F9544|30-34|W|GER|5912|922|2162.0|4488.0|6972.0|9162.0|9644.0|11382.0|13580.0|15774.0|18003.0|18954.0
 2014|F8888|55-59|W|MEX|5911|285|1992.0|3994.0|5979.0|8042.0|8491.0|10133.0|12505.0|15311.0|17772.0|18949.0
 2014|F8980|50-54|W|USA|5910|670|2201.0|4427.0|6930.0|9110.0|9570.0|11256.0|13401.0|15570.0|17758.0|18949.0
 2014|F8909|35-39|W|COL|5909|887|1935.0|3833.0|5774.0|7902.0|8375.0|10278.0|12773.0|15430.0|17881.0|18944.0
 2014|F9167|35-39|W|USA|5908|886|2010.0|4028.0|6054.0|8137.0|8650.0|10355.0|12726.0|15186.0|17781.0|18941.0
 2014|F7683|45-49|W|BEL|5907|1068|1979.0|4078.0|6159.0|8291.0|8902.0|10655.0|12953.0|15310.0|17815.0|18940.0
 2014|F2160|65-69|W|BEL|5906|27|1989.0|4051.0|6125.0|8278.0|8746.0|10512.0|12840.0|15272.0|17818.0|18940.0
 2014|F433|50-54|W|GER|5905|669|1941.0|4075.0|6196.0|8413.0|8938.0|10808.0|13181.0|15581.0|17991.0|18939.0
 2014|F5030|50-54|W|KOR|5904|668|2201.0|4279.0|6648.0|8923.0|9410.0|11202.0|13474.0|15692.0|17976.0|18938.0
 2014|F2046|40-44|W|GER|5903|1107|1897.0|3788.0|5725.0|7701.0|8140.0|9723.0|11895.0|14710.0|18102.0|18938.0
 2014|F5328|50-54|W|GER|5902|667|1892.0|4042.0|6093.0|8111.0|8541.0|10185.0|12599.0|15076.0|17877.0|18937.0
 2014|F5163|50-54|W|CAN|5901|666|2157.0|4260.0|6428.0|8607.0|9080.0|10841.0|13099.0|15451.0|17990.0|18936.0
 2014|F4291|65-69|W|CAN|5900|26|1954.0|3972.0|6080.0|8250.0|8714.0|10492.0|12844.0|15319.0|17946.0|18936.0
 2014|F8256|55-59|W|GER|5899|284|2196.0|4496.0|6731.0|8978.0|9459.0|11212.0|13438.0|15636.0|17940.0|18934.0
 2014|F5148|40-44|W|DEN|5898|1106|1871.0|3853.0|5870.0|8067.0|8561.0|10356.0|12802.0|15358.0|17921.0|18933.0
 2014|F7528|35-39|W|DEN|5897|885|2175.0|4353.0|6684.0|8882.0|9374.0|11089.0|13383.0|15706.0|18039.0|18929.0
 2014|F6408|30-34|W|GER|5896|921|2012.0|4088.0|6538.0|8606.0|9053.0|10721.0|13066.0|15401.0|17951.0|18928.0
 2014|F4970|40-44|W|GER|5895|1105|1956.0|4029.0|6118.0|8306.0|8775.0|10612.0|12996.0|15362.0|17879.0|18926.0
 2014|F4711|45-49|W|GER|5894|1067|1801.0|3780.0|5857.0|7964.0|8443.0|10244.0|12705.0|15217.0|17883.0|18923.0
 2014|F2765|30-34|W|GBR|5893|920|1934.0|3841.0|5765.0|7786.0|8241.0|10019.0|12562.0|15522.0|17952.0|18922.0
 2014|F5991|40-44|W|GER|5892|1104|2045.0|4112.0|6207.0|8341.0|8799.0|10514.0|12933.0|15323.0|17822.0|18920.0
 2014|F7234|30-34|W|MEX|5891|919|1943.0|3838.0|5728.0|7768.0|8220.0|10099.0|12627.0|15175.0|17902.0|18915.0
 2014|F914|45-49|W|GER|5890|1066|1955.0|3932.0|5897.0|7914.0|8437.0|10228.0|12556.0|15246.0|17962.0|18913.0
 2014|F4331|40-44|W|NOR|5889|1103|1862.0|3746.0|5693.0|7709.0|8167.0|9831.0|12086.0|14895.0|17741.0|18912.0
 2014|F4061|50-54|W|AUT|5888|665|2245.0|4554.0|6795.0|8996.0|9469.0|11164.0|13377.0|15588.0|17899.0|18910.0
 2014|F3346|40-44|W|AUT|5887|1102|2246.0|4554.0|6795.0|8996.0|9469.0|11163.0|13375.0|15587.0|17898.0|18909.0
 2014|F6400|60-64|W|JPN|5886|108|1893.0|3798.0|5872.0|7969.0|8426.0|10189.0|12600.0|15110.0|17827.0|18908.0
 2014|F3718|40-44|W|GER|5885|1101|2002.0|4145.0|6490.0|8702.0|9162.0|10907.0|13199.0|15448.0|17743.0|18904.0
 2014|F126|65-69|W|DEN|5884|25|1964.0|3993.0|6027.0|8189.0|8672.0|10460.0|12841.0|15261.0|17844.0|18902.0
 2014|F4419|H|W|GER|5883|811|1793.0|3829.0|5845.0|7996.0|8483.0|10325.0|12756.0|15210.0|17833.0|18901.0
 2014|F2644|H|W|GBR|5882|810|1966.0|3977.0|6008.0|8126.0|8594.0|10365.0|12652.0|15076.0|17848.0|18894.0
 2014|F8983|40-44|W|MEX|5881|1100|1989.0|4034.0|6146.0|8245.0|8700.0|10406.0|12710.0|14943.0|17760.0|18894.0
 2014|F9268|30-34|W|USA|5880|918|2036.0|4170.0|6337.0|8618.0|9179.0|11007.0|13574.0|15813.0|17980.0|18888.0
 2014|F2537|40-44|W|RSA|5879|1099|2111.0|4240.0|6460.0|8537.0|9021.0|10803.0|13118.0|15389.0|17927.0|18885.0
 2014|F1579|45-49|W|GBR|5878|1065|2332.0|4638.0|6889.0|9224.0|9731.0|11484.0|13653.0|15774.0|17932.0|18884.0
 2014|F5283|40-44|W|IRL|5877|1098|2014.0|4148.0|6358.0|8524.0|8975.0|10721.0|12930.0|15528.0|17975.0|18881.0
 2014|F6208|H|W|CZE|5876|809|2068.0|4167.0|6260.0|8382.0|8904.0|10588.0|12874.0|15319.0|17788.0|18878.0
 2014|F9116|H|W|GER|5875|808|2068.0|4167.0|6260.0|8383.0|8904.0|10588.0|12873.0|15319.0|17788.0|18877.0
 2014|F3850|45-49|W|HKG|5874|1064|1823.0|3695.0|5692.0|7631.0|8101.0|9817.0|12358.0|15025.0|17773.0|18877.0
 2014|F2798|30-34|W|IRL|5873|917|1965.0|4302.0|6520.0|9148.0|9652.0|11567.0|13663.0|15766.0|18000.0|18874.0
 2014|F7423|60-64|W|BEL|5872|107|1623.0|3324.0|5112.0|6948.0|7358.0|9336.0|11826.0|14467.0|17602.0|18874.0
 2014|F3637|40-44|W|CAN|5871|1097|2271.0|4491.0|6623.0|8735.0|9198.0|10820.0|12980.0|15270.0|17837.0|18869.0
 2014|F359|60-64|W|GER|5870|106|2054.0|4117.0|6195.0|8355.0|8815.0|10603.0|12947.0|15306.0|17778.0|18869.0
 2014|F7954|40-44|W|CHI|5869|1096|2141.0|4522.0|6567.0|8734.0|9191.0|11074.0|13413.0|15621.0|17962.0|18866.0
 2014|F6819|45-49|W|CHI|5868|1063|0.0|0.0|0.0|0.0|0.0|0.0|0.0|15621.0|17962.0|18866.0
 2014|F3746|40-44|W|GER|5867|1095|1984.0|3968.0|6004.0|8227.0|8669.0|10527.0|12922.0|15409.0|17865.0|18864.0
 2014|F9423|60-64|W|GER|5866|105|2132.0|4299.0|6483.0|8668.0|9172.0|10922.0|13201.0|15514.0|17848.0|18859.0
 2014|F8459|45-49|W|GER|5865|1062|1957.0|3961.0|6042.0|8299.0|8765.0|10688.0|13164.0|15424.0|17817.0|18858.0
 2014|F1468|50-54|W|GER|5864|664|1951.0|3931.0|5980.0|8072.0|8521.0|10304.0|12629.0|15119.0|17720.0|18855.0
 2014|F1565|40-44|W|GER|5863|1094|2033.0|4111.0|6178.0|8262.0|8710.0|10434.0|12874.0|15347.0|17839.0|18854.0
 2014|F451|55-59|W|GER|5862|283|2056.0|4152.0|6309.0|8469.0|8943.0|10706.0|13015.0|15363.0|17794.0|18854.0
 2014|F8689|50-54|W|GER|5861|663|2203.0|4384.0|6589.0|8715.0|9180.0|10884.0|13072.0|15380.0|17813.0|18851.0
 2014|F9235|35-39|W|GER|5860|884|2041.0|4119.0|6300.0|8479.0|8953.0|10707.0|13014.0|15377.0|17796.0|18848.0
 2014|F5285|H|W|GER|5859|807|2209.0|4462.0|6668.0|8873.0|9347.0|11050.0|13250.0|15614.0|17955.0|18845.0
 2014|F3818|55-59|W|GBR|5858|282|1563.0|3113.0|4655.0|6198.0|6537.0|7900.0|10686.0|14162.0|17505.0|18841.0
 2014|F5780|45-49|W|GER|5857|1061|2070.0|4223.0|6452.0|8646.0|9127.0|10891.0|13226.0|15552.0|17869.0|18838.0
 2014|F815|50-54|W|CRC|5856|662|2018.0|4070.0|6143.0|8288.0|8749.0|10533.0|12871.0|15273.0|17775.0|18836.0
 2014|F5379|50-54|W|GER|5855|661|2050.0|4052.0|6019.0|8068.0|8525.0|10187.0|12385.0|14904.0|17865.0|18836.0
 2014|F4108|40-44|W|RUS|5854|1093|2019.0|4117.0|6269.0|8491.0|8996.0|10855.0|13217.0|15712.0|17917.0|18834.0
 2014|F2364|30-34|W|SLO|5853|916|1776.0|3801.0|5833.0|8056.0|8527.0|10330.0|12766.0|15306.0|17774.0|18834.0
 2014|F1219|40-44|W|TUR|5852|1092|1911.0|3902.0|5987.0|8125.0|8582.0|10394.0|12871.0|15278.0|17778.0|18832.0
 2014|F7065|50-54|W|GER|5850|660|1978.0|4056.0|6219.0|8282.0|8750.0|10446.0|12755.0|15492.0|17769.0|18830.0
 2014|F9419|40-44|W|GER|5850|1091|1978.0|4056.0|6219.0|8282.0|8751.0|10447.0|12754.0|15493.0|17770.0|18830.0
 2014|F9483|H|W|RUS|5849|806|1860.0|3713.0|5601.0|7542.0|7985.0|9746.0|12474.0|15007.0|17758.0|18830.0
 2014|F9027|H|W|NED|5848|805|2116.0|4430.0|6830.0|8936.0|9406.0|11108.0|13363.0|15509.0|17875.0|18827.0
 2014|F8949|50-54|W|FIN|5847|659|1913.0|3900.0|6047.0|8065.0|8550.0|10237.0|12523.0|15146.0|17801.0|18825.0
 2014|F3983|45-49|W|GER|5846|1060|1935.0|3955.0|6154.0|8230.0|8741.0|10458.0|12773.0|15274.0|17524.0|18817.0
 2014|F2714|H|W|GER|5845|804|1897.0|4004.0|5995.0|8110.0|8589.0|10361.0|12777.0|15214.0|17813.0|18817.0
 2014|F7191|55-59|W|GER|5844|281|1960.0|4080.0|6072.0|8231.0|8690.0|10450.0|12778.0|15075.0|17673.0|18815.0
 2014|F5773|50-54|W|ITA|5843|658|1774.0|3705.0|5687.0|7718.0|8137.0|10122.0|12950.0|15189.0|17585.0|18813.0
 2014|F5350|40-44|W|SWE|5841|1090|1933.0|3989.0|6134.0|8204.0|8683.0|10373.0|12717.0|15096.0|17759.0|18812.0
 2014|F8738|35-39|W|JPN|5841|883|1903.0|3855.0|5899.0|8062.0|8523.0|10321.0|12822.0|15238.0|17748.0|18812.0
 2014|F3512|30-34|W|IRL|5840|915|2011.0|4111.0|6133.0|8215.0|8669.0|10545.0|12885.0|15313.0|17827.0|18809.0
 2014|F2227|H|W|GER|5839|803|1889.0|3775.0|5714.0|7727.0|8171.0|9893.0|12328.0|15024.0|17678.0|18807.0
 2014|F3322|40-44|W|DEN|5838|1089|1958.0|4025.0|6096.0|8204.0|8669.0|10438.0|12791.0|15285.0|17808.0|18807.0
 2014|F3877|45-49|W|GER|5837|1059|2065.0|4147.0|6197.0|8252.0|8702.0|10337.0|12568.0|14825.0|17761.0|18805.0
 2014|F3924|30-34|W|GBR|5836|914|2144.0|4389.0|6730.0|8824.0|9290.0|10987.0|13215.0|15475.0|17809.0|18801.0
 2014|F6044|55-59|W|DEN|5835|280|1828.0|3729.0|5809.0|7815.0|8263.0|10039.0|12627.0|14794.0|17346.0|18798.0
 2014|F534|H|W|SWE|5834|802|2090.0|4205.0|6302.0|8418.0|8883.0|10612.0|12903.0|15286.0|17829.0|18797.0
 2014|F3595|H|W|DEN|5833|801|1924.0|3893.0|5873.0|7866.0|8303.0|9978.0|12355.0|14758.0|17706.0|18794.0
 2014|F3767|40-44|W|CRC|5832|1088|1998.0|4162.0|6433.0|8579.0|9081.0|10886.0|13147.0|15449.0|17843.0|18793.0
 2014|F4006|50-54|W|USA|5831|657|2066.0|4307.0|6510.0|8643.0|9087.0|10868.0|13020.0|15337.0|17711.0|18793.0
 2014|F5288|55-59|W|GBR|5830|279|1993.0|4042.0|6110.0|8182.0|8638.0|10317.0|12606.0|15081.0|17710.0|18781.0
 2014|F6838|30-34|W|GBR|5829|913|1899.0|3735.0|5711.0|7811.0|8313.0|9976.0|12248.0|14791.0|17526.0|18777.0
 2014|F811|35-39|W|MEX|5828|882|1787.0|3601.0|5524.0|7477.0|7959.0|9766.0|12363.0|14998.0|17740.0|18777.0
 2014|F2310|45-49|W|GER|5827|1058|1646.0|3505.0|5323.0|7704.0|8169.0|10216.0|12763.0|15279.0|17813.0|18775.0
 2014|F3240|H|W|GBR|5826|800|1758.0|3636.0|5652.0|7809.0|8301.0|10241.0|12933.0|15400.0|17869.0|18775.0
 2014|F3966|30-34|W|GER|5825|912|2125.0|4488.0|6829.0|8894.0|9340.0|11068.0|13242.0|15464.0|17895.0|18774.0
 2014|F1703|H|W|USA|5824|799|1969.0|4011.0|5997.0|8114.0|8564.0|10358.0|12901.0|15366.0|17784.0|18770.0
 2014|F6219|H|W|NOR|5823|798|2112.0|4458.0|6512.0|8592.0|9199.0|10894.0|13199.0|15448.0|17828.0|18761.0
 2014|F4067|40-44|W|GBR|5822|1087|1899.0|3767.0|5724.0|7757.0|8221.0|10192.0|12685.0|15214.0|17791.0|18760.0
 2014|F9680|H|W|GBR|5821|797|2037.0|4093.0|6266.0|8358.0|8845.0|10679.0|13105.0|15326.0|17737.0|18754.0
 2014|F4687|35-39|W|GER|5820|881|2143.0|4349.0|6579.0|8845.0|9431.0|11180.0|13445.0|15753.0|17907.0|18753.0
 2014|F3125|50-54|W|ISR|5819|656|2186.0|4416.0|6617.0|8797.0|9270.0|11002.0|13216.0|15450.0|17790.0|18753.0
 2014|F6846|55-59|W|GER|5818|278|2042.0|4080.0|6230.0|8412.0|8874.0|10642.0|12928.0|15317.0|17722.0|18752.0
 2014|F7680|35-39|W|GER|5817|880|2081.0|4151.0|6242.0|8414.0|8875.0|10529.0|12663.0|15325.0|17802.0|18750.0
 2014|F3094|30-34|W|POL|5816|911|1956.0|3940.0|5947.0|7994.0|8475.0|10189.0|12681.0|15368.0|17874.0|18749.0
 2014|F2838|40-44|W|GER|5815|1086|2178.0|4399.0|6604.0|8814.0|9284.0|11022.0|13301.0|15538.0|17791.0|18749.0
 2014|F9236|50-54|W|GER|5814|655|2012.0|4046.0|6136.0|8297.0|8770.0|10596.0|12990.0|15340.0|17762.0|18747.0
 2014|F6471|50-54|W|KOR|5813|654|1929.0|3923.0|6113.0|8123.0|8573.0|10370.0|12909.0|15354.0|17802.0|18737.0
 2014|F8233|40-44|W|CRC|5812|1085|1748.0|3502.0|5357.0|8412.0|8982.0|10837.0|13068.0|15291.0|17680.0|18737.0
 2014|F7215|50-54|W|NED|5811|653|1816.0|3812.0|5659.0|7609.0|8037.0|9972.0|12361.0|14823.0|17637.0|18735.0
 2014|F3846|35-39|W|FIN|5810|879|2314.0|4619.0|7088.0|9481.0|10021.0|11739.0|13826.0|15857.0|17905.0|18734.0
 2014|F3401|H|W|GER|5809|796|1909.0|3831.0|5805.0|7834.0|8302.0|10006.0|12395.0|15028.0|17666.0|18734.0
 2014|F3464|40-44|W|GER|5808|1084|2038.0|4111.0|6177.0|8282.0|8744.0|10464.0|12766.0|15156.0|17651.0|18733.0
 2014|F4463|H|W|DEN|5807|795|1959.0|3964.0|5990.0|8078.0|8536.0|10504.0|12850.0|15260.0|17707.0|18730.0
 2014|F1137|40-44|W|GER|5806|1083|2060.0|4202.0|6309.0|8486.0|8963.0|10708.0|13001.0|15347.0|17720.0|18728.0
 2014|F2516|H|W|MAR|5805|794|2120.0|4322.0|6470.0|8645.0|9125.0|10862.0|13113.0|15454.0|17770.0|18726.0
 2014|F577|50-54|W|GER|5804|652|2210.0|4414.0|6649.0|8790.0|9261.0|11018.0|13326.0|15578.0|17744.0|18724.0
 2014|F6306|40-44|W|SUI|5803|1082|2106.0|4340.0|6541.0|8683.0|9154.0|10978.0|13214.0|15443.0|17765.0|18723.0
 2014|F7771|30-34|W|GER|5802|910|1852.0|3759.0|5739.0|7808.0|8241.0|10095.0|12544.0|15165.0|17736.0|18722.0
 2014|F3359|35-39|W|MEX|5801|878|1836.0|3763.0|5866.0|7954.0|8424.0|10235.0|12608.0|15041.0|17647.0|18722.0
 2014|F2982|45-49|W|GER|5800|1057|2069.0|4288.0|6577.0|8877.0|9382.0|11217.0|13483.0|15707.0|17845.0|18722.0
 2014|F1908|35-39|W|GER|5799|877|1999.0|4013.0|6031.0|8150.0|8626.0|10456.0|12876.0|15323.0|17799.0|18721.0
 2014|F2921|65-69|W|GER|5798|24|1959.0|3905.0|5892.0|8037.0|8519.0|10333.0|12800.0|15225.0|17610.0|18718.0
 2014|F2867|40-44|W|GER|5797|1081|1984.0|4003.0|6019.0|8104.0|8567.0|10321.0|12695.0|15116.0|17618.0|18716.0
 2014|F7055|55-59|W|GER|5796|277|1974.0|4009.0|6014.0|8041.0|8582.0|10305.0|12631.0|15039.0|17664.0|18715.0
 2014|F1257|45-49|W|GER|5795|1056|2060.0|4159.0|6278.0|8418.0|8898.0|10618.0|12880.0|15170.0|17665.0|18714.0
 2014|F5270|50-54|W|GER|5794|651|2015.0|4134.0|6218.0|8333.0|8842.0|10514.0|12764.0|15230.0|17688.0|18712.0
 2014|F8518|30-34|W|POL|5793|909|2105.0|4471.0|6610.0|8817.0|9308.0|11056.0|13274.0|15504.0|17770.0|18712.0
 2014|F7441|50-54|W|GER|5792|650|2015.0|4133.0|6217.0|8332.0|8841.0|10513.0|12763.0|15229.0|17688.0|18712.0
 2014|F1115|60-64|W|GER|5791|104|2093.0|4224.0|6383.0|8428.0|8883.0|10561.0|12808.0|15200.0|17619.0|18710.0
 2014|F7876|45-49|W|GER|5790|1055|1904.0|3819.0|5787.0|7871.0|8406.0|10258.0|12760.0|15221.0|17697.0|18708.0
 2014|F5182|H|W|GER|5789|793|2037.0|4108.0|6167.0|8274.0|8731.0|10405.0|12621.0|15001.0|17647.0|18707.0
 2014|F2976|45-49|W|GER|5788|1054|2091.0|4162.0|6223.0|8383.0|8849.0|10563.0|12843.0|15248.0|17646.0|18705.0
 2014|F1921|35-39|W|GER|5787|876|2033.0|4076.0|6116.0|8223.0|8706.0|10429.0|12854.0|15062.0|17746.0|18701.0
 2014|F9054|35-39|W|GER|5786|875|2079.0|4315.0|6556.0|8876.0|9369.0|11248.0|13536.0|15659.0|17791.0|18699.0
 2014|F7916|55-59|W|GER|5785|276|2039.0|4126.0|6380.0|8598.0|9112.0|10903.0|13197.0|15388.0|17744.0|18698.0
 2014|F1979|40-44|W|MEX|5784|1080|1971.0|3976.0|6055.0|8329.0|8852.0|10765.0|13154.0|15385.0|17714.0|18698.0
 2014|F6379|55-59|W|GBR|5783|275|2271.0|4504.0|6709.0|8910.0|9491.0|11168.0|13377.0|15551.0|17775.0|18696.0
 2014|F6987|65-69|W|GBR|5782|23|1945.0|3910.0|5945.0|7984.0|8426.0|10351.0|12740.0|15113.0|17653.0|18689.0
 2014|F535|35-39|W|DEN|5781|874|2075.0|4222.0|6406.0|8550.0|9037.0|10723.0|12980.0|15277.0|17665.0|18687.0
 2014|F6450|H|W|GBR|5780|792|1895.0|3792.0|5843.0|7888.0|8373.0|10387.0|12796.0|15113.0|17657.0|18684.0
 2014|F7235|40-44|W|CHI|5779|1079|1894.0|3926.0|6093.0|8460.0|9067.0|10888.0|13138.0|15518.0|17713.0|18677.0
 2014|F1280|35-39|W|MEX|5778|873|1868.0|3897.0|6044.0|8277.0|8781.0|10596.0|12995.0|15354.0|17683.0|18677.0
 2014|F5406|50-54|W|GER|5777|649|1862.0|3905.0|5955.0|8169.0|8624.0|10361.0|12762.0|15150.0|17665.0|18675.0
 2014|F4740|50-54|W|HKG|5776|648|1809.0|3645.0|5609.0|7700.0|8174.0|10057.0|12482.0|14806.0|17404.0|18675.0
 2014|F8612|40-44|W|NED|5775|1078|1904.0|3900.0|5885.0|7912.0|8518.0|10168.0|12680.0|15190.0|17639.0|18674.0
 2014|F978|30-34|W|GER|5774|908|1983.0|3997.0|6035.0|8175.0|8643.0|10437.0|12783.0|15240.0|17729.0|18673.0
 2014|F4381|35-39|W|POL|5773|872|1921.0|3878.0|5871.0|7875.0|8314.0|9967.0|12242.0|14632.0|17601.0|18671.0
 2014|F5874|35-39|W|GER|5772|871|2141.0|4436.0|6837.0|9078.0|9574.0|11349.0|13634.0|15848.0|17854.0|18670.0
 2014|F6075|45-49|W|DEN|5771|1053|2041.0|4126.0|6196.0|8331.0|8958.0|10671.0|12944.0|15294.0|17692.0|18668.0
 2014|F3358|50-54|W|FRA|5770|647|1944.0|3846.0|5772.0|7879.0|8343.0|10274.0|12690.0|15156.0|17671.0|18666.0
 2014|F159|65-69|W|GER|5769|22|1892.0|3861.0|5841.0|7848.0|8272.0|9920.0|12262.0|14771.0|17495.0|18665.0
 2014|F513|50-54|W|BRA|5768|646|2058.0|4190.0|6331.0|8480.0|8949.0|10718.0|12937.0|15181.0|17666.0|18660.0
 2014|F7831|35-39|W|GER|5767|870|1792.0|3773.0|5933.0|8163.0|8625.0|10460.0|12867.0|15284.0|17615.0|18657.0
 2014|F8092|H|W|GBR|5766|791|2024.0|4037.0|6084.0|8174.0|8635.0|10349.0|12638.0|15082.0|17595.0|18651.0
 2014|F1827|30-34|W|SUI|5765|907|1725.0|3459.0|5291.0|7059.0|7490.0|8984.0|11707.0|14506.0|17608.0|18650.0
 2014|F9356|60-64|W|GBR|5764|103|1967.0|3967.0|6043.0|8166.0|8643.0|10452.0|12794.0|15152.0|17614.0|18646.0
 2014|F8056|45-49|W|USA|5763|1052|1880.0|3889.0|5913.0|7963.0|8416.0|10209.0|12599.0|15033.0|17632.0|18642.0
 2014|F1634|30-34|W|MEX|5762|906|2063.0|4206.0|6388.0|8581.0|9046.0|10797.0|13012.0|15211.0|17609.0|18642.0
 2014|F1379|45-49|W|DEN|5761|1051|1969.0|4017.0|6026.0|8069.0|8667.0|10350.0|12589.0|15053.0|17715.0|18638.0
 2014|F1502|H|W|GBR|5760|790|1758.0|3517.0|5329.0|7263.0|7866.0|9712.0|12181.0|14897.0|17584.0|18637.0
 2014|F1840|60-64|W|KOR|5759|102|1967.0|4038.0|6164.0|8315.0|8814.0|10600.0|12900.0|15226.0|17641.0|18636.0
 2014|F5725|40-44|W|BRA|5758|1077|1996.0|4023.0|6141.0|8128.0|8599.0|10479.0|12750.0|15127.0|17621.0|18633.0
 2014|F131|65-69|W|GER|5757|21|1995.0|4056.0|6101.0|8126.0|8583.0|10285.0|12609.0|15061.0|17571.0|18630.0
 2014|F2145|40-44|W|NED|5756|1076|1884.0|3780.0|5722.0|7705.0|8144.0|9782.0|12010.0|14644.0|17493.0|18629.0
 2014|F6675|40-44|W|FIN|5755|1075|2032.0|4110.0|6148.0|8309.0|8752.0|10352.0|12450.0|14793.0|17457.0|18629.0
 2014|F9059|40-44|W|GER|5754|1074|1972.0|4075.0|6117.0|8217.0|8684.0|10404.0|12762.0|15140.0|17591.0|18626.0
 2014|F1437|55-59|W|SUI|5753|274|2082.0|4221.0|6396.0|8569.0|9038.0|10784.0|13058.0|15313.0|17623.0|18621.0
 2014|F6760|35-39|W|GER|5752|869|1930.0|3956.0|6007.0|8132.0|8594.0|10366.0|12662.0|15116.0|17583.0|18621.0
 2014|F5585|JA|W|DEN|5751|19|1911.0|3866.0|5886.0|8013.0|8483.0|10242.0|12787.0|15157.0|17514.0|18620.0
 2014|F3690|30-34|W|GER|5750|905|2120.0|4226.0|6318.0|8415.0|8866.0|10630.0|12981.0|15293.0|17647.0|18618.0
 2014|F3949|JA|W|DEN|5749|18|1909.0|3830.0|5748.0|7785.0|8239.0|9961.0|12349.0|15097.0|17740.0|18616.0
 2014|F8360|45-49|W|GER|5748|1050|2031.0|4107.0|6175.0|8298.0|8767.0|10546.0|12822.0|15205.0|17604.0|18614.0
 2014|F1815|35-39|W|TPE|5747|868|1857.0|4254.0|6254.0|8355.0|8896.0|10615.0|12909.0|15230.0|17562.0|18611.0
 2014|F7685|50-54|W|FRA|5746|645|1987.0|3996.0|6041.0|8111.0|8554.0|10195.0|12605.0|14910.0|17542.0|18610.0
 2014|F7198|30-34|W|GER|5745|904|2041.0|4133.0|6190.0|8281.0|8793.0|10546.0|12896.0|15253.0|17660.0|18608.0
 2014|F8700|35-39|W|GER|5744|867|0.0|0.0|0.0|0.0|0.0|0.0|0.0|0.0|17729.0|18604.0
 2014|F4913|50-54|W|GER|5743|644|2016.0|4085.0|6193.0|8313.0|8770.0|10421.0|12662.0|15138.0|17494.0|18601.0
 2014|F7228|45-49|W|GER|5742|1049|1845.0|3795.0|5888.0|7932.0|8404.0|10061.0|12442.0|14894.0|17573.0|18601.0
 2014|F6965|30-34|W|POL|5741|903|2131.0|4300.0|6521.0|8597.0|9045.0|10734.0|12957.0|15270.0|17643.0|18599.0
 2014|F8701|30-34|W|GER|5740|902|2077.0|4241.0|6437.0|8695.0|9192.0|11001.0|13302.0|15573.0|17729.0|18597.0
 2014|F1357|H|W|DEN|5739|789|2085.0|4274.0|6321.0|8383.0|8840.0|10574.0|12806.0|15198.0|17485.0|18594.0
 2014|F4527|H|W|SWE|5738|788|1890.0|3842.0|5812.0|7830.0|8284.0|10083.0|12302.0|14887.0|17439.0|18591.0
 2014|F3958|50-54|W|NED|5737|643|1924.0|3956.0|6023.0|8177.0|8661.0|10404.0|12700.0|15096.0|17535.0|18591.0
 2014|F5623|45-49|W|NED|5736|1048|2185.0|4376.0|6548.0|8796.0|9287.0|11041.0|13280.0|15465.0|17642.0|18576.0
 2014|F8861|35-39|W|GER|5735|866|2064.0|4212.0|6316.0|8416.0|8876.0|10657.0|12910.0|15119.0|17472.0|18576.0
 2014|F9536|H|W|GER|5734|787|1748.0|3524.0|5395.0|7441.0|7885.0|9574.0|12366.0|14707.0|17513.0|18575.0
 2014|F9302|45-49|W|GER|5733|1047|2014.0|4064.0|6069.0|8071.0|8524.0|10209.0|12526.0|14948.0|17470.0|18572.0
 2014|F9159|45-49|W|GER|5732|1046|1879.0|3831.0|5835.0|8037.0|8569.0|10394.0|12860.0|15176.0|17563.0|18570.0
 2014|F6569|50-54|W|GER|5731|642|1824.0|3615.0|5426.0|7239.0|7642.0|9555.0|11986.0|14409.0|17370.0|18567.0
 2014|F3674|H|W|GER|5730|786|2099.0|4300.0|6454.0|8552.0|9014.0|10877.0|13070.0|15241.0|17515.0|18566.0
 2014|F9673|H|W|GER|5729|785|2099.0|4300.0|6454.0|8551.0|9014.0|10876.0|13070.0|15241.0|17514.0|18566.0
 2014|F365|50-54|W|GER|5728|641|1946.0|3959.0|6051.0|8190.0|8663.0|10429.0|12699.0|15154.0|17576.0|18566.0
 2014|F6221|45-49|W|GER|5727|1045|1963.0|4037.0|6139.0|8229.0|8697.0|10476.0|12869.0|15248.0|17589.0|18562.0
 2014|F9612|30-34|W|GER|5726|901|1962.0|4492.0|6460.0|8511.0|8953.0|10579.0|12678.0|14929.0|17425.0|18555.0
 2014|F4051|35-39|W|GBR|5725|865|2071.0|4134.0|6238.0|8385.0|8840.0|10588.0|12870.0|15219.0|17606.0|18555.0
 2014|F3623|50-54|W|GER|5724|640|2194.0|4490.0|6639.0|8808.0|9256.0|10956.0|13194.0|15418.0|17600.0|18548.0
 2014|F8010|H|W|TPE|5723|784|1884.0|3908.0|5836.0|7856.0|8371.0|10185.0|12480.0|14829.0|17438.0|18546.0
 2014|F3415|65-69|W|GER|5722|20|1964.0|3991.0|6070.0|8237.0|8722.0|10500.0|12891.0|15228.0|17596.0|18544.0
 2014|F2283|H|W|GER|5721|783|2039.0|4140.0|6239.0|8364.0|8832.0|10542.0|12761.0|15071.0|17508.0|18542.0
 2014|F9079|50-54|W|AUS|5720|639|1902.0|3806.0|5848.0|7970.0|8478.0|10198.0|12675.0|15136.0|17534.0|18542.0
 2014|F8894|H|W|GBR|5719|782|1839.0|3826.0|5793.0|7857.0|8434.0|10187.0|12530.0|14814.0|17592.0|18542.0
 2014|F1980|45-49|W|MEX|5718|1044|1970.0|3941.0|5905.0|7980.0|8470.0|10280.0|12841.0|15265.0|17582.0|18541.0
 2014|F3305|H|W|GER|5717|781|1992.0|4080.0|6194.0|8351.0|8816.0|10606.0|12917.0|15266.0|17595.0|18537.0
 2014|F7029|50-54|W|GER|5716|638|2071.0|4264.0|6443.0|8649.0|9149.0|10901.0|13219.0|15420.0|17650.0|18537.0
 2014|F4622|45-49|W|GER|5715|1043|2091.0|4161.0|6222.0|8382.0|8848.0|10563.0|12843.0|15250.0|17521.0|18537.0
 2014|F5815|30-34|W|GBR|5714|900|1854.0|3834.0|6095.0|8111.0|8597.0|10314.0|12593.0|14935.0|17479.0|18535.0
 2014|F3656|35-39|W|GER|5713|864|1865.0|3790.0|5782.0|7778.0|8308.0|10167.0|12652.0|15106.0|17569.0|18533.0
 2014|F5949|30-34|W|GER|5712|899|2089.0|4232.0|6349.0|8530.0|8995.0|10721.0|12917.0|15210.0|17493.0|18533.0
 2014|F3195|55-59|W|GBR|5711|273|1947.0|3978.0|6050.0|8264.0|8730.0|10526.0|NaN|15198.0|17523.0|18532.0
 2014|F1228|45-49|W|FIN|5710|1042|1955.0|3925.0|5848.0|7809.0|8314.0|10097.0|12380.0|15174.0|17519.0|18530.0
 2014|F3652|30-34|W|NED|5708|898|2084.0|4170.0|6287.0|8450.0|8916.0|10664.0|12936.0|15171.0|17575.0|18529.0
 2014|F8007|H|W|USA|5708|780|2104.0|4264.0|6417.0|8574.0|9047.0|10833.0|13025.0|15244.0|17571.0|18529.0
 2014|F5578|35-39|W|CRC|5707|863|1998.0|4089.0|6173.0|8241.0|8690.0|10411.0|12567.0|14995.0|17477.0|18521.0
 2014|F9457|50-54|W|GER|5706|637|1778.0|3606.0|5401.0|7248.0|7669.0|9392.0|12091.0|14562.0|17318.0|18520.0
 2014|F2544|H|W|DEN|5705|779|1979.0|3967.0|6020.0|7912.0|8328.0|9937.0|12199.0|14815.0|17528.0|18518.0
 2014|F9413|50-54|W|GER|5704|636|2231.0|4482.0|6667.0|8874.0|9343.0|11078.0|13306.0|15465.0|17628.0|18515.0
 2014|F3284|50-54|W|DEN|5703|635|1870.0|3908.0|5868.0|7951.0|8403.0|10219.0|12859.0|15187.0|17473.0|18514.0
 2014|F2602|50-54|W|SWE|5702|634|1977.0|4011.0|6047.0|8147.0|8596.0|10375.0|12650.0|14991.0|17456.0|18510.0
 2014|F7520|30-34|W|BEL|5701|897|1951.0|3924.0|5997.0|8123.0|8579.0|10386.0|12652.0|15084.0|17604.0|18506.0
 2014|F4222|H|W|ITA|5700|778|1911.0|3872.0|5990.0|8126.0|8648.0|10564.0|12806.0|15250.0|17644.0|18506.0
 2014|F7517|40-44|W|IRL|5699|1073|1965.0|4147.0|6155.0|8231.0|8681.0|10392.0|12674.0|15001.0|17456.0|18503.0
 2014|F7066|H|W|GER|5698|777|1805.0|3631.0|5652.0|7684.0|8104.0|10006.0|12502.0|14970.0|17542.0|18503.0
 2014|F1729|40-44|W|GER|5697|1072|1831.0|3717.0|5634.0|7565.0|7985.0|9571.0|11836.0|14307.0|16975.0|18503.0
 2014|F2196|30-34|W|GER|5696|896|2082.0|4230.0|6363.0|8518.0|8990.0|10705.0|12960.0|15208.0|17526.0|18503.0
 2014|F1523|40-44|W|GER|5695|1071|1888.0|3810.0|5829.0|7879.0|8348.0|10176.0|12580.0|14981.0|17352.0|18503.0
 2014|F4462|65-69|W|SWE|5694|19|2031.0|4154.0|6261.0|8365.0|8821.0|10561.0|12828.0|15196.0|17492.0|18499.0
 2014|F5271|30-34|W|MAS|5693|895|2132.0|4267.0|6427.0|8574.0|9041.0|10743.0|12952.0|15165.0|17561.0|18495.0
 2014|F1408|45-49|W|IRL|5692|1041|2093.0|4176.0|6271.0|8353.0|8800.0|10523.0|12844.0|15175.0|17524.0|18484.0
 2014|F1353|35-39|W|GER|5691|862|1857.0|3689.0|5605.0|7535.0|8148.0|9968.0|12229.0|15010.0|17372.0|18480.0
 2014|F9474|30-34|W|MAR|5690|894|1996.0|3999.0|6040.0|8117.0|8603.0|10275.0|12538.0|14894.0|17433.0|18477.0
 2014|F2107|40-44|W|GER|5689|1070|2076.0|4170.0|6236.0|8341.0|8805.0|10513.0|12728.0|15038.0|17385.0|18475.0
 2014|F8250|H|W|GBR|5688|776|2019.0|4011.0|5984.0|8137.0|8567.0|10167.0|12729.0|15155.0|17505.0|18474.0
 2014|F8767|35-39|W|GBR|5687|861|1878.0|3996.0|6137.0|8208.0|8675.0|10425.0|12796.0|15176.0|17521.0|18471.0
 2014|F3135|30-34|W|GER|5686|893|2148.0|4386.0|6558.0|8696.0|9165.0|10845.0|13086.0|15285.0|17515.0|18469.0
 2014|F4399|50-54|W|GER|5685|633|2140.0|4350.0|6443.0|8525.0|9112.0|10798.0|13032.0|15157.0|17510.0|18462.0
 2014|F7869|30-34|W|GER|5684|892|2151.0|4348.0|6579.0|8777.0|9248.0|10976.0|13166.0|15437.0|17582.0|18460.0
 2014|F1972|30-34|W|CRC|5683|891|1899.0|3911.0|5924.0|8023.0|8498.0|10342.0|12579.0|15007.0|17472.0|18459.0
 2014|F2017|35-39|W|BRA|5682|860|2266.0|4461.0|6711.0|8859.0|9331.0|11083.0|13242.0|15390.0|17526.0|18454.0
 2014|F8945|35-39|W|MEX|5681|859|1897.0|3898.0|5942.0|8072.0|8522.0|10278.0|12620.0|14996.0|17396.0|18450.0
 2014|F3630|30-34|W|SWE|5680|890|2167.0|4324.0|6503.0|8634.0|9094.0|10831.0|13040.0|15175.0|17474.0|18448.0
 2014|F9238|60-64|W|SVK|5679|101|2035.0|4104.0|6196.0|8291.0|8758.0|10553.0|12735.0|14904.0|17486.0|18448.0
 2014|F3730|40-44|W|USA|5678|1069|1874.0|3797.0|6007.0|8408.0|8860.0|10677.0|12969.0|15230.0|17512.0|18447.0
 2014|F9362|35-39|W|GBR|5677|858|1996.0|4023.0|6141.0|8128.0|8552.0|10237.0|12461.0|14845.0|17405.0|18447.0
 2014|F596|30-34|W|GER|5676|889|2081.0|4188.0|6314.0|8438.0|8897.0|10599.0|12789.0|15043.0|17286.0|18436.0
 2014|F6678|30-34|W|GBR|5675|888|2124.0|4245.0|6357.0|8443.0|8903.0|10595.0|12878.0|15142.0|17465.0|18435.0
 2014|F4949|35-39|W|GER|5674|857|2027.0|4105.0|6481.0|8557.0|8998.0|10682.0|12829.0|14982.0|17362.0|18429.0
 2014|F2003|50-54|W|GBR|5673|632|1895.0|3769.0|5663.0|7596.0|8036.0|9820.0|12198.0|14720.0|17321.0|18428.0
 2014|F4778|50-54|W|DEN|5672|631|1990.0|4037.0|6350.0|8341.0|8774.0|10423.0|12593.0|15031.0|17499.0|18426.0
 2014|F1971|H|W|GBR|5671|775|2010.0|4028.0|6014.0|8067.0|8507.0|10198.0|12673.0|14936.0|17417.0|18419.0
 2014|F121|65-69|W|GER|5670|18|1953.0|3996.0|6117.0|8242.0|8717.0|10421.0|12607.0|14986.0|17433.0|18419.0
 2014|F2752|50-54|W|GER|5669|630|2040.0|4138.0|6194.0|8291.0|8741.0|10414.0|12644.0|15028.0|17438.0|18418.0
 2014|F1290|50-54|W|GER|5668|629|2048.0|4200.0|6345.0|8521.0|9041.0|10716.0|12915.0|15143.0|17443.0|18418.0
 2014|F7698|45-49|W|GER|5667|1040|1892.0|3821.0|5818.0|7888.0|8365.0|10047.0|12473.0|14977.0|17452.0|18416.0
 2014|F1165|35-39|W|NED|5666|856|1940.0|3875.0|5807.0|7759.0|8187.0|9830.0|12092.0|14470.0|17162.0|18409.0
 2014|F1065|35-39|W|ITA|5665|855|2286.0|4430.0|6544.0|8644.0|9097.0|10713.0|12857.0|15049.0|17461.0|18407.0
 2014|F2864|45-49|W|POL|5664|1039|1941.0|3908.0|5909.0|7988.0|8449.0|10241.0|12549.0|14911.0|17439.0|18401.0
 2014|F7576|55-59|W|NOR|5663|272|2018.0|4156.0|6306.0|8468.0|8934.0|10688.0|12937.0|15304.0|17482.0|18401.0
 2014|F2562|55-59|W|GER|5662|271|1913.0|3813.0|5779.0|7759.0|8194.0|9961.0|12269.0|14740.0|17341.0|18401.0
 2014|F1409|45-49|W|SWE|5661|1038|1980.0|3991.0|6124.0|8164.0|8603.0|10333.0|12603.0|14951.0|17376.0|18397.0
 2014|F9589|30-34|W|SUI|5660|887|2022.0|4071.0|6134.0|8215.0|8669.0|10333.0|12556.0|14922.0|17369.0|18396.0
 2014|F4242|50-54|W|DEN|5659|628|1991.0|4055.0|6161.0|8241.0|8713.0|10430.0|12785.0|15148.0|17467.0|18396.0
 2014|F9172|50-54|W|GER|5658|627|1965.0|3991.0|6035.0|8141.0|8603.0|10337.0|12590.0|14927.0|17313.0|18395.0
 2014|F5468|50-54|W|GER|5657|626|1944.0|4029.0|6081.0|8186.0|8732.0|10478.0|12762.0|15086.0|17407.0|18394.0
 2014|F1147|H|W|GBR|5656|774|1999.0|4182.0|6278.0|8301.0|8733.0|10592.0|12850.0|15168.0|17533.0|18389.0
 2014|F8825|40-44|W|GER|5655|1068|2238.0|4283.0|6332.0|8438.0|8915.0|10639.0|12830.0|15104.0|17431.0|18386.0
 2014|F4157|40-44|W|POL|5654|1067|1853.0|3899.0|5999.0|8185.0|8648.0|10464.0|12759.0|15190.0|17473.0|18385.0
 2014|F8504|35-39|W|BAH|5653|854|1941.0|3929.0|5981.0|8130.0|8581.0|10378.0|12667.0|14960.0|17336.0|18385.0
 2014|F2554|45-49|W|GER|5652|1037|1961.0|3932.0|5942.0|8144.0|8625.0|10466.0|12830.0|15151.0|17430.0|18384.0
 2014|F600|35-39|W|GBR|5651|853|2080.0|4234.0|6657.0|8720.0|9157.0|10750.0|12905.0|15036.0|17423.0|18383.0
 2014|F8721|30-34|W|GER|5650|886|2078.0|4179.0|6232.0|8274.0|8721.0|10378.0|12589.0|14891.0|17318.0|18383.0
 2014|F4125|H|W|DEN|5649|773|2085.0|4445.0|6522.0|8648.0|9091.0|10757.0|13195.0|15317.0|17465.0|18383.0
 2014|F8036|40-44|W|JPN|5648|1066|2003.0|4102.0|6199.0|8352.0|8799.0|10485.0|12758.0|15054.0|17416.0|18382.0
 2014|F7052|40-44|W|GER|5647|1065|1965.0|3883.0|5877.0|7793.0|8211.0|9780.0|11928.0|14716.0|17319.0|18380.0
 2014|F4287|H|W|SWE|5646|772|1874.0|3865.0|5938.0|7998.0|8491.0|10246.0|12644.0|14940.0|17357.0|18379.0
 2014|F219|75-79|W|GER|5645|1|2010.0|4028.0|6066.0|8123.0|8625.0|10315.0|12654.0|15001.0|17366.0|18378.0
 2014|F3478|35-39|W|GBR|5644|852|1946.0|4112.0|6226.0|8365.0|9101.0|10797.0|13200.0|15486.0|17619.0|18378.0
 2014|F4855|50-54|W|GER|5643|625|2067.0|4176.0|6314.0|8455.0|8931.0|10646.0|12891.0|15179.0|17422.0|18377.0
 2014|F1393|30-34|W|GBR|5642|885|2109.0|4292.0|6457.0|8627.0|9237.0|10936.0|13121.0|15313.0|17479.0|18373.0
 2014|F7661|45-49|W|GER|5641|1036|1971.0|4279.0|6523.0|8500.0|8938.0|10581.0|12903.0|15230.0|17507.0|18372.0
 2014|F5682|55-59|W|ARG|5640|270|1976.0|4115.0|6407.0|9364.0|10170.0|NaN|NaN|NaN|17465.0|18372.0
 2014|F6418|50-54|W|ARG|5639|624|1976.0|4115.0|6407.0|8574.0|9028.0|10769.0|13045.0|15310.0|17465.0|18372.0
 2014|F2030|H|W|GBR|5638|771|2047.0|4099.0|6532.0|8787.0|9241.0|10904.0|13072.0|15209.0|17484.0|18370.0
 2014|F612|50-54|W|USA|5637|623|2159.0|4405.0|6647.0|8895.0|9372.0|11058.0|13241.0|15425.0|17486.0|18369.0
 2014|F1029|45-49|W|GER|5636|1035|1842.0|3718.0|5661.0|7724.0|8205.0|9969.0|12255.0|14737.0|17361.0|18369.0
 2014|F2785|40-44|W|GER|5635|1064|1991.0|4049.0|6102.0|8183.0|8641.0|10298.0|12446.0|14762.0|17320.0|18367.0
 2014|F6305|35-39|W|GER|5634|851|2064.0|4191.0|6299.0|8430.0|8896.0|10583.0|12814.0|15068.0|17353.0|18367.0
 2014|F6134|45-49|W|GER|5633|1034|2089.0|4244.0|6429.0|8645.0|9131.0|10947.0|13217.0|15380.0|17484.0|18362.0
 2014|F4911|50-54|W|GER|5632|622|1928.0|3919.0|5933.0|8030.0|8485.0|10282.0|12638.0|14981.0|17398.0|18361.0
 2014|F3105|40-44|W|DEN|5631|1063|1813.0|3663.0|5577.0|7628.0|8084.0|10093.0|12663.0|14932.0|17378.0|18354.0
 2014|F7634|45-49|W|GER|5630|1033|2008.0|4023.0|6133.0|8284.0|8751.0|10463.0|12795.0|15139.0|17419.0|18353.0
 2014|F9587|40-44|W|BRA|5629|1062|2100.0|4232.0|6346.0|8597.0|9100.0|10891.0|13108.0|15307.0|17483.0|18352.0
 2014|F1674|45-49|W|GBR|5628|1032|2007.0|4090.0|6216.0|8289.0|8735.0|10444.0|12694.0|14968.0|17363.0|18352.0
 2014|F6222|H|W|GER|5627|770|2112.0|4236.0|6380.0|8518.0|8983.0|10706.0|12959.0|15118.0|17424.0|18350.0
 2014|F7581|45-49|W|FRO|5626|1031|1941.0|3913.0|5903.0|7920.0|8355.0|10127.0|12481.0|14899.0|17387.0|18350.0
 2014|F3157|50-54|W|GER|5625|621|1913.0|3847.0|5899.0|8035.0|8509.0|10355.0|12733.0|15048.0|17368.0|18349.0
 2014|F2616|50-54|W|ESP|5624|620|1959.0|3858.0|5767.0|7908.0|8418.0|10127.0|12475.0|14790.0|17301.0|18349.0
 2014|F8602|35-39|W|GER|5623|850|2010.0|3956.0|5963.0|8073.0|8536.0|10346.0|12656.0|14982.0|17373.0|18344.0
 2014|F5409|H|W|GBR|5622|769|2072.0|4158.0|6223.0|8340.0|8802.0|10504.0|12745.0|14960.0|17266.0|18344.0
 2014|F3400|40-44|W|NED|5621|1061|1979.0|3977.0|5991.0|8051.0|8507.0|10205.0|12567.0|14879.0|17364.0|18343.0
 2014|F8285|H|W|GBR|5620|768|1989.0|4076.0|6194.0|8307.0|8765.0|10525.0|12756.0|14996.0|17389.0|18342.0
 2014|F6557|50-54|W|CAN|5619|619|1924.0|3991.0|6109.0|8217.0|8682.0|10441.0|12782.0|15075.0|17381.0|18341.0
 2014|F1556|45-49|W|GER|5618|1030|2036.0|4126.0|6317.0|8463.0|8930.0|10656.0|12873.0|15166.0|17396.0|18341.0
 2014|F8535|H|W|GBR|5617|767|1810.0|3573.0|5323.0|7089.0|7484.0|9002.0|11314.0|14243.0|17072.0|18340.0
 2014|F1018|H|W|GER|5616|766|2017.0|4142.0|6184.0|8352.0|8781.0|10490.0|12830.0|15168.0|17436.0|18340.0
 2014|F4841|H|W|POL|5615|765|1932.0|4003.0|6004.0|8040.0|8575.0|10167.0|12574.0|14973.0|17369.0|18337.0
 2014|F9393|45-49|W|GER|5614|1029|1955.0|4073.0|6123.0|8314.0|8773.0|10685.0|12934.0|15183.0|17412.0|18331.0
 2014|F6875|40-44|W|POR|5613|1060|1833.0|3673.0|5525.0|7391.0|7793.0|9293.0|11245.0|13840.0|17157.0|18329.0
 2014|F5355|30-34|W|TPE|5612|884|2034.0|4145.0|6250.0|8296.0|8737.0|10606.0|12792.0|15097.0|17431.0|18328.0
 2014|F3676|55-59|W|GER|5611|269|1979.0|4106.0|6189.0|8311.0|8786.0|10510.0|12764.0|14991.0|17381.0|18327.0
 2014|F4735|50-54|W|DEN|5610|618|2185.0|4293.0|6361.0|8435.0|8893.0|10520.0|12707.0|14987.0|17310.0|18326.0
 2014|F6247|45-49|W|DEN|5609|1028|2185.0|4293.0|6360.0|8436.0|8893.0|10519.0|12706.0|14986.0|17310.0|18326.0
 2014|F1998|35-39|W|USA|5608|849|1995.0|3998.0|6039.0|8166.0|8600.0|10397.0|12658.0|14997.0|17349.0|18324.0
 2014|F3076|H|W|SUI|5607|764|1950.0|3920.0|5890.0|7880.0|8326.0|10063.0|12377.0|14762.0|17311.0|18324.0
 2014|F4466|30-34|W|SWE|5606|883|2048.0|4170.0|6322.0|8429.0|8892.0|10548.0|12781.0|15034.0|17501.0|18324.0
 2014|F5450|35-39|W|PER|5605|848|1736.0|3601.0|5521.0|7529.0|8002.0|9742.0|12165.0|14641.0|17315.0|18323.0
 2014|F2694|30-34|W|GER|5604|882|2046.0|4146.0|6135.0|8163.0|8617.0|10275.0|12615.0|14964.0|17302.0|18323.0
 2014|F8921|45-49|W|ITA|5603|1027|2099.0|4090.0|6009.0|8038.0|8503.0|10401.0|12615.0|15054.0|17561.0|18321.0
 2014|F3050|55-59|W|NED|5602|268|1913.0|3899.0|5939.0|8014.0|8465.0|10174.0|12438.0|14900.0|17326.0|18321.0
 2014|F1261|50-54|W|SWE|5601|617|2043.0|4102.0|6316.0|8355.0|8810.0|10545.0|12808.0|15028.0|17247.0|18319.0
 2014|F1982|40-44|W|VEN|5600|1059|2065.0|4153.0|6283.0|8431.0|8896.0|10630.0|12792.0|15006.0|17304.0|18319.0
 2014|F6985|45-49|W|GBR|5599|1026|1949.0|3988.0|6071.0|8176.0|8643.0|10521.0|12705.0|15013.0|17296.0|18318.0
 2014|F4491|30-34|W|JPN|5598|881|1952.0|4010.0|6084.0|8149.0|8577.0|10187.0|12350.0|14595.0|17047.0|18318.0
 2014|F1333|35-39|W|GBR|5597|847|1952.0|4026.0|6038.0|8160.0|8605.0|10315.0|12554.0|14924.0|17418.0|18318.0
 2014|F4434|35-39|W|JPN|5596|846|2010.0|4080.0|6095.0|8260.0|8708.0|10352.0|12533.0|15078.0|17467.0|18315.0
 2014|F7373|35-39|W|GER|5595|845|1985.0|4020.0|6250.0|8334.0|8790.0|10487.0|12653.0|15001.0|17270.0|18312.0
 2014|F5593|30-34|W|BEL|5594|880|1980.0|4064.0|6109.0|8170.0|8616.0|10302.0|12629.0|14936.0|17354.0|18311.0
 2014|F4066|50-54|W|CAN|5593|616|1805.0|3649.0|5563.0|7724.0|8152.0|9934.0|12196.0|14740.0|17315.0|18308.0
 2014|F9374|45-49|W|GER|5592|1025|2130.0|4126.0|6100.0|8152.0|8598.0|10287.0|12695.0|14900.0|17351.0|18307.0
 2014|F8914|30-34|W|USA|5591|879|1981.0|3951.0|5926.0|7907.0|8333.0|10085.0|12356.0|14840.0|17305.0|18307.0
 2014|F4790|H|W|POL|5590|763|1946.0|3838.0|5788.0|7829.0|8291.0|10219.0|12431.0|14876.0|17400.0|18305.0
 2014|F8179|50-54|W|DEN|5589|615|2050.0|4218.0|6295.0|8500.0|8945.0|10704.0|12840.0|14994.0|17188.0|18305.0
 2014|F8109|30-34|W|DEN|5588|878|2144.0|4647.0|6836.0|9136.0|9607.0|11297.0|13442.0|15445.0|17481.0|18304.0
 2014|F3025|35-39|W|MEX|5587|844|2091.0|4268.0|6391.0|8483.0|9013.0|10696.0|12858.0|15132.0|17363.0|18304.0
 2014|F6694|H|W|GER|5586|762|2129.0|4356.0|6534.0|8733.0|9287.0|11017.0|13228.0|15296.0|17397.0|18303.0
 2014|F928|55-59|W|FRA|5585|267|1790.0|3618.0|5537.0|7785.0|8202.0|10063.0|12382.0|14860.0|17421.0|18300.0
 2014|F8554|H|W|GER|5584|761|2080.0|4183.0|6230.0|8284.0|8741.0|10363.0|12497.0|14758.0|17336.0|18299.0
 2014|F7203|35-39|W|GER|5583|843|1944.0|3854.0|5867.0|7914.0|8363.0|10009.0|12279.0|14719.0|17298.0|18299.0
 2014|F902|30-34|W|RUS|5582|877|2143.0|4356.0|6617.0|9010.0|9504.0|11282.0|13533.0|15648.0|17544.0|18299.0
 2014|F6911|45-49|W|GER|5581|1024|2167.0|4263.0|6352.0|8450.0|8911.0|10600.0|12915.0|15136.0|17350.0|18296.0
 2014|F7297|55-59|W|FIN|5580|266|1937.0|3930.0|6071.0|8176.0|8632.0|10402.0|12723.0|15001.0|17327.0|18295.0
 2014|F6365|45-49|W|GER|5579|1023|2030.0|4065.0|6126.0|8213.0|8643.0|10489.0|12783.0|15130.0|17320.0|18294.0
 2014|F1607|50-54|W|GER|5578|614|1968.0|3958.0|6054.0|8238.0|8726.0|NaN|NaN|NaN|NaN|18293.0
 2014|F6798|50-54|W|GER|5577|613|1968.0|3958.0|6054.0|8125.0|8573.0|10393.0|12639.0|15044.0|17257.0|18293.0
 2014|F447|60-64|W|GER|5576|100|1955.0|3923.0|5937.0|7938.0|8376.0|9993.0|12135.0|14334.0|17024.0|18292.0
 2014|F5325|35-39|W|GER|5575|842|2003.0|4109.0|6208.0|8318.0|8766.0|10422.0|12656.0|14967.0|17280.0|18292.0
 2014|F9674|H|W|GER|5574|760|1868.0|3799.0|5760.0|7765.0|8237.0|10044.0|12363.0|14736.0|17321.0|18291.0
 2014|F8190|45-49|W|GER|5573|1022|1983.0|3967.0|5964.0|7978.0|8423.0|10080.0|12427.0|14830.0|17272.0|18290.0
 2014|F1931|50-54|W|IRL|5572|612|1919.0|3873.0|5852.0|7941.0|8423.0|10330.0|12606.0|14898.0|17243.0|18290.0
 2014|F4454|H|W|GER|5571|759|1820.0|3712.0|5593.0|7519.0|7962.0|9563.0|12045.0|14497.0|17204.0|18288.0
 2014|F9641|30-34|W|SUI|5570|876|1927.0|3904.0|6012.0|8168.0|8680.0|10434.0|12602.0|14884.0|17259.0|18288.0
 2014|F4236|40-44|W|DEN|5569|1058|1908.0|3828.0|5736.0|7720.0|8153.0|9980.0|12252.0|14729.0|17206.0|18287.0
 2014|F2922|35-39|W|GER|5568|841|1803.0|3652.0|5611.0|7742.0|8201.0|10111.0|12524.0|14839.0|17321.0|18284.0
 2014|F646|40-44|W|DEN|5567|1057|1999.0|4016.0|5993.0|7992.0|8440.0|10128.0|12251.0|14462.0|17215.0|18282.0
 2014|F7254|55-59|W|GBR|5566|265|1964.0|4176.0|6240.0|8315.0|8777.0|10471.0|12785.0|15041.0|17333.0|18281.0
 2014|F1906|50-54|W|FRA|5565|611|2117.0|4140.0|6358.0|8373.0|8830.0|10522.0|12713.0|14946.0|17300.0|18280.0
 2014|F5666|H|W|GBR|5564|758|1895.0|3863.0|5776.0|7743.0|8186.0|10114.0|12325.0|14644.0|17284.0|18276.0
 2014|F2880|50-54|W|GER|5563|610|2026.0|4080.0|6097.0|8124.0|8567.0|10174.0|12367.0|14699.0|17189.0|18273.0
 2014|F967|65-69|W|DEN|5562|17|1903.0|3978.0|5977.0|8008.0|8432.0|10145.0|12462.0|14990.0|17192.0|18270.0
 2014|F3931|40-44|W|DEN|5561|1056|1781.0|3654.0|5564.0|7526.0|7962.0|9585.0|11796.0|14351.0|17210.0|18266.0
 2014|F6145|30-34|W|GER|5560|875|1886.0|3759.0|5640.0|7541.0|7964.0|9628.0|12146.0|14510.0|17335.0|18265.0
 2014|F7128|35-39|W|GER|5559|840|1930.0|3860.0|5809.0|7822.0|8267.0|10065.0|12357.0|14695.0|17199.0|18264.0
 2014|F4243|40-44|W|DEN|5558|1055|2022.0|4121.0|6194.0|8310.0|8775.0|10498.0|12725.0|14995.0|17279.0|18264.0
 2014|F4475|H|W|DEN|5557|757|1880.0|3788.0|5704.0|7705.0|8264.0|9973.0|12253.0|14828.0|17286.0|18264.0
 2014|F7615|45-49|W|USA|5556|1021|1949.0|3946.0|6104.0|8401.0|8867.0|10602.0|12860.0|15128.0|17328.0|18262.0
 2014|F3740|H|W|FIN|5555|756|1949.0|3883.0|5912.0|7963.0|8420.0|10111.0|12576.0|14803.0|17317.0|18260.0
 2014|F6461|40-44|W|SWE|5554|1054|2167.0|4324.0|6503.0|8634.0|9095.0|10832.0|13040.0|15175.0|17361.0|18252.0
 2014|F8644|35-39|W|USA|5553|839|1951.0|3927.0|6296.0|8338.0|8791.0|10739.0|12858.0|15034.0|17309.0|18250.0
 2014|F4957|35-39|W|FRO|5552|838|1897.0|3847.0|5790.0|8022.0|8472.0|10208.0|12465.0|14851.0|17296.0|18248.0
 2014|F8860|50-54|W|DEN|5551|609|1930.0|3992.0|5940.0|8022.0|8489.0|10235.0|12497.0|14928.0|17229.0|18241.0
 2014|F3411|45-49|W|GER|5550|1020|2070.0|4410.0|6450.0|8448.0|8881.0|10471.0|12530.0|14784.0|17212.0|18240.0
 2014|F6000|35-39|W|GER|5549|837|2002.0|4086.0|6203.0|8309.0|8775.0|10578.0|12772.0|14981.0|17282.0|18236.0
 2014|F945|35-39|W|GBR|5548|836|2040.0|3942.0|5919.0|8060.0|8528.0|10330.0|12785.0|15010.0|17294.0|18234.0
 2014|F5403|50-54|W|PAR|5547|608|2045.0|4334.0|6396.0|8461.0|9060.0|10781.0|12979.0|15082.0|17284.0|18234.0
 2014|F9042|55-59|W|NED|5546|264|2020.0|4161.0|6285.0|8447.0|8922.0|NaN|NaN|NaN|16991.0|18231.0
 2014|F2032|H|W|MEX|5545|755|1859.0|3637.0|5453.0|7481.0|8113.0|9767.0|12197.0|14792.0|17289.0|18231.0
 2014|F516|35-39|W|SWE|5544|835|2055.0|4122.0|6125.0|8161.0|8605.0|10399.0|12624.0|14899.0|17269.0|18229.0
 2014|F1302|H|W|GER|5543|754|2107.0|4293.0|6441.0|8651.0|9137.0|10881.0|13060.0|15222.0|17335.0|18227.0
 2014|F9369|45-49|W|GER|5542|1019|2013.0|4085.0|6134.0|8190.0|8630.0|10354.0|12409.0|14657.0|17075.0|18224.0
 2014|F9390|55-59|W|GER|5541|263|2090.0|4311.0|6429.0|8568.0|9196.0|10880.0|13134.0|15382.0|17335.0|18223.0
 2014|F3893|50-54|W|GER|5540|607|1826.0|3698.0|5657.0|7649.0|8094.0|9728.0|11939.0|14250.0|17126.0|18222.0
 2014|F4787|35-39|W|GER|5539|834|2272.0|4346.0|6369.0|8589.0|9071.0|10905.0|13254.0|15430.0|17376.0|18221.0
 2014|F3085|50-54|W|SUI|5538|606|2029.0|4073.0|6073.0|8071.0|8504.0|10107.0|12209.0|14704.0|17223.0|18221.0
 2014|F8148|50-54|W|GER|5537|605|1817.0|3689.0|5630.0|7615.0|8061.0|9859.0|12566.0|14817.0|17226.0|18220.0
 2014|F1025|45-49|W|GER|5536|1018|1961.0|4042.0|6044.0|8127.0|8578.0|10331.0|12635.0|14949.0|17269.0|18219.0
 2014|F3680|55-59|W|DEN|5535|262|1802.0|3641.0|5512.0|7462.0|7892.0|9913.0|12250.0|14793.0|17220.0|18218.0
 2014|F4414|40-44|W|POL|5534|1053|2018.0|4065.0|6170.0|8232.0|8780.0|10553.0|12747.0|15016.0|17276.0|18214.0
 2014|F4839|30-34|W|LAT|5533|874|1845.0|3752.0|5688.0|7727.0|8213.0|9967.0|12331.0|14747.0|17214.0|18209.0
 2014|F1377|55-59|W|NED|5532|261|2095.0|4199.0|6295.0|8364.0|8817.0|10449.0|12576.0|14696.0|17077.0|18201.0
 2014|F4249|40-44|W|DEN|5531|1052|1945.0|4022.0|6141.0|8325.0|8798.0|10562.0|12874.0|15022.0|17315.0|18201.0
 2014|F4041|45-49|W|NED|5530|1017|1975.0|3931.0|5888.0|7841.0|8281.0|9891.0|11913.0|14111.0|17018.0|18196.0
 2014|F5017|50-54|W|GER|5529|604|2101.0|4264.0|6398.0|8539.0|9005.0|10722.0|12904.0|15078.0|17293.0|18196.0
 2014|F7200|30-34|W|GER|5528|873|1834.0|3760.0|5674.0|7769.0|8235.0|9983.0|12358.0|14873.0|17248.0|18191.0
 2014|F3929|H|W|ENG|5527|753|1912.0|3801.0|5727.0|7764.0|8205.0|10149.0|12360.0|14788.0|17332.0|18189.0
 2014|F950|45-49|W|FRA|5526|1016|1870.0|3831.0|5965.0|8003.0|8454.0|10185.0|12418.0|14760.0|17157.0|18188.0
 2014|F5471|40-44|W|RSA|5525|1051|2048.0|4228.0|6403.0|8626.0|9102.0|10863.0|12999.0|15104.0|17268.0|18185.0
 2014|F9502|50-54|W|SUI|5524|603|1807.0|3700.0|5624.0|7592.0|8030.0|9808.0|12197.0|14605.0|17254.0|18183.0
 2014|F8475|40-44|W|JPN|5523|1050|1911.0|3822.0|5927.0|7956.0|8421.0|10344.0|12674.0|14927.0|17139.0|18183.0
 2014|F1936|40-44|W|NOR|5522|1049|2117.0|4259.0|6380.0|8516.0|8970.0|10646.0|12839.0|15020.0|17267.0|18180.0
 2014|F8359|35-39|W|GER|5521|833|2330.0|4612.0|6919.0|8983.0|9416.0|11048.0|13128.0|15208.0|17292.0|18179.0
 2014|F3479|30-34|W|GBR|5520|872|1775.0|3600.0|5424.0|7281.0|7703.0|9285.0|11627.0|14183.0|17118.0|18179.0
 2014|F5255|40-44|W|GER|5519|1048|2200.0|4342.0|6448.0|8540.0|8994.0|10673.0|12863.0|15024.0|17213.0|18174.0
 2014|F4546|30-34|W|GER|5518|871|1921.0|3905.0|5889.0|7903.0|8418.0|10199.0|12526.0|15006.0|17254.0|18171.0
 2014|F456|40-44|W|GER|5517|1047|1902.0|4155.0|6533.0|8943.0|9347.0|10859.0|12811.0|14861.0|16931.0|18170.0
 2014|F3196|30-34|W|GER|5516|870|2020.0|4069.0|6085.0|8085.0|8520.0|10125.0|12319.0|14640.0|17133.0|18169.0
 2014|F4882|H|W|DEN|5515|752|2034.0|4285.0|6308.0|8639.0|9096.0|10778.0|13073.0|15176.0|17379.0|18163.0
 2014|F2407|35-39|W|SUI|5514|832|1924.0|3935.0|5956.0|8020.0|8481.0|10291.0|12487.0|14841.0|17210.0|18157.0
 2014|F5454|40-44|W|AUS|5513|1046|2087.0|4121.0|6184.0|8302.0|8755.0|10452.0|12717.0|14966.0|17205.0|18146.0
 2014|F4428|50-54|W|NED|5512|602|1979.0|4039.0|6108.0|8216.0|8680.0|10415.0|12655.0|14921.0|17188.0|18146.0
 2014|F1975|H|W|GBR|5511|751|1943.0|3878.0|5834.0|7883.0|8335.0|10044.0|12290.0|14648.0|17119.0|18141.0
 2014|F1050|45-49|W|GER|5510|1015|2054.0|4145.0|6217.0|8321.0|8834.0|10529.0|12871.0|15040.0|17204.0|18139.0
 2014|F867|30-34|W|GBR|5509|869|1941.0|3816.0|5857.0|7875.0|8329.0|9958.0|12152.0|14523.0|17077.0|18139.0
 2014|F2699|35-39|W|BRA|5508|831|1878.0|3725.0|5699.0|7605.0|8056.0|9619.0|11689.0|14019.0|17068.0|18137.0
 2014|F1211|50-54|W|GER|5507|601|1946.0|3978.0|5897.0|7935.0|8419.0|10143.0|12450.0|14857.0|17211.0|18136.0
 2014|F7452|45-49|W|GER|5506|1014|1841.0|3686.0|5765.0|8041.0|8525.0|10458.0|12779.0|15044.0|17285.0|18135.0
 2014|F6158|45-49|W|SUI|5505|1013|1984.0|4032.0|6139.0|8251.0|8736.0|10590.0|12765.0|14978.0|17204.0|18133.0
 2014|F3535|35-39|W|DEN|5504|830|2052.0|4155.0|6214.0|8271.0|8715.0|10393.0|12586.0|14806.0|17162.0|18131.0
 2014|F1820|45-49|W|CHN|5503|1012|1952.0|4014.0|6094.0|8195.0|8655.0|10416.0|12653.0|14908.0|17140.0|18129.0
 2014|F5612|50-54|W|GER|5502|600|1889.0|3822.0|5782.0|7765.0|8199.0|9911.0|12188.0|14608.0|17109.0|18128.0
 2014|F4946|30-34|W|GER|5501|868|1982.0|3968.0|5935.0|7888.0|8318.0|9876.0|11988.0|14336.0|17044.0|18126.0
 2014|F3472|50-54|W|SWE|5500|599|1920.0|3845.0|5810.0|7748.0|8161.0|9847.0|12034.0|14385.0|16974.0|18122.0
 2014|F1550|40-44|W|GER|5499|1045|2064.0|4191.0|6298.0|8429.0|8896.0|10583.0|12814.0|15067.0|17276.0|18122.0
 2014|F1573|40-44|W|NED|5498|1044|2039.0|4129.0|6200.0|8286.0|8744.0|10403.0|12530.0|14727.0|17074.0|18120.0
 2014|F7404|60-64|W|ITA|5497|99|2068.0|4215.0|6431.0|8564.0|9026.0|10872.0|13013.0|15058.0|17227.0|18116.0
 2014|F7995|30-34|W|USA|5496|867|2021.0|4081.0|6184.0|8325.0|8801.0|10547.0|12835.0|15047.0|17235.0|18113.0
 2014|F3055|30-34|W|GER|5495|866|2096.0|4221.0|6326.0|8488.0|8922.0|10534.0|12670.0|14815.0|17159.0|18111.0
 2014|F2609|45-49|W|GER|5494|1011|1847.0|3748.0|5687.0|7710.0|8137.0|9903.0|12260.0|14645.0|17090.0|18111.0
 2014|F7957|55-59|W|GER|5493|260|2123.0|4390.0|6630.0|8788.0|9227.0|10881.0|12964.0|15045.0|17237.0|18107.0
 2014|F3735|50-54|W|POL|5492|598|1836.0|3733.0|5740.0|7798.0|8251.0|10117.0|12377.0|14744.0|17107.0|18106.0
 2014|F5144|65-69|W|DEN|5491|16|1925.0|3878.0|5882.0|7873.0|8313.0|9959.0|12170.0|14554.0|17049.0|18101.0
 2014|F8328|45-49|W|GER|5490|1010|1947.0|3944.0|5883.0|7867.0|8316.0|9950.0|12192.0|14711.0|17111.0|18100.0
 2014|F1074|40-44|W|MAR|5489|1043|1963.0|3904.0|5870.0|7858.0|8296.0|9947.0|12278.0|14722.0|17035.0|18100.0
 2014|F3857|60-64|W|GER|5488|98|1947.0|3980.0|6045.0|8109.0|8558.0|10224.0|12512.0|14815.0|17112.0|18093.0
 2014|F7366|H|W|GER|5487|750|2027.0|4162.0|6212.0|8154.0|8558.0|10124.0|12417.0|14808.0|17096.0|18092.0
 2014|F5394|40-44|W|GER|5486|1042|2021.0|4094.0|6297.0|8383.0|8837.0|10574.0|12895.0|15094.0|17241.0|18091.0
 2014|F3749|50-54|W|GER|5485|597|2048.0|4199.0|6344.0|8520.0|9041.0|10717.0|12915.0|15143.0|17249.0|18091.0
 2014|F977|45-49|W|GER|5484|1009|2021.0|4093.0|6297.0|8382.0|8835.0|10567.0|12895.0|15083.0|17241.0|18090.0
 2014|F9051|50-54|W|GER|5483|596|1933.0|3908.0|5913.0|8032.0|8477.0|10198.0|12429.0|14745.0|17101.0|18089.0
 2014|F6956|55-59|W|CAN|5482|259|1937.0|3913.0|5930.0|7965.0|8412.0|10108.0|12312.0|14653.0|17059.0|18086.0
 2014|F6370|30-34|W|GER|5481|865|1943.0|3906.0|5864.0|7816.0|8256.0|9955.0|12390.0|14660.0|17054.0|18086.0
 2014|F2487|45-49|W|DEN|5480|1008|1866.0|3929.0|5939.0|7964.0|8425.0|10052.0|12362.0|14677.0|17134.0|18084.0
 2014|F743|H|W|GER|5479|749|1829.0|3751.0|5753.0|7735.0|8173.0|9810.0|11966.0|14386.0|17014.0|18082.0
 2014|F8851|60-64|W|FIN|5478|97|1746.0|3496.0|5419.0|7535.0|8002.0|9979.0|12363.0|14828.0|17119.0|18082.0
 2014|F9500|40-44|W|GER|5477|1041|2035.0|4203.0|6441.0|8495.0|8936.0|10450.0|12496.0|14653.0|17103.0|18077.0
 2014|F8130|50-54|W|DEN|5476|595|1997.0|4071.0|6172.0|8274.0|8716.0|10393.0|12640.0|14880.0|17137.0|18075.0
 2014|F1576|40-44|W|GER|5475|1040|1998.0|3967.0|5974.0|7901.0|8333.0|9884.0|12179.0|14637.0|17119.0|18073.0
 2014|F3024|H|W|MEX|5474|748|1862.0|3755.0|5635.0|7562.0|8012.0|9586.0|12005.0|14434.0|16887.0|18073.0
 2014|F2938|H|W|DEN|5473|747|1874.0|3750.0|5667.0|7641.0|8142.0|9663.0|11950.0|14550.0|17080.0|18070.0
 2014|F1518|40-44|W|GBR|5472|1039|1943.0|3901.0|6011.0|8226.0|8846.0|10422.0|12550.0|14829.0|17122.0|18069.0
 2014|F2231|H|W|GER|5471|746|2052.0|4114.0|6165.0|8237.0|8681.0|10423.0|12600.0|14881.0|17167.0|18068.0
 2014|F6514|40-44|W|BRA|5470|1038|1630.0|3381.0|5223.0|7114.0|7524.0|9049.0|11492.0|14160.0|16949.0|18067.0
 2014|F1090|35-39|W|MAR|5469|829|1920.0|3838.0|5927.0|7924.0|8415.0|10066.0|12295.0|14497.0|17161.0|18067.0
 2014|F4584|45-49|W|GER|5468|1007|1898.0|3872.0|5854.0|7993.0|8454.0|10212.0|12496.0|14815.0|17114.0|18066.0
 2014|F1671|H|W|GBR|5467|745|1940.0|3828.0|5687.0|7726.0|8231.0|10002.0|12236.0|14709.0|17118.0|18066.0
 2014|F8978|50-54|W|RSA|5466|594|1955.0|4095.0|6056.0|8077.0|8495.0|10165.0|12419.0|14858.0|17036.0|18065.0
 2014|F7314|H|W|USA|5465|744|1987.0|4264.0|6310.0|8379.0|8868.0|10506.0|12848.0|15087.0|17264.0|18064.0
 2014|F6777|30-34|W|USA|5464|864|1892.0|3898.0|5786.0|7723.0|8140.0|9924.0|12215.0|14443.0|17221.0|18064.0
 2014|F5059|35-39|W|POL|5463|828|1982.0|3992.0|6123.0|8152.0|8603.0|10256.0|12502.0|14735.0|17087.0|18064.0
 2014|F8322|45-49|W|GER|5462|1006|1939.0|3861.0|5797.0|7752.0|8200.0|9819.0|12138.0|14595.0|17145.0|18063.0
 2014|F2131|H|W|RUS|5461|743|1808.0|3655.0|5643.0|7728.0|8194.0|9895.0|12230.0|14889.0|17231.0|18062.0
 2014|F3008|30-34|W|ESP|5460|863|2095.0|4226.0|6317.0|8314.0|8752.0|10338.0|12420.0|14755.0|17171.0|18061.0
 2014|F4657|60-64|W|ISL|5459|96|1776.0|3745.0|5724.0|7689.0|8104.0|9988.0|12225.0|14562.0|17068.0|18060.0
 2014|F2290|30-34|W|SUI|5458|862|2072.0|4096.0|6106.0|8145.0|8589.0|10341.0|12561.0|14796.0|17153.0|18056.0
 2014|F1459|40-44|W|GER|5457|1037|2035.0|4122.0|6217.0|8326.0|8788.0|10481.0|12665.0|14852.0|17100.0|18054.0
 2014|F6128|30-34|W|USA|5455|861|1892.0|3898.0|5786.0|7723.0|8140.0|9923.0|12215.0|14443.0|17221.0|18051.0
 2014|F8294|50-54|W|GER|5455|593|1957.0|3991.0|6055.0|8200.0|8672.0|10335.0|12533.0|14838.0|17111.0|18051.0
 2014|F7622|40-44|W|INA|5454|1036|1915.0|3882.0|5868.0|7886.0|8432.0|10070.0|12353.0|14674.0|17019.0|18046.0
 2014|F5642|35-39|W|GER|5453|827|1977.0|3994.0|5977.0|8231.0|8650.0|10254.0|12490.0|14622.0|17008.0|18045.0
 2014|F4391|40-44|W|GER|5452|1035|1947.0|3896.0|5888.0|7956.0|8419.0|10121.0|12340.0|14662.0|17070.0|18045.0
 2014|F5371|H|W|GBR|5451|742|1890.0|3797.0|5680.0|7650.0|8110.0|9808.0|12198.0|14514.0|17089.0|18039.0
 2014|F4043|60-64|W|NED|5450|95|2023.0|4092.0|6173.0|8292.0|8750.0|10443.0|12598.0|14785.0|17040.0|18039.0
 2014|F3327|45-49|W|GER|5449|1005|1958.0|4044.0|6115.0|8175.0|8635.0|10324.0|12512.0|14737.0|17115.0|18038.0
 2014|F8460|H|W|GER|5448|741|1959.0|3932.0|5868.0|7822.0|8246.0|9833.0|12173.0|14591.0|17012.0|18038.0
 2014|F9572|35-39|W|POL|5447|826|1953.0|3963.0|5962.0|7949.0|8506.0|10191.0|12403.0|14699.0|17051.0|18034.0
 2014|F8033|30-34|W|JPN|5446|860|2012.0|4059.0|6141.0|8340.0|8795.0|10493.0|12653.0|14772.0|17076.0|18034.0
 2014|F526|H|W|SVK|5445|740|1819.0|3733.0|5678.0|7771.0|8200.0|9985.0|12550.0|14944.0|17186.0|18034.0
 2014|F1462|40-44|W|USA|5444|1034|1963.0|4051.0|6044.0|8049.0|8492.0|10172.0|12495.0|14875.0|17174.0|18032.0
 2014|F8906|H|W|FIN|5443|739|2050.0|4142.0|6220.0|8258.0|8732.0|10364.0|12532.0|14733.0|17050.0|18030.0
 2014|F9332|30-34|W|GBR|5442|859|1729.0|3531.0|5535.0|7597.0|8041.0|9774.0|12110.0|14479.0|16942.0|18028.0
 2014|F9422|35-39|W|GER|5441|825|2001.0|4059.0|6083.0|8113.0|8559.0|10270.0|12544.0|14733.0|17043.0|18028.0
 2014|F5353|50-54|W|KOR|5440|592|2201.0|4257.0|6173.0|8160.0|8608.0|10334.0|12665.0|14781.0|17084.0|18025.0
 2014|F7291|35-39|W|FRA|5439|824|1939.0|3910.0|5872.0|7872.0|8309.0|10004.0|12216.0|14606.0|17007.0|18024.0
 2014|F4310|40-44|W|GBR|5438|1033|2023.0|4063.0|6085.0|8123.0|8548.0|10117.0|12189.0|14394.0|17046.0|18023.0
 2014|F4253|H|W|GBR|5437|738|1816.0|3688.0|5647.0|7735.0|8221.0|9991.0|12306.0|14664.0|17046.0|18019.0
 2014|F6964|50-54|W|NED|5436|591|1997.0|4032.0|6119.0|8252.0|8716.0|10411.0|12611.0|14801.0|17044.0|18018.0
 2014|F3002|30-34|W|CHN|5435|858|1830.0|3660.0|5491.0|7526.0|8012.0|9757.0|12047.0|14337.0|16943.0|18011.0
 2014|F6825|50-54|W|GER|5434|590|2243.0|4484.0|6639.0|8782.0|9245.0|10921.0|13077.0|15114.0|17129.0|18011.0
 2014|F536|40-44|W|FRA|5433|1032|1990.0|4007.0|6032.0|8004.0|8423.0|9987.0|11991.0|14294.0|16977.0|18010.0
 2014|F3871|50-54|W|GER|5432|589|2121.0|4206.0|6244.0|8295.0|8744.0|10428.0|12535.0|14709.0|17060.0|18009.0
 2014|F6106|H|W|USA|5431|737|1907.0|3883.0|5828.0|7795.0|8213.0|10104.0|12347.0|14667.0|17064.0|18008.0
 2014|F2711|55-59|W|GER|5430|258|2085.0|4219.0|6333.0|8404.0|8842.0|10471.0|12658.0|14895.0|17062.0|18007.0
 2014|F4078|40-44|W|BRA|5429|1031|1968.0|3918.0|5929.0|8013.0|8487.0|10277.0|12425.0|14685.0|16996.0|18007.0
 2014|F1823|30-34|W|CHN|5428|857|1756.0|3597.0|5546.0|7698.0|8181.0|10180.0|12619.0|14754.0|17065.0|18006.0
 2014|F4336|40-44|W|FIN|5427|1030|2007.0|4149.0|6309.0|8419.0|8889.0|10631.0|12764.0|14924.0|17081.0|18005.0
 2014|F5083|45-49|W|SWE|5426|1004|1983.0|3961.0|6015.0|7995.0|8428.0|10071.0|12220.0|14553.0|16860.0|18004.0
 2014|F2990|55-59|W|IRL|5425|257|2051.0|4094.0|6192.0|8341.0|8788.0|10456.0|12529.0|14624.0|16978.0|18001.0
 2014|F8337|35-39|W|GER|5424|823|2074.0|4148.0|6215.0|8286.0|8732.0|10338.0|12400.0|14718.0|17103.0|17994.0
 2014|F8713|35-39|W|ITA|5423|822|2035.0|4220.0|6394.0|8440.0|8898.0|10551.0|12698.0|14760.0|17035.0|17993.0
 2014|F8616|H|W|DEN|5422|736|1763.0|3638.0|5562.0|7590.0|8057.0|9825.0|12137.0|14454.0|16925.0|17993.0
 2014|F9215|H|W|GBR|5421|735|2013.0|4077.0|6338.0|8495.0|9008.0|10799.0|12983.0|15097.0|17157.0|17993.0
 2014|F3099|30-34|W|GBR|5420|856|2012.0|4077.0|6337.0|8494.0|9008.0|10799.0|12982.0|15097.0|17157.0|17992.0
 2014|F2584|50-54|W|GER|5419|588|1830.0|3743.0|5734.0|7808.0|8260.0|10109.0|12487.0|14878.0|17103.0|17992.0
 2014|F1819|30-34|W|GER|5418|855|1966.0|3925.0|5940.0|8030.0|8488.0|10161.0|12340.0|14591.0|16977.0|17990.0
 2014|F7149|50-54|W|USA|5417|587|2005.0|4023.0|6045.0|8071.0|8515.0|10150.0|12330.0|14595.0|16967.0|17988.0
 2014|F4685|40-44|W|SWE|5416|1029|1923.0|3895.0|5876.0|7917.0|8372.0|10104.0|12349.0|14668.0|17033.0|17987.0
 2014|F965|H|W|DEN|5415|734|1913.0|3918.0|5876.0|7917.0|8446.0|10113.0|12359.0|14783.0|17049.0|17986.0
 2014|F9012|45-49|W|GER|5414|1003|2083.0|4180.0|6286.0|8438.0|8907.0|10621.0|12803.0|14959.0|17101.0|17984.0
 2014|F9348|45-49|W|GBR|5413|1002|1929.0|3848.0|5978.0|7941.0|8380.0|9976.0|12183.0|14256.0|16896.0|17984.0
 2014|F9424|50-54|W|GER|5412|586|1783.0|3597.0|5506.0|7544.0|7993.0|9739.0|11955.0|14344.0|16845.0|17983.0
 2014|F4240|40-44|W|DEN|5411|1028|1643.0|3333.0|5184.0|7215.0|7675.0|9491.0|12247.0|14581.0|17170.0|17983.0
 2014|F1719|40-44|W|MEX|5410|1027|1888.0|3898.0|6082.0|8154.0|8638.0|10367.0|12586.0|14715.0|17036.0|17981.0
 2014|F3887|45-49|W|GER|5409|1001|2030.0|4031.0|6038.0|8068.0|8510.0|10202.0|12469.0|14756.0|17054.0|17978.0
 2014|F300|55-59|W|GER|5408|256|1918.0|3808.0|5647.0|7480.0|7897.0|9816.0|12176.0|14424.0|16834.0|17978.0
 2014|F7928|45-49|W|BRA|5407|1000|1962.0|3957.0|5962.0|8183.0|8637.0|10243.0|12305.0|14572.0|16989.0|17976.0
 2014|F8996|35-39|W|FIN|5406|821|2050.0|4159.0|6227.0|8483.0|8930.0|10582.0|12737.0|14895.0|17076.0|17975.0
 2014|F7027|40-44|W|GER|5405|1026|2077.0|4170.0|6236.0|8341.0|8805.0|10513.0|12654.0|14818.0|17002.0|17974.0
 2014|F5595|40-44|W|VEN|5404|1025|1981.0|3950.0|5953.0|7934.0|8385.0|10089.0|12358.0|14398.0|16850.0|17974.0
 2014|F401|60-64|W|GER|5403|94|2057.0|4060.0|6118.0|8221.0|8686.0|10376.0|12525.0|14687.0|16919.0|17968.0
 2014|F4289|H|W|SWE|5402|733|2081.0|4193.0|6345.0|8456.0|8916.0|10635.0|12813.0|14947.0|17121.0|17965.0
 2014|F5669|50-54|W|NED|5401|585|1949.0|3924.0|5897.0|7907.0|8341.0|10204.0|12384.0|14684.0|16995.0|17965.0
 2014|F2221|50-54|W|FRA|5400|584|1943.0|3906.0|5897.0|7952.0|8390.0|10158.0|12411.0|14701.0|17020.0|17965.0
 2014|F2281|50-54|W|ITA|5399|583|1683.0|3575.0|5521.0|7612.0|8003.0|10046.0|12228.0|14436.0|16995.0|17964.0
 2014|F8862|35-39|W|MEX|5398|820|1908.0|3824.0|5767.0|7757.0|8181.0|9878.0|12084.0|14354.0|16729.0|17963.0
 2014|F7411|50-54|W|ITA|5397|582|1791.0|3682.0|5651.0|7701.0|8152.0|9890.0|12136.0|14485.0|16969.0|17960.0
 2014|F6745|45-49|W|CHI|5396|999|1915.0|3846.0|5809.0|7752.0|8185.0|9863.0|12034.0|14492.0|16981.0|17959.0
 2014|F8145|H|W|NED|5395|732|1963.0|3918.0|5891.0|7959.0|8396.0|10102.0|12350.0|14679.0|16965.0|17959.0
 2014|F7171|45-49|W|FRA|5394|998|1943.0|3838.0|5807.0|7677.0|8102.0|9750.0|12048.0|14326.0|16820.0|17956.0
 2014|F7734|40-44|W|GER|5393|1024|2071.0|4180.0|6241.0|8277.0|8724.0|10449.0|12648.0|14879.0|17023.0|17952.0
 2014|F1705|55-59|W|SWE|5392|255|2052.0|4109.0|6147.0|8221.0|8677.0|10373.0|12512.0|14678.0|16925.0|17950.0
 2014|F5140|55-59|W|DEN|5391|254|2060.0|4138.0|6236.0|8329.0|8766.0|10413.0|12596.0|14830.0|17028.0|17949.0
 2014|F8074|35-39|W|MEX|5390|819|1992.0|4035.0|6096.0|8242.0|8706.0|10348.0|12544.0|14814.0|17061.0|17946.0
 2014|F3454|40-44|W|BRA|5389|1023|1607.0|3287.0|4945.0|6656.0|7027.0|8826.0|10585.0|13592.0|16713.0|17943.0
 2014|F6376|50-54|W|GER|5387|581|1870.0|3887.0|5917.0|7989.0|8450.0|10167.0|12435.0|14688.0|16996.0|17943.0
 2014|F4842|35-39|W|GER|5387|818|1870.0|3887.0|5917.0|7989.0|8450.0|10167.0|12435.0|14688.0|16996.0|17943.0
 2014|F6778|55-59|W|GER|5386|253|1948.0|3952.0|5996.0|7999.0|8441.0|10092.0|12390.0|14581.0|16975.0|17942.0
 2014|F4268|40-44|W|GER|5385|1022|1948.0|3952.0|5995.0|7999.0|8442.0|10091.0|12389.0|14581.0|16976.0|17942.0
 2014|F986|55-59|W|GER|5384|252|1811.0|3764.0|5794.0|7728.0|8140.0|9884.0|12208.0|14512.0|16964.0|17940.0
 2014|F5719|40-44|W|MEX|5383|1021|1892.0|3836.0|5813.0|7883.0|8307.0|9976.0|12178.0|14430.0|16815.0|17940.0
 2014|F4081|30-34|W|DEN|5382|854|1910.0|3883.0|5856.0|7891.0|8340.0|10032.0|12233.0|14512.0|16906.0|17938.0
 2014|F2939|35-39|W|DEN|5381|817|1868.0|3824.0|6071.0|8057.0|8497.0|10271.0|12405.0|14605.0|17001.0|17933.0
 2014|F5198|45-49|W|MEX|5380|997|1854.0|4115.0|6079.0|8062.0|8497.0|10068.0|12116.0|14247.0|16612.0|17930.0
 2014|F2815|40-44|W|ECU|5379|1020|2137.0|4260.0|6403.0|8613.0|9105.0|10706.0|12783.0|14853.0|16990.0|17930.0
 2014|F7333|H|W|USA|5378|731|2019.0|4054.0|6089.0|8139.0|8583.0|10225.0|12375.0|14619.0|16966.0|17929.0
 2014|F8078|40-44|W|GER|5377|1019|2002.0|3982.0|5959.0|7951.0|8375.0|9972.0|12136.0|14418.0|16811.0|17928.0
 2014|F8624|H|W|GER|5376|730|2003.0|NaN|6070.0|8087.0|8508.0|10074.0|12250.0|14544.0|16938.0|17926.0
 2014|F3638|30-34|W|NOR|5375|853|1891.0|3820.0|5735.0|7617.0|8138.0|9830.0|12202.0|14504.0|16891.0|17926.0
 2014|F3602|30-34|W|GER|5373|852|1994.0|4004.0|5962.0|7958.0|8405.0|10080.0|12433.0|14667.0|16975.0|17926.0
 2014|F5864|35-39|W|BEL|5373|816|1939.0|3903.0|5889.0|7900.0|8345.0|10000.0|12207.0|14505.0|16932.0|17926.0
 2014|F5865|40-44|W|BEL|5372|1018|1858.0|3689.0|5523.0|7358.0|7764.0|9324.0|11584.0|14064.0|16765.0|17925.0
 2014|F1475|60-64|W|USA|5371|93|1758.0|3605.0|5509.0|7544.0|8003.0|9797.0|12102.0|14440.0|16881.0|17924.0
 2014|F8227|35-39|W|DEN|5370|815|1890.0|3811.0|5627.0|7422.0|7830.0|9361.0|11529.0|14010.0|16716.0|17923.0
 2014|F2961|45-49|W|USA|5369|996|1864.0|3867.0|5976.0|8165.0|8664.0|10454.0|12638.0|14816.0|17052.0|17922.0
 2014|F1113|45-49|W|NED|5368|995|2144.0|4305.0|6468.0|8580.0|9029.0|10696.0|12783.0|14819.0|16965.0|17922.0
 2014|F8755|50-54|W|CAN|5367|580|1889.0|3863.0|5866.0|7916.0|8362.0|10089.0|12319.0|14585.0|16877.0|17921.0
 2014|F8034|55-59|W|JPN|5366|251|2004.0|4080.0|6179.0|8308.0|8788.0|10519.0|12671.0|14894.0|17039.0|17921.0
 2014|F5759|30-34|W|JPN|5365|851|2143.0|4322.0|6355.0|8740.0|9168.0|10781.0|12867.0|15108.0|17128.0|17921.0
 2014|F4119|H|W|GER|5364|729|2034.0|4161.0|6194.0|8230.0|8679.0|10344.0|12572.0|14843.0|17006.0|17919.0
 2014|F2960|45-49|W|JPN|5363|994|2147.0|4280.0|6591.0|8603.0|9034.0|10688.0|12765.0|14857.0|17015.0|17919.0
 2014|F1821|45-49|W|TPE|5362|993|1959.0|3928.0|5969.0|8128.0|8606.0|10388.0|12654.0|14844.0|16984.0|17917.0
 2014|F1584|55-59|W|AUT|5361|250|1983.0|4047.0|6066.0|8131.0|8576.0|10217.0|12470.0|14676.0|17037.0|17914.0
 2014|F6537|35-39|W|NED|5360|814|1883.0|3774.0|5645.0|7678.0|8108.0|9780.0|12047.0|14273.0|16861.0|17913.0
 2014|F3206|40-44|W|GER|5359|1017|1927.0|3926.0|5882.0|7972.0|8410.0|10119.0|12566.0|14746.0|17058.0|17913.0
 2014|F9091|50-54|W|GBR|5358|579|1829.0|3720.0|5659.0|7757.0|8213.0|10028.0|12318.0|14668.0|17007.0|17913.0
 2014|F3067|60-64|W|FRA|5357|92|1997.0|4029.0|6053.0|8085.0|8533.0|10235.0|12540.0|14715.0|16944.0|17912.0
 2014|F2811|40-44|W|NOR|5356|1016|2023.0|4092.0|6137.0|8172.0|8622.0|10257.0|12415.0|14687.0|16982.0|17909.0
 2014|F3939|35-39|W|NOR|5355|813|2024.0|3993.0|5991.0|8037.0|8479.0|10257.0|12415.0|14687.0|16982.0|17909.0
 2014|F9664|55-59|W|DEN|5354|249|2005.0|4008.0|6008.0|8102.0|8539.0|10226.0|12393.0|14621.0|16922.0|17908.0
 2014|F7721|50-54|W|GER|5352|577|2030.0|4046.0|6040.0|8219.0|8654.0|10346.0|12548.0|14737.0|16963.0|17907.0
 2014|F4833|50-54|W|GER|5352|577|2031.0|4046.0|6041.0|8220.0|8654.0|10307.0|12505.0|14737.0|16963.0|17907.0
 2014|F4406|40-44|W|GER|5351|1015|1754.0|3567.0|5422.0|7309.0|7736.0|9394.0|11538.0|13928.0|16544.0|17906.0
 2014|F2105|45-49|W|GER|5350|992|1968.0|3961.0|5866.0|7863.0|8313.0|10038.0|12423.0|14695.0|16985.0|17906.0
 2014|F859|50-54|W|GER|5349|576|2024.0|4093.0|6175.0|8234.0|8689.0|10380.0|12520.0|14686.0|16929.0|17903.0
 2014|F1658|30-34|W|GBR|5348|850|2149.0|4282.0|6392.0|8487.0|8936.0|10552.0|12570.0|14543.0|16787.0|17902.0
 2014|F2135|40-44|W|GBR|5347|1014|2033.0|4079.0|6203.0|8330.0|8786.0|10503.0|12707.0|14868.0|17075.0|17902.0
 2014|F8813|40-44|W|TPE|5346|1013|1923.0|3938.0|6011.0|8175.0|8592.0|10207.0|12296.0|14552.0|16903.0|17902.0
 2014|F5465|45-49|W|AUT|5345|991|1905.0|3788.0|5713.0|7607.0|8020.0|9557.0|11557.0|14794.0|17026.0|17901.0
 2014|F8655|35-39|W|USA|5344|812|2033.0|4078.0|6139.0|8222.0|8674.0|10321.0|12432.0|14632.0|16890.0|17900.0
 2014|F6188|50-54|W|DEN|5343|575|1697.0|3407.0|5134.0|6910.0|7302.0|8816.0|11616.0|14547.0|17074.0|17900.0
 2014|F2531|H|W|GER|5342|728|1937.0|3827.0|5738.0|7749.0|8186.0|9867.0|12140.0|14465.0|16925.0|17899.0
 2014|F2317|55-59|W|SUI|5341|248|1923.0|3868.0|5881.0|7942.0|8399.0|10095.0|12315.0|14554.0|16907.0|17898.0
 2014|F8045|35-39|W|USA|5340|811|2157.0|4277.0|6324.0|8452.0|8891.0|10496.0|12587.0|14704.0|16924.0|17897.0
 2014|F5042|40-44|W|GER|5339|1012|2094.0|4212.0|6276.0|8626.0|9060.0|10659.0|12715.0|14773.0|16969.0|17897.0
 2014|F8352|60-64|W|DEN|5338|91|1896.0|3813.0|5769.0|7753.0|8201.0|10143.0|12359.0|14629.0|16927.0|17895.0
 2014|F8231|40-44|W|PUR|5337|1011|1884.0|3848.0|5833.0|7836.0|8273.0|9898.0|11930.0|14091.0|16822.0|17895.0
 2014|F5954|35-39|W|POL|5336|810|2082.0|4173.0|6217.0|8254.0|8788.0|10415.0|12570.0|14797.0|17008.0|17894.0
 2014|F6060|45-49|W|ITA|5335|990|2037.0|4110.0|6150.0|8206.0|8673.0|10396.0|12607.0|14773.0|17003.0|17893.0
 2014|F9460|30-34|W|GER|5334|849|1865.0|3722.0|5572.0|7424.0|7835.0|9402.0|12058.0|14476.0|16895.0|17892.0
 2014|F1632|55-59|W|USA|5333|247|1842.0|3732.0|5707.0|7866.0|8279.0|9925.0|12250.0|14670.0|16960.0|17892.0
 2014|F3130|35-39|W|GER|5332|809|1889.0|3750.0|5629.0|7529.0|7939.0|9509.0|11915.0|14148.0|16885.0|17892.0
 2014|F9497|45-49|W|KOR|5331|989|2077.0|4368.0|6281.0|8247.0|8678.0|10354.0|12544.0|14742.0|17026.0|17891.0
 2014|F4597|35-39|W|KOR|5330|808|2078.0|4368.0|6281.0|8247.0|8678.0|10354.0|12544.0|14736.0|17026.0|17891.0
 2014|F708|30-34|W|GER|5329|848|2087.0|4149.0|6148.0|8180.0|8625.0|10295.0|12445.0|14578.0|16930.0|17890.0
 2014|F3752|30-34|W|ROU|5327|847|1686.0|3570.0|5651.0|7699.0|8178.0|9948.0|12532.0|14780.0|17003.0|17888.0
 2014|F9657|35-39|W|MEX|5327|807|2044.0|4069.0|6196.0|8307.0|8765.0|10536.0|12775.0|14913.0|16990.0|17888.0
 2014|F6294|30-34|W|SIN|5326|846|1909.0|3871.0|5851.0|7902.0|8352.0|10097.0|12358.0|14692.0|16934.0|17886.0
 2014|F5633|40-44|W|USA|5325|1010|1912.0|4018.0|6040.0|8066.0|8539.0|10273.0|12471.0|14767.0|16953.0|17885.0
 2014|F1627|H|W|IRL|5324|727|1951.0|3895.0|5889.0|7928.0|8365.0|10059.0|12309.0|14598.0|16964.0|17883.0
 2014|F3153|45-49|W|DEN|5323|988|1968.0|4164.0|6222.0|8565.0|9015.0|10893.0|12930.0|14960.0|17021.0|17883.0
 2014|F5625|40-44|W|GER|5322|1009|2022.0|4078.0|6137.0|8184.0|8630.0|10306.0|12441.0|14679.0|17035.0|17883.0
 2014|F3562|45-49|W|USA|5321|987|1855.0|3811.0|5832.0|7959.0|8413.0|10164.0|12373.0|14630.0|16897.0|17883.0
 2014|F7662|40-44|W|GER|5320|1008|2026.0|4105.0|6481.0|8555.0|8999.0|10682.0|12829.0|14983.0|17028.0|17881.0
 2014|F9247|50-54|W|FRA|5319|574|1957.0|3917.0|5946.0|8081.0|8529.0|10211.0|12387.0|14600.0|16871.0|17880.0
 2014|F2406|30-34|W|ROU|5318|845|1973.0|4041.0|6117.0|8184.0|8639.0|10320.0|12640.0|14805.0|16985.0|17879.0
 2014|F3121|40-44|W|GER|5317|1007|2026.0|4106.0|6131.0|8193.0|8754.0|10354.0|12607.0|14715.0|16972.0|17879.0
 2014|F5770|45-49|W|GER|5316|986|2023.0|4065.0|6131.0|8221.0|8670.0|10318.0|12410.0|14606.0|16974.0|17878.0
 2014|F9106|JA|W|NED|5315|17|1837.0|3667.0|5434.0|7254.0|7638.0|9104.0|11084.0|13500.0|16855.0|17878.0
 2014|F8333|50-54|W|GER|5314|573|1974.0|4009.0|6014.0|8040.0|8581.0|10193.0|12312.0|14490.0|16879.0|17877.0
 2014|F4746|40-44|W|GER|5313|1006|1978.0|3988.0|5977.0|7935.0|8365.0|9948.0|12091.0|14258.0|16921.0|17877.0
 2014|F5582|H|W|DEN|5312|726|1725.0|3636.0|5521.0|7499.0|7969.0|9721.0|12094.0|14568.0|16922.0|17872.0
 2014|F4040|30-34|W|HKG|5311|844|1753.0|3529.0|5418.0|7371.0|7809.0|9524.0|11970.0|14516.0|16999.0|17872.0
 2014|F5581|45-49|W|DEN|5310|985|2042.0|4126.0|6389.0|8414.0|8864.0|10548.0|12715.0|14898.0|17037.0|17869.0
 2014|F1380|60-64|W|ITA|5309|90|1929.0|3881.0|5876.0|7936.0|8385.0|10115.0|12464.0|14790.0|16972.0|17868.0
 2014|F8534|30-34|W|MAS|5308|843|1904.0|3841.0|5818.0|7784.0|8222.0|9835.0|11869.0|13982.0|16757.0|17868.0
 2014|F5884|50-54|W|GER|5307|572|1806.0|3694.0|5685.0|7755.0|8217.0|9960.0|12225.0|14544.0|16870.0|17867.0
 2014|F4782|50-54|W|DEN|5306|571|1843.0|3752.0|5642.0|7595.0|8083.0|9723.0|12079.0|14468.0|16848.0|17865.0
 2014|F672|50-54|W|SWE|5305|570|2098.0|4240.0|6324.0|8398.0|8853.0|10516.0|12672.0|14814.0|16978.0|17865.0
 2014|F952|50-54|W|GER|5304|569|1805.0|3678.0|5534.0|7403.0|7803.0|9398.0|11623.0|14148.0|16796.0|17862.0
 2014|F2526|50-54|W|NED|5303|568|2073.0|4103.0|6253.0|8312.0|8761.0|10427.0|12655.0|14834.0|16977.0|17861.0
 2014|F1267|55-59|W|GER|5302|246|2144.0|4192.0|6277.0|8313.0|8763.0|10401.0|12660.0|14733.0|16949.0|17859.0
 2014|F5415|50-54|W|GER|5301|567|2067.0|4129.0|6375.0|8376.0|8810.0|10416.0|12503.0|14673.0|16878.0|17858.0
 2014|F1554|30-34|W|INA|5300|842|2000.0|4049.0|6160.0|8258.0|8706.0|10416.0|12571.0|14683.0|16893.0|17857.0
 2014|F1818|30-34|W|TPE|5299|841|1949.0|3957.0|5984.0|8053.0|8504.0|10179.0|12340.0|14568.0|16838.0|17856.0
 2014|F7572|45-49|W|GER|5298|984|1983.0|4003.0|6019.0|8109.0|8565.0|10317.0|12709.0|14968.0|17000.0|17854.0
 2014|F7088|35-39|W|ESP|5297|806|1945.0|3865.0|5769.0|7782.0|8231.0|9938.0|12223.0|14510.0|16893.0|17853.0
 2014|F4851|60-64|W|GER|5296|89|1921.0|3850.0|5786.0|7726.0|8184.0|9735.0|11977.0|14241.0|16726.0|17852.0
 2014|F9361|45-49|W|GBR|5295|983|1903.0|3973.0|5910.0|7928.0|8371.0|10085.0|12343.0|14600.0|16904.0|17850.0
 2014|F5934|35-39|W|GER|5294|805|1996.0|3968.0|5936.0|7946.0|8379.0|9994.0|12277.0|14465.0|16924.0|17849.0
 2014|F3543|55-59|W|DEN|5293|245|2100.0|4261.0|6479.0|8577.0|9024.0|10611.0|12643.0|14700.0|16873.0|17848.0
 2014|F5532|40-44|W|GER|5292|1005|1924.0|3839.0|5781.0|7775.0|8216.0|9984.0|12116.0|14396.0|16897.0|17846.0
 2014|F1411|45-49|W|GER|5291|982|1885.0|3844.0|5841.0|7840.0|8283.0|9933.0|12268.0|14592.0|16886.0|17845.0
 2014|F696|55-59|W|DEN|5290|244|1864.0|3716.0|5587.0|7497.0|7922.0|9529.0|11724.0|13853.0|16721.0|17844.0
 2014|F1987|H|W|USA|5289|725|2104.0|4264.0|6417.0|8573.0|9047.0|10922.0|12951.0|14899.0|17000.0|17835.0
 2014|F7692|45-49|W|GER|5287|981|2025.0|4080.0|6097.0|8124.0|8566.0|10173.0|12368.0|14638.0|16850.0|17834.0
 2014|F9608|30-34|W|GER|5287|840|2070.0|4127.0|6166.0|8283.0|8745.0|10408.0|12536.0|14664.0|16882.0|17834.0
 2014|F2688|35-39|W|ITA|5286|804|2031.0|4077.0|6094.0|8168.0|8645.0|10309.0|12505.0|14674.0|16883.0|17832.0
 2014|F3469|50-54|W|GBR|5285|566|1996.0|3939.0|5922.0|8042.0|8491.0|10208.0|12466.0|14701.0|16924.0|17830.0
 2014|F5188|50-54|W|GBR|5284|565|1996.0|3939.0|5921.0|8042.0|8513.0|10207.0|12410.0|14577.0|16923.0|17830.0
 2014|F2173|30-34|W|BEL|5283|839|2214.0|4406.0|6537.0|8607.0|9048.0|10609.0|12674.0|14759.0|16948.0|17828.0
 2014|F3236|35-39|W|GER|5282|803|1876.0|3827.0|5787.0|7810.0|8248.0|9950.0|12235.0|14605.0|16916.0|17827.0
 2014|F1339|65-69|W|FRA|5281|15|2093.0|4234.0|6333.0|8446.0|8917.0|10616.0|12760.0|14875.0|16951.0|17825.0
 2014|F7940|35-39|W|GER|5280|802|2096.0|4406.0|6427.0|8451.0|8895.0|10594.0|12719.0|14775.0|16942.0|17823.0
 2014|F4138|40-44|W|GBR|5279|1004|1903.0|3805.0|5762.0|7761.0|8196.0|9864.0|12124.0|14419.0|16813.0|17823.0
 2014|F7085|50-54|W|MEX|5278|564|1547.0|3144.0|4821.0|6768.0|7217.0|8955.0|11266.0|13998.0|16684.0|17820.0
 2014|F7355|40-44|W|GER|5277|1003|2130.0|4249.0|6310.0|8434.0|8887.0|10550.0|12699.0|14849.0|16954.0|17819.0
 2014|F6590|35-39|W|NED|5276|801|1997.0|4056.0|6071.0|8086.0|8524.0|10194.0|12330.0|14530.0|16901.0|17818.0
 2014|F3347|45-49|W|AUT|5275|980|2092.0|4199.0|6325.0|8417.0|8878.0|10519.0|12669.0|14753.0|16923.0|17818.0
 2014|F3054|35-39|W|GER|5274|800|2064.0|4129.0|6174.0|8212.0|8656.0|10282.0|12421.0|14595.0|16837.0|17813.0
 2014|F5356|H|W|SWE|5272|724|1999.0|4055.0|6115.0|8284.0|8752.0|10476.0|12660.0|14796.0|16880.0|17812.0
 2014|F7467|45-49|W|NED|5272|979|1888.0|4113.0|6080.0|8141.0|8668.0|10370.0|12605.0|14821.0|16898.0|17812.0
 2014|F5043|30-34|W|POL|5271|838|2059.0|4101.0|6111.0|8120.0|8560.0|10148.0|12299.0|14590.0|16907.0|17808.0
 2014|F5508|45-49|W|GER|5270|978|2197.0|4365.0|6519.0|8625.0|9074.0|10738.0|12828.0|14975.0|16964.0|17806.0
 2014|F6556|30-34|W|POL|5269|837|1884.0|3774.0|5687.0|7732.0|8167.0|9829.0|12091.0|14510.0|16951.0|17806.0
 2014|F5926|50-54|W|DEN|5268|563|2015.0|4039.0|6091.0|8176.0|8632.0|10365.0|12468.0|14643.0|16855.0|17805.0
 2014|F2551|40-44|W|NED|5267|1002|1909.0|3816.0|5743.0|7712.0|8154.0|9919.0|12456.0|14394.0|16609.0|17805.0
 2014|F5312|H|W|TPE|5266|723|1828.0|3701.0|5698.0|7614.0|8027.0|9737.0|12007.0|14460.0|16789.0|17805.0
 2014|F8522|60-64|W|ISR|5265|88|1866.0|3806.0|5809.0|7893.0|8364.0|10097.0|12367.0|14584.0|16867.0|17803.0
 2014|F1845|40-44|W|SUI|5264|1001|2161.0|4288.0|6428.0|8607.0|9061.0|10733.0|12882.0|14882.0|16954.0|17802.0
 2014|F4816|H|W|NED|5263|722|1751.0|3521.0|5362.0|7325.0|7749.0|9330.0|11489.0|13806.0|16761.0|17801.0
 2014|F2843|40-44|W|FIN|5262|1000|2044.0|4136.0|6199.0|8309.0|8762.0|10560.0|12683.0|14786.0|16870.0|17800.0
 2014|F4421|45-49|W|DEN|5261|977|1873.0|3855.0|5871.0|8074.0|8563.0|10224.0|12322.0|14543.0|16834.0|17800.0
 2014|F4264|40-44|W|MEX|5260|999|1967.0|3991.0|6118.0|8230.0|8688.0|10475.0|12699.0|14835.0|16912.0|17799.0
 2014|F5219|30-34|W|NED|5259|836|1933.0|3847.0|5728.0|7623.0|8041.0|9615.0|11733.0|13850.0|16311.0|17798.0
 2014|F4506|65-69|W|JPN|5258|14|1919.0|3944.0|5893.0|7821.0|8254.0|9796.0|11953.0|14325.0|16853.0|17795.0
 2014|F4524|30-34|W|IRL|5257|835|1787.0|3684.0|5644.0|7638.0|8058.0|9745.0|12069.0|14401.0|16871.0|17794.0
 2014|F5211|50-54|W|GER|5256|562|1888.0|3823.0|5867.0|7948.0|8394.0|10173.0|12355.0|14646.0|16879.0|17794.0
 2014|F1676|30-34|W|ESP|5255|834|1691.0|3522.0|5424.0|7385.0|7827.0|9562.0|12061.0|14488.0|16893.0|17793.0
 2014|F2474|45-49|W|NOR|5254|976|1928.0|3937.0|5968.0|8050.0|8511.0|10160.0|12351.0|14555.0|16820.0|17791.0
 2014|F8266|45-49|W|NOR|5252|975|1928.0|3937.0|5968.0|8050.0|8511.0|10160.0|12351.0|14555.0|16820.0|17791.0
 2014|F8106|55-59|W|SWE|5252|243|2025.0|4029.0|6026.0|8037.0|8455.0|10125.0|12532.0|14627.0|16886.0|17791.0
 2014|F2123|50-54|W|GBR|5251|561|1999.0|4021.0|6033.0|8082.0|8524.0|10249.0|12381.0|14536.0|16768.0|17789.0
 2014|F4873|30-34|W|GER|5250|833|1932.0|3896.0|5841.0|7839.0|8267.0|9911.0|12213.0|14545.0|16910.0|17787.0
 2014|F8967|35-39|W|GBR|5249|799|1830.0|3749.0|5816.0|7870.0|8303.0|10028.0|12329.0|14604.0|16824.0|17782.0
 2014|F4847|50-54|W|SUI|5248|560|1902.0|3861.0|5933.0|7829.0|8248.0|9888.0|12361.0|14740.0|17039.0|17781.0
 2014|F3049|H|W|NED|5247|721|1913.0|3898.0|5938.0|8013.0|8465.0|10136.0|12299.0|14523.0|16804.0|17780.0
 2014|F849|30-34|W|DEN|5246|832|2068.0|4114.0|6240.0|8304.0|8754.0|10398.0|12566.0|14760.0|16926.0|17780.0
 2014|F9530|55-59|W|GER|5245|242|2040.0|4138.0|6195.0|8291.0|8741.0|10414.0|12642.0|14769.0|16882.0|17778.0
 2014|F7542|35-39|W|USA|5244|798|2002.0|4047.0|6157.0|8254.0|8707.0|10409.0|12571.0|14683.0|16878.0|17776.0
 2014|F8717|30-34|W|INA|5243|831|2000.0|4047.0|6156.0|8256.0|8705.0|10404.0|12569.0|14682.0|16878.0|17775.0
 2014|F2558|40-44|W|SWE|5242|998|1982.0|4012.0|6044.0|8072.0|8521.0|10168.0|12343.0|14533.0|16790.0|17775.0
 2014|F6426|45-49|W|DEN|5241|974|1937.0|3890.0|5871.0|8053.0|8510.0|10213.0|12434.0|14647.0|16878.0|17774.0
 2014|F7854|35-39|W|GER|5240|797|1913.0|3823.0|5752.0|7674.0|8102.0|9671.0|11886.0|14273.0|16702.0|17769.0
 2014|F3103|H|W|GER|5239|720|2074.0|4141.0|6174.0|8212.0|8658.0|10276.0|12413.0|14614.0|16826.0|17769.0
 2014|F7328|40-44|W|GBR|5238|997|1906.0|3799.0|5861.0|8101.0|8532.0|10281.0|12429.0|14651.0|16875.0|17767.0
 2014|F3390|55-59|W|CRC|5237|241|1998.0|3995.0|6128.0|8160.0|8588.0|10223.0|12403.0|14600.0|16819.0|17765.0
 2014|F3916|50-54|W|DEN|5236|559|1820.0|3672.0|5523.0|7390.0|7806.0|9345.0|11598.0|14056.0|16751.0|17765.0
 2014|F796|45-49|W|AUT|5235|973|1899.0|3834.0|5743.0|7660.0|8072.0|9644.0|11769.0|14053.0|16678.0|17763.0
 2014|F4049|50-54|W|AUT|5234|558|2058.0|4100.0|6158.0|8303.0|8750.0|10422.0|12582.0|14723.0|16880.0|17763.0
 2014|F1529|35-39|W|ITA|5233|796|1863.0|3760.0|5737.0|7718.0|8163.0|9758.0|12091.0|14347.0|16815.0|17762.0
 2014|F3872|50-54|W|GER|5232|557|1946.0|3915.0|5880.0|7889.0|8327.0|9910.0|12031.0|14308.0|16693.0|17760.0
 2014|F7201|35-39|W|GER|5231|795|2098.0|4252.0|6688.0|8719.0|9140.0|10855.0|12890.0|15004.0|16893.0|17758.0
 2014|F5466|50-54|W|GER|5230|556|1890.0|3847.0|6015.0|8054.0|8579.0|10186.0|12361.0|14554.0|16790.0|17757.0
 2014|F4509|50-54|W|USA|5229|555|1856.0|3749.0|5668.0|7605.0|8032.0|9646.0|11788.0|14229.0|16696.0|17755.0
 2014|F4164|45-49|W|GER|5228|972|2095.0|4203.0|6338.0|8472.0|8963.0|10604.0|12698.0|14826.0|16884.0|17754.0
 2014|F8156|30-34|W|USA|5227|830|1971.0|4213.0|6242.0|8263.0|8707.0|10467.0|12667.0|14915.0|16866.0|17752.0
 2014|F2249|30-34|W|USA|5226|829|1835.0|3665.0|5516.0|7447.0|7875.0|9520.0|11963.0|14299.0|16717.0|17751.0
 2014|F5374|50-54|W|GER|5225|554|1839.0|3739.0|5770.0|7782.0|8228.0|9926.0|12082.0|14398.0|16783.0|17749.0
 2014|F8315|30-34|W|GER|5224|828|2043.0|4129.0|6165.0|8199.0|8647.0|10266.0|12429.0|14605.0|16840.0|17749.0
 2014|F5150|H|W|DEN|5223|719|1907.0|3874.0|5855.0|7874.0|8346.0|10007.0|12195.0|14505.0|16770.0|17748.0
 2014|F5158|45-49|W|DEN|5222|971|1949.0|3974.0|5999.0|8031.0|8468.0|10099.0|12243.0|14404.0|16718.0|17747.0
 2014|F6115|35-39|W|GER|5221|794|1907.0|3862.0|5868.0|7901.0|8376.0|10059.0|12261.0|14478.0|16782.0|17746.0
 2014|F5895|40-44|W|BRA|5220|996|2002.0|4003.0|5967.0|7959.0|8403.0|10006.0|12227.0|14435.0|16718.0|17744.0
 2014|F8089|35-39|W|GBR|5219|793|1990.0|3985.0|5959.0|7951.0|8390.0|10007.0|12182.0|14440.0|16782.0|17742.0
 2014|F8473|30-34|W|JPN|5218|827|2077.0|4297.0|6264.0|8250.0|8677.0|10236.0|12276.0|14430.0|16811.0|17742.0
 2014|F7059|50-54|W|MAR|5217|553|2019.0|4017.0|6044.0|8063.0|8485.0|10106.0|12300.0|14492.0|16762.0|17740.0
 2014|F5607|50-54|W|CAN|5216|552|1919.0|3912.0|6059.0|8032.0|8537.0|10144.0|12223.0|14397.0|16678.0|17739.0
 2014|F2893|55-59|W|DEN|5215|240|1895.0|3868.0|5891.0|7935.0|8373.0|9984.0|12225.0|14368.0|16716.0|17738.0
 2014|F4639|30-34|W|DEN|5214|826|1698.0|3448.0|5258.0|7158.0|7557.0|9165.0|11517.0|14249.0|16749.0|17737.0
 2014|F2089|35-39|W|USA|5213|792|1775.0|3665.0|5642.0|7718.0|8171.0|10118.0|12256.0|14518.0|16835.0|17736.0
 2014|F4588|35-39|W|GER|5212|791|2025.0|4035.0|6037.0|8054.0|8494.0|10104.0|12257.0|14453.0|16733.0|17734.0
 2014|F6700|55-59|W|GER|5211|239|2071.0|4121.0|6136.0|8153.0|8596.0|10184.0|12273.0|14444.0|16791.0|17734.0
 2014|F6765|40-44|W|FIN|5210|995|2038.0|4109.0|6132.0|8194.0|8646.0|10293.0|12400.0|14515.0|16775.0|17732.0
 2014|F2092|50-54|W|GER|5209|551|1681.0|3425.0|5253.0|7344.0|7759.0|9564.0|12025.0|14274.0|16818.0|17731.0
 2014|F9125|45-49|W|GER|5208|970|2111.0|4229.0|6239.0|8258.0|8693.0|10338.0|12425.0|14607.0|16842.0|17731.0
 2014|F9420|40-44|W|GER|5207|994|1915.0|3927.0|6021.0|8003.0|8444.0|10079.0|12293.0|14481.0|16767.0|17729.0
 2014|F2936|40-44|W|JPN|5206|993|1915.0|3807.0|5739.0|7733.0|8231.0|9938.0|12119.0|14419.0|16822.0|17729.0
 2014|F2619|45-49|W|GER|5205|969|1851.0|3755.0|5717.0|7583.0|7993.0|9509.0|11558.0|14491.0|16820.0|17729.0
 2014|F9074|40-44|W|HKG|5204|992|1878.0|3768.0|5696.0|7639.0|8071.0|9863.0|12138.0|14419.0|16775.0|17726.0
 2014|F2011|60-64|W|GBR|5203|87|1952.0|4004.0|6075.0|8108.0|8551.0|10208.0|12289.0|14382.0|16738.0|17725.0
 2014|F8901|50-54|W|GER|5202|550|1922.0|3889.0|5834.0|7811.0|8245.0|9859.0|12023.0|14625.0|NaN|17724.0
 2014|F3942|40-44|W|DEN|5201|991|1999.0|4015.0|5993.0|7993.0|8440.0|10130.0|12250.0|14461.0|16923.0|17721.0
 2014|F3297|40-44|W|ROU|5200|990|1932.0|3905.0|5931.0|7985.0|8434.0|10094.0|12323.0|14445.0|16784.0|17721.0
 2014|F769|30-34|W|GBR|5199|825|2030.0|4091.0|6195.0|8194.0|8664.0|10290.0|12368.0|14547.0|16814.0|17721.0
 2014|F5315|35-39|W|CHN|5198|790|1740.0|3531.0|5407.0|7371.0|7826.0|9755.0|12153.0|14274.0|16726.0|17721.0
 2014|F5364|45-49|W|DEN|5197|968|2118.0|4263.0|6292.0|8424.0|8858.0|10412.0|12411.0|14441.0|16806.0|17716.0
 2014|F3241|50-54|W|GBR|5195|549|1957.0|3972.0|5982.0|8082.0|8508.0|10121.0|12359.0|14587.0|16805.0|17715.0
 2014|F9507|40-44|W|GER|5195|989|1999.0|4010.0|6021.0|8111.0|8568.0|10224.0|12466.0|14613.0|16849.0|17715.0
 2014|F3427|55-59|W|GER|5194|238|1827.0|3625.0|5452.0|7403.0|7815.0|9462.0|11742.0|14158.0|16670.0|17713.0
 2014|F565|45-49|W|NGR|5193|967|1767.0|3622.0|5496.0|7432.0|7921.0|9671.0|12050.0|14454.0|16790.0|17711.0
 2014|F9473|40-44|W|MAR|5192|988|2156.0|4212.0|6203.0|8267.0|8742.0|10448.0|12586.0|14642.0|16801.0|17711.0
 2014|F4095|45-49|W|JPN|5191|966|1954.0|3952.0|5927.0|7964.0|8414.0|10087.0|12247.0|14477.0|16740.0|17710.0
 2014|F7072|30-34|W|BEL|5190|824|1866.0|3673.0|5472.0|7376.0|7796.0|9429.0|11656.0|14065.0|16744.0|17707.0
 2014|F3954|H|W|GER|5189|718|1778.0|3527.0|5277.0|7113.0|7512.0|9097.0|11379.0|13900.0|16615.0|17707.0
 2014|F3901|30-34|W|GER|5188|823|2004.0|4021.0|6025.0|8167.0|8593.0|10159.0|12159.0|14579.0|16773.0|17706.0
 2014|F522|35-39|W|GER|5187|789|2008.0|4070.0|6078.0|8146.0|8590.0|10285.0|12502.0|14650.0|16792.0|17704.0
 2014|F4562|40-44|W|MAR|5186|987|2156.0|4203.0|6202.0|8231.0|8699.0|10370.0|12586.0|14642.0|16778.0|17703.0
 2014|F1063|60-64|W|DEN|5185|86|1776.0|3633.0|5593.0|7620.0|8071.0|9714.0|11994.0|14273.0|16710.0|17701.0
 2014|F648|50-54|W|DEN|5184|548|1950.0|3935.0|5899.0|7912.0|8355.0|10039.0|12288.0|14521.0|16769.0|17701.0
 2014|F4376|50-54|W|GER|5183|547|2033.0|4123.0|6186.0|8249.0|8694.0|10332.0|12419.0|14576.0|16788.0|17698.0
 2014|F2828|40-44|W|GER|5182|986|1832.0|3771.0|5729.0|7716.0|8154.0|9789.0|11978.0|14271.0|16653.0|17698.0
 2014|F9210|30-34|W|GBR|5181|822|2004.0|4041.0|6015.0|8019.0|8474.0|10119.0|12329.0|14496.0|16727.0|17697.0
 2014|F7348|35-39|W|MEX|5180|788|1726.0|3563.0|5502.0|7629.0|8102.0|9854.0|12221.0|14493.0|16738.0|17696.0
 2014|F3587|30-34|W|JPN|5179|821|1778.0|3541.0|5235.0|6974.0|7482.0|9108.0|11230.0|13655.0|16524.0|17695.0
 2014|F5051|H|W|GER|5178|717|1775.0|3809.0|5828.0|7948.0|8491.0|10165.0|12506.0|14628.0|16823.0|17695.0
 2014|F5376|H|W|GER|5177|716|1973.0|4174.0|6168.0|8185.0|8627.0|10286.0|12432.0|14604.0|16772.0|17690.0
 2014|F981|45-49|W|GER|5176|965|1889.0|3846.0|5768.0|7705.0|8124.0|9801.0|11935.0|14233.0|16664.0|17689.0
 2014|F2218|45-49|W|GER|5175|964|1974.0|3959.0|5954.0|7967.0|8410.0|10134.0|12299.0|14451.0|16721.0|17687.0
 2014|F3842|45-49|W|GER|5174|963|1905.0|3906.0|5888.0|7788.0|8196.0|9779.0|11982.0|14252.0|16643.0|17685.0
 2014|F4668|30-34|W|GER|5173|820|1744.0|3611.0|5568.0|7599.0|8029.0|9733.0|11970.0|14325.0|16796.0|17683.0
 2014|F2069|45-49|W|GER|5172|962|1893.0|3848.0|5860.0|7891.0|8395.0|10055.0|12272.0|14413.0|16735.0|17682.0
 2014|F662|35-39|W|DEN|5171|787|1853.0|3742.0|5682.0|7623.0|8038.0|9637.0|11845.0|14229.0|16666.0|17681.0
 2014|F9026|50-54|W|SWE|5170|546|2077.0|4170.0|6274.0|8355.0|8814.0|10504.0|12659.0|14781.0|16871.0|17680.0
 2014|F7335|35-39|W|GER|5169|786|1818.0|3727.0|5685.0|7698.0|8157.0|9834.0|12109.0|14405.0|16744.0|17677.0
 2014|F8611|30-34|W|USA|5168|819|1946.0|3988.0|6188.0|8213.0|8654.0|10244.0|12360.0|14559.0|16741.0|17677.0
 2014|F2668|50-54|W|SWE|5167|545|1915.0|3803.0|5732.0|7647.0|8061.0|9658.0|11917.0|14265.0|16689.0|17675.0
 2014|F3822|H|W|GER|5166|715|2092.0|4174.0|6271.0|8371.0|8821.0|10461.0|12580.0|14752.0|16804.0|17673.0
 2014|F4593|55-59|W|KOR|5165|237|2014.0|4086.0|5992.0|7960.0|8380.0|9985.0|12213.0|14320.0|16635.0|17673.0
 2014|F390|50-54|W|GER|5164|544|1892.0|3823.0|5783.0|7752.0|8185.0|9843.0|12052.0|14299.0|16629.0|17672.0
 2014|F8507|50-54|W|GER|5163|543|2062.0|4143.0|6210.0|8275.0|8721.0|10333.0|12385.0|14484.0|16727.0|17669.0
 2014|F1833|45-49|W|GER|5162|961|1915.0|3916.0|6120.0|8259.0|8715.0|10405.0|12467.0|14626.0|16736.0|17669.0
 2014|F6534|55-59|W|USA|5161|236|1906.0|3839.0|5757.0|7697.0|8144.0|9768.0|11948.0|14224.0|16595.0|17665.0
 2014|F5516|40-44|W|DEN|5160|985|1900.0|4018.0|6145.0|8090.0|8514.0|10107.0|12225.0|14437.0|16677.0|17663.0
 2014|F1323|40-44|W|RSA|5159|984|1977.0|4000.0|6065.0|8217.0|8701.0|10362.0|12469.0|14559.0|16726.0|17660.0
 2014|F5341|35-39|W|AUS|5158|785|1844.0|3737.0|5766.0|8005.0|8486.0|10433.0|12612.0|14689.0|16795.0|17660.0
 2014|F3625|H|W|GER|5157|714|2060.0|4144.0|6175.0|8168.0|8593.0|10171.0|12206.0|14272.0|16452.0|17658.0
 2014|F5601|40-44|W|ITA|5156|983|1869.0|3768.0|5672.0|7607.0|8022.0|9966.0|12083.0|14331.0|16734.0|17653.0
 2014|F5882|65-69|W|GER|5155|13|1921.0|3836.0|5754.0|7864.0|8282.0|9954.0|12151.0|14474.0|16735.0|17652.0
 2014|F5820|70-74|W|GBR|5154|6|1848.0|3864.0|5938.0|7973.0|8430.0|10135.0|12405.0|14568.0|16766.0|17652.0
 2014|F8582|45-49|W|NED|5153|960|1861.0|3739.0|5603.0|7488.0|7903.0|9867.0|12074.0|14477.0|16721.0|17651.0
 2014|F7007|50-54|W|GER|5152|542|1963.0|4007.0|6085.0|8243.0|8691.0|10274.0|12506.0|14600.0|16747.0|17650.0
 2014|F2503|45-49|W|GER|5151|959|1963.0|4007.0|6085.0|8243.0|8691.0|10273.0|12506.0|14600.0|16747.0|17650.0
 2014|F1828|40-44|W|TPE|5150|982|1853.0|3794.0|5742.0|7951.0|8406.0|10092.0|12407.0|14653.0|16717.0|17649.0
 2014|F8962|30-34|W|GER|5149|818|1791.0|3587.0|5420.0|7346.0|7738.0|9278.0|11838.0|NaN|16479.0|17645.0
 2014|F679|35-39|W|GER|5148|784|1986.0|4038.0|6124.0|8220.0|8680.0|10362.0|12536.0|14751.0|16778.0|17644.0
 2014|F1085|45-49|W|MAR|5147|958|2030.0|4051.0|6088.0|8142.0|8566.0|10243.0|12413.0|14595.0|16735.0|17644.0
 2014|F8420|H|W|GBR|5146|713|1696.0|3415.0|5187.0|7019.0|7440.0|9038.0|11332.0|13900.0|16604.0|17642.0
 2014|F4553|55-59|W|FIN|5145|235|2062.0|4150.0|6202.0|8264.0|8714.0|10365.0|12467.0|14583.0|16749.0|17641.0
 2014|F5222|H|W|DEN|5144|712|1637.0|3492.0|5371.0|7307.0|7709.0|9419.0|11765.0|14183.0|16750.0|17640.0
 2014|F3849|H|W|GBR|5143|711|1872.0|4067.0|6039.0|8089.0|8548.0|10213.0|12345.0|14531.0|16682.0|17637.0
 2014|F2279|30-34|W|GER|5142|817|1765.0|3560.0|5485.0|7555.0|8098.0|9777.0|12003.0|14368.0|16648.0|17634.0
 2014|F1128|45-49|W|ISR|5141|957|2052.0|4217.0|6271.0|8375.0|8822.0|10438.0|12479.0|14629.0|16699.0|17634.0
 2014|F4695|35-39|W|DEN|5140|783|1847.0|3797.0|5723.0|7704.0|8136.0|9775.0|12112.0|14443.0|16760.0|17633.0
 2014|F8736|30-34|W|DEN|5138|816|2095.0|4150.0|6205.0|8310.0|8745.0|10471.0|12522.0|14508.0|16614.0|17632.0
 2014|F1953|H|W|IRL|5138|710|1999.0|4166.0|6275.0|8287.0|8704.0|10543.0|12767.0|14994.0|16841.0|17632.0
 2014|F1150|H|W|GBR|5137|709|1998.0|4183.0|6275.0|8301.0|8733.0|10592.0|12767.0|14993.0|16841.0|17631.0
 2014|F929|30-34|W|GBR|5136|815|2049.0|4249.0|6581.0|8623.0|9053.0|10701.0|12927.0|14847.0|16805.0|17627.0
 2014|F6035|50-54|W|GER|5135|541|1929.0|3921.0|5928.0|8025.0|8469.0|10101.0|12253.0|14538.0|16747.0|17626.0
 2014|F1685|45-49|W|ITA|5134|956|1899.0|3841.0|5834.0|7760.0|8207.0|9879.0|12299.0|14379.0|16700.0|17626.0
 2014|F6168|45-49|W|GER|5133|955|1904.0|3815.0|5747.0|7739.0|8178.0|10206.0|12337.0|14754.0|16754.0|17623.0
 2014|F1985|30-34|W|PHI|5132|814|1961.0|4038.0|6031.0|8030.0|8479.0|10103.0|12210.0|14205.0|16498.0|17623.0
 2014|F8452|60-64|W|JPN|5131|85|1970.0|3959.0|6011.0|8061.0|8513.0|10175.0|12438.0|14514.0|16651.0|17622.0
 2014|F7511|35-39|W|ARG|5130|782|1993.0|4023.0|6010.0|8056.0|8492.0|10165.0|12265.0|14427.0|16667.0|17621.0
 2014|F6742|35-39|W|URU|5129|781|1992.0|4023.0|6010.0|8055.0|8492.0|10166.0|12265.0|14427.0|16667.0|17621.0
 2014|F309|60-64|W|DEN|5128|84|1951.0|3985.0|5993.0|7938.0|8356.0|9891.0|12118.0|14219.0|16582.0|17619.0
 2014|F3946|30-34|W|IRL|5127|813|2093.0|4176.0|6270.0|8352.0|8800.0|10475.0|NaN|NaN|NaN|17619.0
 2014|F5342|45-49|W|USA|5126|954|2134.0|4367.0|6417.0|8461.0|8904.0|10493.0|12510.0|14558.0|16741.0|17618.0
 2014|F1602|H|W|ITA|5125|708|1914.0|3807.0|5715.0|7642.0|8057.0|9629.0|11882.0|14168.0|16686.0|17615.0
 2014|F4681|40-44|W|POL|5124|981|1858.0|3727.0|5679.0|7707.0|8160.0|9800.0|12023.0|14290.0|16608.0|17615.0
 2014|F8489|45-49|W|SWE|5123|953|1942.0|3860.0|5847.0|7806.0|8233.0|9800.0|11945.0|14188.0|16613.0|17614.0
 2014|F7580|H|W|RUS|5122|707|1857.0|3735.0|5820.0|7601.0|8008.0|9541.0|11690.0|14015.0|16708.0|17614.0
 2014|F4004|45-49|W|GBR|5121|952|1855.0|3835.0|6093.0|8117.0|8557.0|10268.0|12457.0|14580.0|16744.0|17614.0
 2014|F278|55-59|W|GER|5120|234|1822.0|3786.0|5825.0|7913.0|8364.0|10039.0|12168.0|14334.0|16626.0|17614.0
 2014|F3738|50-54|W|GER|5119|540|1882.0|3799.0|5694.0|7618.0|8052.0|9646.0|12009.0|14406.0|16659.0|17613.0
 2014|F8664|50-54|W|DEN|5118|539|1703.0|3498.0|5360.0|7330.0|7848.0|9568.0|11821.0|14192.0|16602.0|17613.0
 2014|F6971|30-34|W|SVK|5117|812|2181.0|4349.0|6500.0|8695.0|9159.0|10820.0|12876.0|14919.0|16785.0|17613.0
 2014|F7026|35-39|W|GER|5116|780|1873.0|3763.0|5748.0|7902.0|8360.0|10021.0|12229.0|14456.0|16638.0|17610.0
 2014|F3483|H|W|SWE|5115|706|1981.0|3982.0|6009.0|8027.0|8450.0|9982.0|12109.0|14205.0|16569.0|17610.0
 2014|F3593|40-44|W|GER|5113|979|2089.0|4224.0|6361.0|8498.0|8967.0|10632.0|12699.0|14697.0|16723.0|17609.0
 2014|F4460|40-44|W|SWE|5113|979|1855.0|3734.0|5637.0|7610.0|8017.0|9713.0|11874.0|14162.0|16612.0|17609.0
 2014|F8557|50-54|W|AUT|5112|538|1926.0|3906.0|5900.0|7856.0|8288.0|9918.0|12075.0|14236.0|16603.0|17609.0
 2014|F3062|45-49|W|GER|5111|951|1803.0|3706.0|5691.0|7682.0|8117.0|9814.0|12048.0|14379.0|16670.0|17609.0
 2014|F5658|55-59|W|PHI|5110|233|2178.0|4467.0|6541.0|8531.0|8951.0|10607.0|12651.0|14699.0|16738.0|17609.0
 2014|F2871|30-34|W|MEX|5109|811|1800.0|3649.0|5604.0|7664.0|8107.0|9943.0|12162.0|14471.0|16816.0|17607.0
 2014|F5604|35-39|W|GER|5108|779|1966.0|3954.0|5925.0|7911.0|8350.0|9964.0|12079.0|14327.0|16631.0|17607.0
 2014|F1007|40-44|W|GER|5107|978|2088.0|4215.0|6355.0|8504.0|8977.0|10683.0|12865.0|14959.0|16861.0|17607.0
 2014|F7610|40-44|W|PHI|5106|977|1963.0|3978.0|5923.0|7871.0|8296.0|9928.0|12087.0|14337.0|16655.0|17606.0
 2014|F7993|50-54|W|GER|5105|537|1999.0|3942.0|5918.0|7922.0|8354.0|9999.0|12159.0|14383.0|16615.0|17605.0
 2014|F7374|55-59|W|RUS|5104|232|1900.0|3826.0|5751.0|7680.0|8106.0|9695.0|11835.0|14185.0|16614.0|17605.0
 2014|F7763|30-34|W|FRA|5103|810|1923.0|3817.0|5651.0|7568.0|7980.0|9680.0|11953.0|14323.0|16674.0|17605.0
 2014|F5917|55-59|W|GER|5102|231|1718.0|3404.0|5177.0|7168.0|7602.0|9339.0|11587.0|13964.0|16635.0|17603.0
 2014|F5843|45-49|W|CAN|5101|950|1819.0|3610.0|5470.0|7455.0|7880.0|9503.0|11696.0|14074.0|16534.0|17599.0
 2014|F6227|35-39|W|ISR|5100|778|1985.0|4016.0|6043.0|8174.0|8598.0|10198.0|12260.0|14406.0|16620.0|17599.0
 2014|F1620|50-54|W|GER|5099|536|1972.0|3934.0|5921.0|7923.0|8359.0|10078.0|12232.0|14455.0|16704.0|17599.0
 2014|F2311|45-49|W|GER|5098|949|1955.0|3929.0|5902.0|7884.0|8318.0|9986.0|12236.0|14394.0|16645.0|17599.0
 2014|F8673|35-39|W|DEN|5097|777|1885.0|3768.0|5619.0|7528.0|7960.0|9609.0|11785.0|14112.0|16593.0|17598.0
 2014|F677|40-44|W|SWE|5096|976|1953.0|3978.0|5938.0|7989.0|8426.0|10070.0|12187.0|14423.0|16738.0|17598.0
 2014|F2189|50-54|W|BEL|5095|535|2113.0|4233.0|6319.0|8381.0|8823.0|10452.0|12511.0|14579.0|16682.0|17597.0
 2014|F8213|30-34|W|IRI|5094|809|1955.0|3882.0|5809.0|7701.0|8107.0|9650.0|11677.0|14051.0|16444.0|17597.0
 2014|F7603|45-49|W|ITA|5093|948|1888.0|3842.0|5743.0|7686.0|8102.0|9792.0|12162.0|14624.0|16708.0|17595.0
 2014|F5561|60-64|W|GBR|5092|83|2005.0|4004.0|6005.0|8034.0|8645.0|10235.0|12290.0|14380.0|16595.0|17595.0
 2014|F9511|45-49|W|BRA|5091|947|1970.0|3928.0|6060.0|8020.0|8459.0|10062.0|12162.0|14272.0|16698.0|17595.0
 2014|F9228|50-54|W|GER|5090|534|1797.0|3623.0|5500.0|7446.0|7879.0|9571.0|11807.0|14025.0|16504.0|17593.0
 2014|F5429|60-64|W|GER|5089|82|1888.0|3778.0|5727.0|7698.0|8123.0|9809.0|12035.0|14267.0|16667.0|17591.0
 2014|F5922|35-39|W|GER|5088|776|1841.0|3678.0|5500.0|7374.0|7795.0|9418.0|11645.0|14011.0|16491.0|17589.0
 2014|F5878|45-49|W|NED|5087|946|1940.0|3863.0|6017.0|7958.0|8380.0|9921.0|11921.0|14118.0|16661.0|17588.0
 2014|F2853|45-49|W|GER|5086|945|1955.0|3963.0|5892.0|7782.0|8211.0|9836.0|12061.0|14311.0|16629.0|17588.0
 2014|F3088|50-54|W|SWE|5085|533|1894.0|3784.0|5720.0|7679.0|8108.0|9740.0|11958.0|14168.0|16572.0|17587.0
 2014|F2693|30-34|W|NOR|5084|808|2041.0|4108.0|6160.0|8251.0|8709.0|10340.0|12449.0|14589.0|16720.0|17587.0
 2014|F4745|45-49|W|GER|5083|944|1856.0|3805.0|5774.0|7745.0|8181.0|9850.0|12064.0|14406.0|16679.0|17586.0
 2014|F6369|H|W|MEX|5082|705|1659.0|3476.0|5379.0|7354.0|7784.0|9413.0|11586.0|13846.0|16364.0|17586.0
 2014|F5845|50-54|W|GBR|5081|532|1994.0|3976.0|5969.0|7972.0|8415.0|10020.0|12267.0|14392.0|16640.0|17583.0
 2014|F6810|H|W|GER|5080|704|1862.0|3768.0|5734.0|7735.0|8158.0|9846.0|12051.0|14329.0|16647.0|17582.0
 2014|F5413|45-49|W|GER|5079|943|1930.0|3905.0|5856.0|7876.0|8353.0|9987.0|12177.0|14381.0|16613.0|17579.0
 2014|F7533|35-39|W|BRA|5078|775|1991.0|3981.0|5977.0|7967.0|8406.0|10001.0|12086.0|14294.0|16566.0|17578.0
 2014|F756|30-34|W|SWE|5077|807|1751.0|3675.0|5668.0|7708.0|8126.0|9810.0|12077.0|14335.0|16632.0|17578.0
 2014|F9501|35-39|W|GER|5076|774|1898.0|3881.0|5865.0|7922.0|8360.0|10006.0|12241.0|14453.0|16677.0|17577.0
 2014|F9671|55-59|W|GER|5075|230|1730.0|3503.0|5387.0|7343.0|7761.0|9456.0|11930.0|14178.0|16642.0|17576.0
 2014|F7705|50-54|W|FRA|5074|531|2070.0|4053.0|6065.0|8103.0|8541.0|10185.0|12333.0|14461.0|16639.0|17576.0
 2014|F2577|30-34|W|GBR|5073|806|1776.0|3553.0|5359.0|7238.0|7663.0|9395.0|11799.0|14319.0|16666.0|17575.0
 2014|F2788|40-44|W|GER|5072|975|1918.0|3830.0|5732.0|7654.0|8077.0|9637.0|11735.0|14178.0|16673.0|17575.0
 2014|F2215|30-34|W|GER|5071|805|1993.0|4005.0|6002.0|8012.0|8452.0|10028.0|12180.0|14378.0|16647.0|17575.0
 2014|F5515|35-39|W|NOR|5070|773|2057.0|4127.0|6339.0|8267.0|8787.0|10352.0|12379.0|14439.0|16677.0|17574.0
 2014|F1830|45-49|W|GBR|5069|942|1838.0|3684.0|5644.0|7613.0|8048.0|9717.0|12232.0|14429.0|16660.0|17572.0
 2014|F1014|35-39|W|GER|5068|772|1851.0|3727.0|5620.0|7562.0|8005.0|9663.0|11900.0|14233.0|16636.0|17572.0
 2014|F2415|40-44|W|DEN|5067|974|2119.0|4263.0|6292.0|8427.0|8858.0|10413.0|12415.0|14435.0|16651.0|17571.0
 2014|F8590|H|W|GER|5066|703|1984.0|4013.0|6028.0|8064.0|8502.0|10097.0|12226.0|14358.0|16570.0|17569.0
 2014|F7728|40-44|W|GER|5065|973|1847.0|3692.0|5561.0|7460.0|7878.0|9413.0|11462.0|13861.0|16556.0|17565.0
 2014|F5218|30-34|W|USA|5064|804|1646.0|3407.0|5328.0|7351.0|7802.0|9534.0|11770.0|14096.0|16523.0|17565.0
 2014|F5892|40-44|W|ESP|5063|972|1920.0|3836.0|5764.0|7794.0|8227.0|NaN|NaN|NaN|16534.0|17561.0
 2014|F1641|H|W|USA|5062|702|1908.0|3877.0|5870.0|7901.0|8374.0|10051.0|12193.0|14359.0|16589.0|17560.0
 2014|F9258|50-54|W|GER|5060|529|1958.0|3949.0|6003.0|8044.0|8486.0|10141.0|12272.0|14426.0|16633.0|17560.0
 2014|F9259|50-54|W|GER|5060|529|1958.0|3949.0|6003.0|8044.0|8486.0|10141.0|12272.0|14426.0|16633.0|17560.0
 2014|F8336|30-34|W|GER|5059|803|1863.0|3690.0|5549.0|7484.0|7916.0|9484.0|11754.0|14019.0|16535.0|17559.0
 2014|F4845|30-34|W|USA|5058|802|2027.0|4129.0|6161.0|8222.0|8661.0|10457.0|12555.0|14620.0|16683.0|17559.0
 2014|F2732|30-34|W|GBR|5057|801|1779.0|3596.0|5537.0|7631.0|8095.0|9790.0|11972.0|14134.0|16535.0|17558.0
 2014|F4337|60-64|W|CAN|5056|81|1953.0|3897.0|6139.0|8002.0|8398.0|10323.0|12578.0|14558.0|16665.0|17558.0
 2014|F1727|35-39|W|BRA|5055|771|2043.0|4125.0|6303.0|8527.0|9036.0|10830.0|12834.0|14773.0|16736.0|17557.0
 2014|F665|H|W|GBR|5054|701|1971.0|3949.0|5936.0|7898.0|8333.0|9956.0|12065.0|14255.0|16551.0|17557.0
 2014|F996|40-44|W|GER|5053|971|1909.0|3824.0|5889.0|7774.0|8185.0|9717.0|11754.0|13929.0|16633.0|17557.0
 2014|F7732|H|W|GBR|5052|700|2028.0|4083.0|6241.0|8451.0|8858.0|10473.0|12593.0|14770.0|16715.0|17552.0
 2014|F1937|45-49|W|LUX|5051|941|1662.0|3306.0|5047.0|7037.0|7500.0|9331.0|11641.0|14051.0|16507.0|17551.0
 2014|F7513|H|W|GBR|5050|699|1886.0|3779.0|5679.0|7619.0|8042.0|9593.0|12141.0|14237.0|16613.0|17549.0
 2014|F1311|35-39|W|GER|5049|770|1900.0|3787.0|5683.0|7595.0|8011.0|9590.0|12089.0|14242.0|16627.0|17547.0
 2014|F1945|30-34|W|GER|5048|800|2117.0|4270.0|6321.0|8388.0|8843.0|10480.0|12623.0|14773.0|16733.0|17546.0
 2014|F3470|55-59|W|FIN|5047|229|2110.0|4133.0|6113.0|8126.0|8556.0|10136.0|12238.0|14452.0|16679.0|17545.0
 2014|F1295|50-54|W|GER|5046|528|2021.0|4099.0|6163.0|8200.0|8663.0|10275.0|12392.0|14555.0|16692.0|17545.0
 2014|F5013|H|W|GER|5045|698|1968.0|3967.0|5961.0|7979.0|8417.0|10079.0|12266.0|14430.0|16617.0|17542.0
 2014|F1076|30-34|W|USA|5044|799|1667.0|3414.0|5280.0|7298.0|7761.0|9511.0|11910.0|14207.0|16565.0|17542.0
 2014|F3917|60-64|W|DEN|5043|80|1834.0|3649.0|5493.0|7445.0|7890.0|9651.0|12050.0|14243.0|16536.0|17541.0
 2014|F7089|35-39|W|ESP|5042|769|1984.0|3998.0|5955.0|7912.0|8326.0|9990.0|12149.0|14340.0|16642.0|17540.0
 2014|F5339|35-39|W|MAS|5041|768|1983.0|3997.0|5954.0|7911.0|8324.0|9989.0|12149.0|14339.0|16640.0|17539.0
 2014|F1003|45-49|W|CAN|5040|940|1888.0|3733.0|5559.0|7386.0|7796.0|9316.0|11389.0|13916.0|16594.0|17538.0
 2014|F7126|50-54|W|GER|5039|527|2017.0|3976.0|5930.0|7932.0|8371.0|10007.0|12178.0|14410.0|16598.0|17537.0
 2014|F1916|40-44|W|FRO|5038|970|1864.0|4016.0|6076.0|7971.0|8489.0|9990.0|12014.0|14103.0|16508.0|17536.0
 2014|F5844|30-34|W|IRL|5037|798|1805.0|3613.0|5464.0|7339.0|7740.0|9336.0|11510.0|13703.0|16270.0|17534.0
 2014|F784|30-34|W|GBR|5036|797|2026.0|4283.0|6248.0|8212.0|8644.0|10222.0|12214.0|14356.0|16619.0|17530.0
 2014|F276|55-59|W|GER|5035|228|1820.0|3707.0|6072.0|8056.0|8511.0|10179.0|12304.0|14390.0|16577.0|17529.0
 2014|F3792|30-34|W|GER|5034|796|1673.0|3379.0|5220.0|7257.0|7660.0|9555.0|12094.0|14693.0|16706.0|17521.0
 2014|F9540|30-34|W|GER|5033|795|2021.0|4099.0|6165.0|8201.0|8663.0|10275.0|12391.0|14555.0|16691.0|17520.0
 2014|F5263|35-39|W|GBR|5032|767|2091.0|4046.0|6048.0|8093.0|8534.0|10198.0|12303.0|14394.0|16590.0|17519.0
 2014|F8649|35-39|W|GBR|5031|766|1907.0|3801.0|5725.0|7659.0|8085.0|9687.0|11781.0|14338.0|16675.0|17519.0
 2014|F1992|30-34|W|NED|5030|794|2079.0|4197.0|6277.0|8397.0|8835.0|10471.0|12515.0|14568.0|16616.0|17518.0
 2014|F770|45-49|W|GBR|5029|939|1879.0|3792.0|5759.0|7801.0|8251.0|9961.0|12165.0|14405.0|16604.0|17515.0
 2014|F2669|50-54|W|MEX|5028|526|0.0|0.0|0.0|0.0|0.0|5633.0|8785.0|12318.0|16036.0|17515.0
 2014|F8961|35-39|W|DEN|5026|765|1966.0|3952.0|5891.0|7825.0|8233.0|9826.0|11941.0|14076.0|16528.0|17513.0
 2014|F2400|45-49|W|GER|5026|938|1913.0|3857.0|5855.0|7883.0|8343.0|9951.0|12052.0|14472.0|16583.0|17513.0
 2014|F5852|30-34|W|IRL|5025|793|1943.0|4166.0|6125.0|8134.0|8567.0|10191.0|12268.0|14462.0|16621.0|17509.0
 2014|F2155|45-49|W|RSA|5024|937|1912.0|3855.0|5768.0|7642.0|8055.0|9607.0|11736.0|14052.0|16477.0|17508.0
 2014|F9357|30-34|W|GBR|5023|792|1999.0|4303.0|6333.0|8448.0|8914.0|10545.0|12612.0|14606.0|16620.0|17504.0
 2014|F6474|45-49|W|GER|5022|936|2007.0|4075.0|6128.0|8174.0|8610.0|10203.0|12283.0|14386.0|16545.0|17504.0
 2014|F381|45-49|W|GER|5021|935|1920.0|3902.0|5951.0|8019.0|8485.0|10188.0|12494.0|14588.0|16628.0|17503.0
 2014|F4567|50-54|W|DEN|5020|525|1936.0|3892.0|5847.0|7890.0|8332.0|10002.0|12216.0|14391.0|16543.0|17503.0
 2014|F2053|45-49|W|GER|5019|934|2041.0|4084.0|6152.0|8215.0|8661.0|10278.0|12368.0|14425.0|16526.0|17503.0
 2014|F8607|35-39|W|GER|5018|764|1909.0|3803.0|5697.0|7598.0|8004.0|9539.0|11557.0|13963.0|16360.0|17503.0
 2014|F4446|65-69|W|GER|5017|12|2040.0|4084.0|6153.0|8198.0|8660.0|10277.0|12363.0|14426.0|16526.0|17503.0
 2014|F6429|H|W|GER|5016|697|1909.0|3802.0|5696.0|7597.0|8004.0|9539.0|11556.0|13963.0|16360.0|17502.0
 2014|F2923|50-54|W|GER|5015|524|2040.0|4084.0|6151.0|8214.0|8661.0|10280.0|12364.0|14424.0|16525.0|17502.0
 2014|F9620|H|W|GBR|5014|696|1812.0|3638.0|5513.0|7469.0|7980.0|9696.0|12047.0|14392.0|16526.0|17500.0
 2014|F3993|45-49|W|GER|5013|933|1984.0|4009.0|6027.0|8063.0|8531.0|10157.0|12259.0|14419.0|16528.0|17499.0
 2014|F3238|45-49|W|GER|5012|932|1772.0|3558.0|5372.0|7219.0|7630.0|9137.0|11222.0|13828.0|16474.0|17497.0
 2014|F6231|30-34|W|GER|5011|791|1894.0|3809.0|5761.0|7786.0|8232.0|9905.0|12093.0|14387.0|16566.0|17496.0
 2014|F1826|30-34|W|CAN|5010|790|1770.0|3595.0|5512.0|7622.0|8073.0|9785.0|11997.0|14219.0|16487.0|17496.0
 2014|F4059|50-54|W|GBR|5009|523|1869.0|3768.0|5705.0|7683.0|8136.0|9759.0|11936.0|14209.0|16501.0|17495.0
 2014|F3408|45-49|W|GER|5008|931|1886.0|3774.0|5625.0|7515.0|8112.0|9634.0|11666.0|13754.0|16374.0|17494.0
 2014|F3862|45-49|W|AUT|5007|930|1805.0|3622.0|5488.0|7434.0|7861.0|9461.0|11702.0|14076.0|16554.0|17493.0
 2014|F9323|55-59|W|SUI|5006|227|1576.0|3379.0|5268.0|7302.0|7730.0|9424.0|11616.0|14065.0|16441.0|17491.0
 2014|F1770|50-54|W|SWE|5005|522|2075.0|4142.0|6245.0|8334.0|8800.0|10444.0|12506.0|14550.0|16644.0|17491.0
 2014|F2971|55-59|W|CAN|5004|226|1843.0|3693.0|5569.0|7508.0|7939.0|9512.0|11650.0|13879.0|16543.0|17491.0
 2014|F7553|55-59|W|GER|5003|225|1942.0|3877.0|5816.0|7793.0|8221.0|9842.0|12003.0|14226.0|16491.0|17489.0
 2014|F8241|30-34|W|BRA|5002|789|1857.0|3743.0|5628.0|7555.0|7984.0|9551.0|11759.0|14089.0|16468.0|17488.0
 2014|F3547|30-34|W|GBR|5001|788|2001.0|3976.0|5889.0|7809.0|8236.0|9850.0|11939.0|14157.0|16485.0|17486.0
 2014|F2341|50-54|W|GER|5000|521|1996.0|3965.0|5914.0|7873.0|8296.0|9846.0|11915.0|14200.0|16402.0|17486.0
 2014|F6284|40-44|W|GER|4999|969|1987.0|4015.0|6076.0|8098.0|8530.0|10129.0|12292.0|14422.0|16586.0|17485.0
 2014|F5120|45-49|W|NOR|4998|929|1895.0|3881.0|5834.0|7812.0|8234.0|9873.0|12052.0|14191.0|16476.0|17484.0
 2014|F2457|30-34|W|GER|4997|787|1908.0|4053.0|5884.0|7892.0|8326.0|9943.0|12137.0|14354.0|16594.0|17483.0
 2014|F4998|45-49|W|AUT|4996|928|1932.0|3836.0|5719.0|7629.0|8045.0|9607.0|11637.0|13893.0|16430.0|17483.0
 2014|F8801|50-54|W|FRA|4995|520|1885.0|3755.0|5645.0|7583.0|8014.0|9611.0|11751.0|13976.0|16326.0|17482.0
 2014|F1955|30-34|W|AUS|4994|786|1931.0|3852.0|5852.0|7820.0|8256.0|9863.0|11953.0|14126.0|16543.0|17481.0
 2014|F8618|45-49|W|INA|4993|927|1912.0|3848.0|5759.0|7716.0|8147.0|9764.0|11991.0|14230.0|16493.0|17481.0
 2014|F4274|35-39|W|GER|4992|763|1998.0|3998.0|5959.0|7972.0|8408.0|9973.0|12048.0|14184.0|16559.0|17480.0
 2014|F2986|H|W|USA|4991|695|1865.0|3700.0|5563.0|7506.0|8069.0|9945.0|12168.0|14315.0|16594.0|17480.0
 2014|F1511|30-34|W|USA|4990|785|1815.0|3639.0|5570.0|7511.0|7928.0|9564.0|11773.0|14109.0|16573.0|17478.0
 2014|F772|35-39|W|SWE|4989|762|1997.0|4112.0|6230.0|8314.0|8751.0|10334.0|12352.0|14433.0|16541.0|17477.0
 2014|F4699|30-34|W|NED|4988|784|1942.0|3941.0|5973.0|7932.0|8435.0|10051.0|12273.0|14439.0|16534.0|17475.0
 2014|F5010|50-54|W|FRA|4987|519|2105.0|4193.0|6253.0|8401.0|8837.0|10515.0|12630.0|14606.0|16626.0|17475.0
 2014|F6108|35-39|W|GBR|4985|761|2107.0|4151.0|6112.0|8065.0|8484.0|10111.0|12191.0|14312.0|16543.0|17473.0
 2014|F781|45-49|W|ISR|4985|926|2024.0|4009.0|5996.0|8041.0|8474.0|10071.0|12116.0|14283.0|16524.0|17473.0
 2014|F6984|35-39|W|GBR|4984|760|1971.0|3949.0|5935.0|7914.0|8470.0|10086.0|12194.0|14318.0|16525.0|17471.0
 2014|F9598|55-59|W|CRC|4983|224|1901.0|3839.0|5774.0|7729.0|8159.0|9806.0|12050.0|14261.0|16490.0|17470.0
 2014|F3832|H|W|GER|4982|694|1910.0|3802.0|5631.0|7492.0|7908.0|9447.0|11630.0|13997.0|16499.0|17470.0
 2014|F3493|45-49|W|FRA|4981|925|1918.0|3879.0|5795.0|7716.0|8141.0|9892.0|12053.0|14250.0|16510.0|17468.0
 2014|F1201|50-54|W|DEN|4980|518|1901.0|3870.0|5727.0|7603.0|8027.0|9610.0|11738.0|14017.0|16382.0|17468.0
 2014|F3865|45-49|W|SWE|4979|924|1941.0|3968.0|6020.0|8074.0|8527.0|10159.0|12257.0|14346.0|16533.0|17468.0
 2014|F5553|45-49|W|AUS|4978|923|1737.0|3531.0|5417.0|7388.0|7894.0|9602.0|11775.0|14060.0|16499.0|17466.0
 2014|F4618|50-54|W|GER|4977|517|1789.0|3711.0|5694.0|7699.0|8140.0|9792.0|12020.0|14285.0|16485.0|17464.0
 2014|F2601|50-54|W|SWE|4976|516|1836.0|3695.0|5506.0|7437.0|7858.0|9550.0|11784.0|14046.0|16458.0|17462.0
 2014|F8146|50-54|W|USA|4975|515|1852.0|3682.0|5630.0|7517.0|7967.0|9592.0|11884.0|14067.0|16437.0|17460.0
 2014|F8098|60-64|W|FRA|4974|79|1872.0|3782.0|5681.0|7584.0|8003.0|9575.0|11691.0|13923.0|16412.0|17457.0
 2014|F5437|30-34|W|GBR|4973|783|1977.0|4236.0|6360.0|8346.0|8772.0|10319.0|12327.0|14381.0|16510.0|17457.0
 2014|F1962|40-44|W|CAN|4972|968|1693.0|3506.0|5260.0|7194.0|7603.0|9195.0|11441.0|13909.0|16442.0|17457.0
 2014|F4064|45-49|W|DEN|4971|922|1853.0|3709.0|5612.0|7580.0|8008.0|9653.0|11837.0|14123.0|16439.0|17456.0
 2014|F6163|45-49|W|GER|4970|921|1934.0|3869.0|5835.0|7822.0|8261.0|9962.0|12111.0|14190.0|16507.0|17456.0
 2014|F6162|50-54|W|GER|4969|514|1934.0|3869.0|5843.0|7823.0|8261.0|9964.0|12111.0|14190.0|16507.0|17455.0
 2014|F4952|60-64|W|GER|4968|78|1832.0|3655.0|5491.0|7369.0|7789.0|9306.0|11472.0|13877.0|16401.0|17453.0
 2014|F1813|35-39|W|USA|4967|759|2026.0|3920.0|5818.0|7894.0|8350.0|10046.0|12288.0|14559.0|16627.0|17450.0
 2014|F3531|50-54|W|DEN|4966|513|1917.0|3955.0|5907.0|7883.0|8324.0|10010.0|12182.0|14297.0|16541.0|17449.0
 2014|F297|50-54|W|GER|4965|512|1877.0|3760.0|5672.0|7677.0|8103.0|9737.0|11957.0|14183.0|16495.0|17446.0
 2014|F7812|30-34|W|GER|4964|782|2106.0|4177.0|6239.0|8302.0|8761.0|10367.0|12523.0|14604.0|16632.0|17444.0
 2014|F4094|H|W|GER|4963|693|1740.0|3631.0|5598.0|7664.0|8168.0|9902.0|12175.0|14366.0|16514.0|17443.0
 2014|F3266|35-39|W|GBR|4962|758|1764.0|3548.0|5356.0|7266.0|7700.0|9468.0|11715.0|13972.0|16423.0|17442.0
 2014|F2664|45-49|W|SLO|4961|920|1791.0|3647.0|5513.0|7457.0|7882.0|9543.0|11774.0|14059.0|16451.0|17441.0
 2014|F1185|45-49|W|GER|4960|919|2005.0|4059.0|6113.0|8147.0|8582.0|10213.0|12271.0|14400.0|16539.0|17441.0
 2014|F763|55-59|W|AUT|4959|223|2096.0|4121.0|6158.0|8217.0|8656.0|10269.0|12382.0|14437.0|16562.0|17439.0
 2014|F1207|50-54|W|DEN|4958|511|1991.0|4011.0|5968.0|7947.0|8372.0|9938.0|12010.0|14160.0|16435.0|17437.0
 2014|F2041|55-59|W|TUR|4957|222|1851.0|3691.0|5598.0|7548.0|7983.0|9622.0|11835.0|14115.0|16448.0|17437.0
 2014|F2213|50-54|W|GER|4956|510|2049.0|4170.0|6115.0|8096.0|8534.0|10230.0|12326.0|14463.0|16555.0|17436.0
 2014|F7056|45-49|W|NED|4955|918|1921.0|3952.0|5984.0|7986.0|8411.0|10047.0|12085.0|14140.0|16446.0|17435.0
 2014|F6413|35-39|W|GER|4954|757|2130.0|4209.0|6274.0|8276.0|8708.0|10310.0|12388.0|14465.0|16548.0|17433.0
 2014|F5764|35-39|W|GER|4953|756|2075.0|4151.0|6231.0|8300.0|8752.0|10373.0|12454.0|14520.0|16563.0|17433.0
 2014|F8259|35-39|W|NED|4952|755|1998.0|4006.0|5933.0|8032.0|8441.0|10017.0|12035.0|14100.0|16373.0|17430.0
 2014|F6844|50-54|W|GER|4951|509|2039.0|4827.0|7323.0|9330.0|9884.0|11281.0|12999.0|14920.0|16617.0|17430.0
 2014|F5057|45-49|W|USA|4950|917|1784.0|3695.0|5595.0|7576.0|8035.0|9721.0|11958.0|14249.0|16500.0|17428.0
 2014|F2208|50-54|W|GBR|4949|508|1789.0|3601.0|5497.0|7693.0|8126.0|9803.0|11941.0|14043.0|16432.0|17427.0
 2014|F787|35-39|W|SWE|4948|754|1952.0|3872.0|5778.0|7682.0|8104.0|9680.0|11903.0|14256.0|16561.0|17425.0
 2014|F4542|55-59|W|GER|4947|221|1967.0|3949.0|5879.0|7829.0|8254.0|9864.0|12065.0|14290.0|16430.0|17425.0
 2014|F5670|40-44|W|FRA|4946|967|2089.0|4145.0|6258.0|8201.0|8612.0|10164.0|12244.0|14333.0|16491.0|17423.0
 2014|F3019|H|W|GER|4945|692|2008.0|4052.0|6112.0|8137.0|8575.0|10170.0|12215.0|14263.0|16455.0|17423.0
 2014|F1783|30-34|W|GBR|4944|781|1849.0|3712.0|5670.0|7622.0|8115.0|9756.0|12008.0|14172.0|16423.0|17422.0
 2014|F3859|30-34|W|GBR|4943|780|2130.0|4262.0|6319.0|8363.0|8803.0|10484.0|12444.0|14383.0|16509.0|17419.0
 2014|F1298|45-49|W|GER|4942|916|1874.0|3766.0|5683.0|7561.0|8096.0|9713.0|11833.0|14108.0|16420.0|17418.0
 2014|F4832|55-59|W|DEN|4941|220|1779.0|3574.0|5457.0|7359.0|7774.0|9398.0|11694.0|14091.0|16430.0|17418.0
 2014|F8771|40-44|W|ITA|4940|966|1910.0|3827.0|5771.0|7779.0|8211.0|9844.0|11994.0|14150.0|16550.0|17414.0
 2014|F3943|55-59|W|SWE|4939|219|1812.0|3671.0|5570.0|7556.0|8056.0|9686.0|11877.0|14087.0|16387.0|17414.0
 2014|F2232|40-44|W|DEN|4938|965|1965.0|4035.0|5965.0|7899.0|8313.0|9875.0|11932.0|14136.0|16440.0|17410.0
 2014|F5706|40-44|W|NED|4937|964|1967.0|3951.0|6027.0|8005.0|8431.0|9973.0|11991.0|14210.0|16435.0|17408.0
 2014|F2444|35-39|W|GBR|4936|753|1906.0|3821.0|5750.0|7684.0|8111.0|9672.0|11794.0|14109.0|16530.0|17406.0
 2014|F723|35-39|W|USA|4935|752|1621.0|3358.0|5209.0|7328.0|7779.0|9660.0|11926.0|14243.0|16480.0|17406.0
 2014|F4204|30-34|W|GER|4934|779|1828.0|3640.0|5486.0|7506.0|7926.0|9501.0|11647.0|13963.0|16333.0|17404.0
 2014|F3881|45-49|W|GER|4932|914|1914.0|3861.0|5792.0|7730.0|8151.0|9735.0|11851.0|14094.0|16427.0|17404.0
 2014|F8326|45-49|W|GER|4932|914|1945.0|4248.0|6138.0|8136.0|8556.0|10145.0|12201.0|14323.0|16461.0|17404.0
 2014|F8079|35-39|W|GBR|4931|751|1764.0|3564.0|5382.0|7249.0|7679.0|9274.0|11490.0|13891.0|16415.0|17404.0
 2014|F7665|40-44|W|GER|4930|963|2054.0|4127.0|6182.0|8230.0|8676.0|10300.0|12364.0|14444.0|16511.0|17404.0
 2014|F9611|35-39|W|GBR|4929|750|2049.0|4144.0|6254.0|8377.0|8824.0|10477.0|12816.0|14659.0|16594.0|17404.0
 2014|F9231|45-49|W|GER|4928|913|1867.0|3763.0|5650.0|7538.0|7957.0|9492.0|11585.0|13979.0|16391.0|17401.0
 2014|F3288|45-49|W|GER|4927|912|1920.0|3917.0|5915.0|7929.0|8419.0|9970.0|12045.0|14217.0|16455.0|17401.0
 2014|F2117|30-34|W|RSA|4926|778|1995.0|3885.0|5770.0|7811.0|8404.0|9991.0|12088.0|14275.0|16514.0|17401.0
 2014|F2556|45-49|W|DEN|4925|911|1948.0|4242.0|6275.0|8350.0|9054.0|10639.0|12654.0|14638.0|16611.0|17400.0
 2014|F2246|45-49|W|DEN|4924|910|1917.0|3955.0|5907.0|7882.0|8324.0|10009.0|12182.0|14295.0|16541.0|17399.0
 2014|F3908|30-34|W|NED|4923|777|2024.0|4146.0|6119.0|8092.0|8507.0|10080.0|12138.0|14267.0|16511.0|17398.0
 2014|F8368|35-39|W|NED|4922|749|2024.0|4146.0|6119.0|8092.0|8508.0|10081.0|12138.0|14268.0|16511.0|17398.0
 2014|F6702|40-44|W|GBR|4921|962|1902.0|3832.0|5857.0|7758.0|8181.0|9741.0|11874.0|14119.0|16410.0|17396.0
 2014|F3382|30-34|W|IND|4920|776|1769.0|3688.0|5620.0|7627.0|8084.0|9730.0|12041.0|14216.0|16475.0|17395.0
 2014|F2308|30-34|W|GER|4919|775|1953.0|3886.0|5816.0|7810.0|8244.0|9806.0|11847.0|14121.0|16379.0|17393.0
 2014|F1432|30-34|W|GBR|4918|774|1864.0|4022.0|5891.0|7796.0|8207.0|9788.0|11855.0|14137.0|16482.0|17393.0
 2014|F1723|H|W|GER|4917|691|1783.0|3583.0|5420.0|7360.0|7777.0|9715.0|12127.0|14316.0|16534.0|17388.0
 2014|F1538|55-59|W|DEN|4916|218|1878.0|3778.0|5704.0|7696.0|8117.0|9755.0|11903.0|14097.0|16379.0|17388.0
 2014|F7913|45-49|W|GER|4915|909|1832.0|3697.0|5562.0|7489.0|7924.0|9572.0|11848.0|14134.0|16475.0|17388.0
 2014|F1093|H|W|DEN|4914|690|2056.0|4174.0|6535.0|8541.0|8987.0|10624.0|12569.0|14547.0|16532.0|17386.0
 2014|F1067|50-54|W|ARG|4913|507|1889.0|3771.0|5671.0|7603.0|8031.0|9712.0|11815.0|14088.0|16370.0|17386.0
 2014|F7500|H|W|MEX|4912|689|1999.0|3941.0|5910.0|7808.0|8238.0|9867.0|12018.0|14199.0|16476.0|17386.0
 2014|F7878|45-49|W|GER|4911|908|1913.0|3802.0|5644.0|7535.0|7950.0|9481.0|11537.0|14091.0|16422.0|17381.0
 2014|F3424|35-39|W|GER|4910|748|1845.0|3743.0|5669.0|7619.0|8029.0|9759.0|11972.0|14201.0|16508.0|17380.0
 2014|F1269|30-34|W|GER|4909|773|1910.0|3862.0|5825.0|7805.0|8236.0|9862.0|11985.0|14347.0|16496.0|17380.0
 2014|F3313|40-44|W|GER|4908|961|1910.0|3863.0|5826.0|7805.0|8236.0|9862.0|11984.0|14347.0|16496.0|17380.0
 2014|F1197|H|W|USA|4907|688|1873.0|3812.0|5733.0|7717.0|8162.0|9755.0|11897.0|14236.0|16521.0|17379.0
 2014|F3868|45-49|W|GER|4906|907|1995.0|4013.0|6183.0|8151.0|8582.0|10176.0|12247.0|14371.0|16473.0|17378.0
 2014|F5049|40-44|W|SUI|4905|960|1990.0|3948.0|5959.0|8026.0|8476.0|10157.0|12550.0|14659.0|16544.0|17377.0
 2014|F5208|40-44|W|BEL|4904|959|2271.0|4491.0|6623.0|8736.0|9198.0|10820.0|12756.0|14666.0|16564.0|17374.0
 2014|F4479|50-54|W|THA|4903|506|1892.0|3800.0|5690.0|7657.0|8107.0|9768.0|11933.0|14087.0|16321.0|17373.0
 2014|F3533|35-39|W|DEN|4902|747|1929.0|3848.0|5784.0|7718.0|8144.0|9862.0|11842.0|14090.0|16420.0|17372.0
 2014|F5436|H|W|DEN|4901|687|1720.0|3461.0|5173.0|6905.0|7287.0|8759.0|11076.0|13525.0|16315.0|17372.0
 2014|F9682|H|W|GER|4900|686|2049.0|4110.0|6198.0|8280.0|8735.0|10354.0|12416.0|14452.0|16490.0|17371.0
 2014|F998|30-34|W|GBR|4899|772|2030.0|4033.0|6031.0|8085.0|8526.0|10112.0|12241.0|14328.0|16497.0|17370.0
 2014|F2632|H|W|BRA|4898|685|1931.0|3986.0|6023.0|8055.0|8470.0|10174.0|12212.0|14223.0|16507.0|17367.0
 2014|F7964|55-59|W|GER|4897|217|1935.0|3748.0|5638.0|7531.0|7939.0|9506.0|11591.0|13967.0|16443.0|17367.0
 2014|F8615|50-54|W|GER|4896|505|2007.0|4075.0|6128.0|8171.0|8609.0|10203.0|12283.0|14386.0|16513.0|17366.0
 2014|F9072|45-49|W|GER|4895|906|2006.0|4028.0|6038.0|8045.0|8485.0|10090.0|12182.0|14267.0|16405.0|17365.0
 2014|F5359|H|W|GER|4894|684|1559.0|3175.0|4919.0|6675.0|7074.0|8669.0|11610.0|13990.0|16450.0|17364.0
 2014|F8436|45-49|W|GER|4893|905|1995.0|4013.0|6184.0|8152.0|8583.0|10176.0|12246.0|14371.0|16472.0|17364.0
 2014|F9101|40-44|W|IRL|4892|958|2115.0|4285.0|6318.0|8356.0|8774.0|10350.0|12370.0|14382.0|16437.0|17364.0
 2014|F1458|50-54|W|GER|4891|504|1964.0|3958.0|5969.0|7996.0|8453.0|10076.0|12201.0|14311.0|16441.0|17363.0
 2014|F7953|30-34|W|RUS|4890|771|2003.0|4020.0|5942.0|7920.0|8337.0|9915.0|12013.0|14145.0|16431.0|17362.0
 2014|F1099|JA|W|SWE|4889|16|1920.0|3823.0|5722.0|7696.0|8158.0|9794.0|11948.0|14166.0|16400.0|17359.0
 2014|F6007|40-44|W|SLO|4888|957|1753.0|3538.0|5425.0|7404.0|7839.0|9549.0|11708.0|14016.0|16412.0|17359.0
 2014|F5636|30-34|W|SWE|4887|770|1834.0|3751.0|5671.0|7690.0|8133.0|9827.0|12010.0|14232.0|16438.0|17358.0
 2014|F2608|50-54|W|GER|4886|503|2115.0|4284.0|6318.0|8356.0|8773.0|10350.0|12350.0|14382.0|16436.0|17357.0
 2014|F4707|45-49|W|GER|4885|904|1884.0|3807.0|5759.0|7785.0|8207.0|9733.0|11790.0|14020.0|16345.0|17357.0
 2014|F1273|50-54|W|GER|4884|502|1928.0|3872.0|5833.0|7777.0|8197.0|9770.0|11855.0|14009.0|16382.0|17357.0
 2014|F6608|45-49|W|ITA|4882|903|1931.0|3849.0|5728.0|7627.0|8038.0|9558.0|11556.0|13536.0|16232.0|17355.0
 2014|F7469|40-44|W|GBR|4882|956|1906.0|3820.0|5746.0|7724.0|8154.0|9788.0|11937.0|14155.0|16417.0|17355.0
 2014|F6619|45-49|W|GER|4881|902|2041.0|4070.0|6111.0|8131.0|8569.0|10170.0|12264.0|14344.0|16489.0|17352.0
 2014|F6771|40-44|W|GER|4880|955|2047.0|4119.0|6147.0|8193.0|8661.0|10324.0|12494.0|14514.0|16484.0|17346.0
 2014|F1176|30-34|W|POL|4878|769|1927.0|3763.0|5520.0|7308.0|7712.0|9375.0|11612.0|13963.0|16433.0|17343.0
 2014|F1436|H|W|GER|4878|683|1701.0|3488.0|5284.0|7159.0|7566.0|9169.0|11434.0|13867.0|16327.0|17343.0
 2014|F1528|H|W|GER|4877|682|1962.0|3927.0|5884.0|7829.0|8258.0|9803.0|11842.0|13969.0|16379.0|17342.0
 2014|F2883|40-44|W|GER|4876|954|1959.0|3914.0|5903.0|7851.0|8278.0|9786.0|11802.0|14041.0|16359.0|17339.0
 2014|F1638|30-34|W|VEN|4875|768|1974.0|3954.0|5890.0|7847.0|8272.0|9792.0|11781.0|13762.0|16136.0|17339.0
 2014|F6352|40-44|W|SWE|4874|953|2076.0|4142.0|6245.0|8330.0|8800.0|10433.0|12504.0|14518.0|16507.0|17339.0
 2014|F7589|50-54|W|NOR|4873|501|1995.0|3966.0|6157.0|8085.0|8501.0|10011.0|12151.0|14201.0|16404.0|17338.0
 2014|F1101|50-54|W|DEN|4872|500|1988.0|4000.0|6007.0|7814.0|8206.0|9679.0|11616.0|13805.0|16171.0|17338.0
 2014|F8777|50-54|W|ITA|4871|499|1828.0|3731.0|5758.0|7683.0|8106.0|9862.0|12119.0|14132.0|16397.0|17338.0
 2014|F6538|30-34|W|NED|4870|767|1884.0|3848.0|5738.0|7653.0|8062.0|9594.0|11842.0|14053.0|16388.0|17337.0
 2014|F5574|40-44|W|RSA|4869|952|1905.0|3869.0|5827.0|7817.0|8275.0|9926.0|12276.0|14413.0|16474.0|17334.0
 2014|F9343|40-44|W|CAN|4868|951|1973.0|3998.0|6036.0|8040.0|8479.0|10098.0|12209.0|14327.0|16442.0|17333.0
 2014|F872|50-54|W|NOR|4867|498|1866.0|3752.0|5637.0|7625.0|8054.0|9682.0|11842.0|14056.0|16351.0|17330.0
 2014|F8249|50-54|W|GER|4866|497|1986.0|4007.0|6017.0|8119.0|8559.0|10206.0|12246.0|14311.0|16427.0|17330.0
 2014|F3460|35-39|W|NED|4865|746|1846.0|3673.0|5521.0|7419.0|7825.0|9400.0|11532.0|13825.0|16313.0|17330.0
 2014|F5649|45-49|W|SUI|4864|901|1895.0|3793.0|5695.0|7619.0|8041.0|9600.0|11711.0|13971.0|16338.0|17329.0
 2014|F555|45-49|W|GER|4863|900|1955.0|3932.0|5918.0|7839.0|8260.0|9926.0|12051.0|14247.0|16436.0|17328.0
 2014|F3256|30-34|W|GER|4862|766|1986.0|4053.0|6144.0|8232.0|8691.0|10349.0|12427.0|14459.0|16514.0|17328.0
 2014|F4806|35-39|W|GER|4861|745|1984.0|3827.0|5722.0|7659.0|8088.0|9676.0|11769.0|14039.0|16313.0|17325.0
 2014|F4630|60-64|W|USA|4860|77|1891.0|3889.0|5937.0|7928.0|8352.0|9974.0|12158.0|14269.0|16398.0|17324.0
 2014|F972|55-59|W|MGL|4859|216|2009.0|3950.0|5929.0|7884.0|8317.0|9908.0|12023.0|14196.0|16419.0|17324.0
 2014|F8450|H|W|RUS|4858|681|1735.0|3483.0|5269.0|7180.0|7613.0|9212.0|11331.0|13562.0|16256.0|17323.0
 2014|F8553|30-34|W|GER|4857|765|1845.0|3685.0|5583.0|7453.0|7866.0|9527.0|11641.0|13860.0|16362.0|17321.0
 2014|F5282|45-49|W|NED|4856|899|1868.0|3782.0|5737.0|7720.0|8140.0|9734.0|11853.0|13978.0|16407.0|17320.0
 2014|F3039|35-39|W|ITA|4855|744|1891.0|3799.0|5664.0|7591.0|8006.0|9572.0|11679.0|13957.0|16341.0|17319.0
 2014|F8714|40-44|W|TUR|4854|950|1818.0|3742.0|5677.0|7641.0|8079.0|9788.0|11900.0|14085.0|16374.0|17319.0
 2014|F4702|50-54|W|POL|4853|496|1912.0|3862.0|5837.0|7838.0|8279.0|9935.0|11984.0|14063.0|16354.0|17319.0
 2014|F1500|30-34|W|GBR|4852|764|1809.0|3629.0|5550.0|7391.0|7789.0|9394.0|11693.0|13880.0|16333.0|17318.0
 2014|F8929|30-34|W|MEX|4851|763|1952.0|3892.0|5773.0|7637.0|8064.0|9631.0|11720.0|13803.0|16203.0|17317.0
 2014|F6912|40-44|W|GER|4850|949|1934.0|3926.0|5879.0|7864.0|8297.0|9884.0|11993.0|14201.0|16383.0|17315.0
 2014|F4724|35-39|W|USA|4849|743|1742.0|3738.0|5914.0|7780.0|8253.0|9782.0|11826.0|13961.0|16394.0|17314.0
 2014|F6177|50-54|W|USA|4848|495|1762.0|3579.0|5381.0|7266.0|7667.0|9319.0|11458.0|13776.0|16276.0|17313.0
 2014|F3250|40-44|W|CAN|4847|948|1691.0|3412.0|5204.0|7142.0|7589.0|9330.0|11643.0|13974.0|16357.0|17313.0
 2014|F1485|60-64|W|SUI|4846|76|1866.0|3718.0|5608.0|7567.0|8000.0|9657.0|11824.0|14096.0|16364.0|17311.0
 2014|F5738|H|W|RUS|4845|680|1859.0|3859.0|5727.0|7616.0|8025.0|9624.0|12273.0|14348.0|16363.0|17311.0
 2014|F6225|40-44|W|GER|4844|947|1846.0|3688.0|5559.0|7432.0|7842.0|9423.0|11558.0|13664.0|16127.0|17310.0
 2014|F4565|H|W|RUS|4843|679|1859.0|3859.0|5727.0|7616.0|8025.0|9624.0|12273.0|14348.0|16363.0|17310.0
 2014|F5166|40-44|W|GER|4842|946|1814.0|3587.0|5390.0|7252.0|7676.0|9308.0|11482.0|13886.0|16323.0|17310.0
 2014|F5573|H|W|GBR|4841|678|2040.0|4112.0|6163.0|8192.0|8632.0|10227.0|12407.0|14410.0|16443.0|17308.0
 2014|F7751|H|W|GER|4840|677|1765.0|3431.0|5200.0|7225.0|7649.0|9468.0|11841.0|14109.0|16450.0|17306.0
 2014|F6359|40-44|W|GER|4839|945|2010.0|4016.0|6020.0|7936.0|8355.0|10001.0|12124.0|14270.0|16458.0|17305.0
 2014|F293|45-49|W|GER|4838|898|1960.0|3944.0|5971.0|8001.0|8435.0|10081.0|12187.0|14372.0|16461.0|17302.0
 2014|F9017|30-34|W|GER|4837|762|1933.0|3927.0|6152.0|8076.0|8501.0|10048.0|12022.0|14044.0|16325.0|17302.0
 2014|F8112|50-54|W|SLO|4836|494|2053.0|4073.0|6113.0|8106.0|8549.0|10177.0|12223.0|14275.0|16394.0|17302.0
 2014|F1811|H|W|RUS|4835|676|1998.0|4238.0|6232.0|8198.0|8638.0|10218.0|12208.0|14275.0|16417.0|17302.0
 2014|F9250|40-44|W|AUT|4834|944|1904.0|3934.0|5884.0|7866.0|8286.0|10006.0|12111.0|14152.0|16382.0|17301.0
 2014|F3187|35-39|W|MEX|4833|742|1686.0|3430.0|5227.0|7091.0|7504.0|9082.0|11257.0|13678.0|16282.0|17295.0
 2014|F2725|H|W|USA|4832|675|1963.0|3892.0|5801.0|7703.0|8122.0|9884.0|12031.0|14188.0|16333.0|17295.0
 2014|F8048|60-64|W|GER|4831|75|2007.0|4060.0|6032.0|8059.0|8506.0|10097.0|12180.0|14257.0|16373.0|17294.0
 2014|F589|40-44|W|GER|4830|943|1936.0|3904.0|5759.0|7639.0|8056.0|9543.0|11498.0|13961.0|16333.0|17293.0
 2014|F7985|40-44|W|NED|4829|942|2057.0|4136.0|6151.0|8167.0|8597.0|10220.0|12324.0|14368.0|16447.0|17289.0
 2014|F3285|35-39|W|USA|4828|741|2027.0|4078.0|6104.0|8065.0|8527.0|10126.0|12159.0|14207.0|16375.0|17289.0
 2014|F5750|45-49|W|DEN|4827|897|2095.0|4151.0|6206.0|8310.0|8746.0|10471.0|12522.0|14509.0|16523.0|17288.0
 2014|F989|55-59|W|GER|4826|215|1861.0|3676.0|5565.0|7553.0|7989.0|9632.0|11814.0|14033.0|16315.0|17286.0
 2014|F4323|H|W|DEN|4825|674|1787.0|3567.0|5320.0|7097.0|7481.0|8949.0|11007.0|13461.0|16206.0|17285.0
 2014|F5333|50-54|W|GER|4823|493|1807.0|3629.0|5528.0|7526.0|7988.0|9702.0|11845.0|14043.0|16358.0|17285.0
 2014|F4522|45-49|W|CAN|4823|896|1944.0|3879.0|5858.0|7789.0|8211.0|9810.0|11933.0|14024.0|16283.0|17285.0
 2014|F1356|45-49|W|DEN|4822|895|1769.0|3586.0|5455.0|7371.0|7794.0|9471.0|11685.0|13911.0|16287.0|17284.0
 2014|F6801|H|W|GER|4821|673|2019.0|4025.0|5987.0|7984.0|8426.0|10088.0|12195.0|14286.0|16370.0|17283.0
 2014|F4132|30-34|W|POL|4820|761|1816.0|3621.0|5440.0|7259.0|7660.0|9254.0|11285.0|13925.0|16170.0|17283.0
 2014|F236|60-64|W|DEN|4819|74|1948.0|3941.0|5980.0|7959.0|8388.0|9960.0|12046.0|14207.0|16388.0|17282.0
 2014|F9427|35-39|W|SIN|4818|740|1925.0|3868.0|5799.0|7740.0|8173.0|9902.0|12005.0|14194.0|16362.0|17279.0
 2014|F5611|40-44|W|GER|4817|941|1970.0|4003.0|6012.0|8028.0|8456.0|10053.0|12154.0|14284.0|16392.0|17278.0
 2014|F4801|55-59|W|HKG|4816|214|1798.0|3694.0|5585.0|7542.0|7965.0|9582.0|11893.0|13977.0|16164.0|17275.0
 2014|F4321|30-34|W|GER|4815|760|2123.0|4138.0|6190.0|8242.0|8791.0|10347.0|12348.0|14346.0|16373.0|17273.0
 2014|F3553|35-39|W|GER|4814|739|2114.0|4154.0|6141.0|8183.0|8625.0|10217.0|12269.0|14289.0|16396.0|17273.0
 2014|F8324|30-34|W|POL|4813|759|1941.0|3875.0|5819.0|7738.0|8145.0|9746.0|11866.0|14012.0|16280.0|17272.0
 2014|F8367|H|W|GBR|4812|672|1835.0|3626.0|5483.0|7333.0|7927.0|9493.0|11579.0|13931.0|16340.0|17271.0
 2014|F3406|50-54|W|FIN|4811|492|1877.0|3830.0|5953.0|7904.0|8314.0|9926.0|12067.0|14228.0|16369.0|17270.0
 2014|F9123|40-44|W|NED|4810|940|1961.0|3969.0|5970.0|7985.0|8432.0|10021.0|12077.0|14157.0|16348.0|17270.0
 2014|F5699|35-39|W|BRA|4809|738|1965.0|3966.0|5975.0|8042.0|8470.0|10035.0|12095.0|14178.0|16295.0|17269.0
 2014|F3448|35-39|W|GER|4808|737|1844.0|3757.0|5675.0|7592.0|8012.0|9657.0|11815.0|14054.0|16294.0|17268.0
 2014|F1934|30-34|W|CAN|4807|758|2004.0|4082.0|6135.0|8217.0|8673.0|10302.0|12397.0|14431.0|16456.0|17268.0
 2014|F4812|40-44|W|GER|4806|939|1874.0|3810.0|5729.0|7674.0|8105.0|9661.0|11746.0|13955.0|16266.0|17266.0
 2014|F8820|30-34|W|GER|4805|757|1976.0|4037.0|6067.0|8124.0|8570.0|10186.0|12276.0|14371.0|16425.0|17264.0
 2014|F6593|30-34|W|DEN|4804|756|1990.0|3983.0|6001.0|7969.0|8410.0|9989.0|12044.0|14169.0|16312.0|17263.0
 2014|F9665|30-34|W|GER|4803|755|2068.0|4045.0|5991.0|7950.0|8380.0|9968.0|12042.0|14158.0|16339.0|17262.0
 2014|F2065|H|W|DEN|4802|671|1878.0|3831.0|5736.0|7675.0|8094.0|9708.0|11883.0|14077.0|16346.0|17258.0
 2014|F911|40-44|W|GBR|4801|938|1984.0|3987.0|5936.0|7948.0|8378.0|10002.0|12043.0|14277.0|16373.0|17257.0
 2014|F3298|35-39|W|ROU|4800|736|1923.0|3911.0|5861.0|7866.0|8276.0|9991.0|12111.0|14229.0|16407.0|17256.0
 2014|F5647|35-39|W|GER|4799|735|1919.0|3811.0|5720.0|7686.0|8105.0|9785.0|11986.0|14170.0|16381.0|17256.0
 2014|F7894|35-39|W|GER|4798|734|1936.0|3967.0|6006.0|8071.0|8513.0|10148.0|12261.0|14308.0|16376.0|17256.0
 2014|F3888|40-44|W|CAN|4797|937|1949.0|4117.0|6117.0|8126.0|8540.0|10189.0|12269.0|14283.0|16372.0|17255.0
 2014|F6791|H|W|DEN|4796|670|1904.0|3852.0|5820.0|7787.0|8215.0|9815.0|11980.0|14088.0|16305.0|17255.0
 2014|F7486|45-49|W|GER|4795|894|1905.0|3814.0|5691.0|7643.0|8068.0|9633.0|11816.0|13980.0|16308.0|17254.0
 2014|F290|50-54|W|GER|4794|491|1917.0|3870.0|5834.0|7797.0|8220.0|9844.0|11878.0|14076.0|16268.0|17251.0
 2014|F2433|30-34|W|NOR|4793|754|1720.0|3523.0|5528.0|7476.0|7899.0|9502.0|11736.0|14013.0|16385.0|17249.0
 2014|F7684|45-49|W|GER|4792|893|1818.0|3670.0|5651.0|7518.0|7928.0|9531.0|11663.0|13982.0|16264.0|17249.0
 2014|F4995|55-59|W|GER|4790|213|1925.0|3867.0|5824.0|7827.0|8266.0|9866.0|11963.0|14093.0|16295.0|17248.0
 2014|F4944|45-49|W|GER|4790|892|1983.0|4091.0|6134.0|8165.0|8586.0|10285.0|12400.0|14403.0|16409.0|17248.0
 2014|F1153|35-39|W|MEX|4789|733|2095.0|4227.0|6317.0|8318.0|8752.0|10329.0|12301.0|14293.0|16342.0|17248.0
 2014|F5941|H|W|GER|4788|669|1823.0|3692.0|5597.0|7550.0|8009.0|9668.0|11920.0|14278.0|16408.0|17247.0
 2014|F3725|30-34|W|FRA|4787|753|1897.0|3832.0|5783.0|7765.0|8188.0|9759.0|11793.0|14012.0|16313.0|17242.0
 2014|F6856|30-34|W|RSA|4786|752|1855.0|3879.0|5776.0|7778.0|8238.0|9912.0|12145.0|14321.0|16447.0|17241.0
 2014|F692|H|W|GER|4785|668|1886.0|3809.0|5761.0|7739.0|8165.0|9750.0|11942.0|14188.0|16328.0|17241.0
 2014|F2418|30-34|W|GBR|4784|751|1753.0|3518.0|5481.0|7474.0|7862.0|9641.0|11790.0|14181.0|16357.0|17241.0
 2014|F1111|55-59|W|SWE|4783|212|1894.0|3784.0|5720.0|7679.0|8108.0|9740.0|11936.0|14064.0|16321.0|17235.0
 2014|F6296|50-54|W|USA|4782|490|1773.0|3690.0|5674.0|7746.0|8208.0|9978.0|12396.0|14476.0|16400.0|17229.0
 2014|F5951|55-59|W|USA|4781|211|1982.0|3907.0|5855.0|7789.0|8215.0|9772.0|11869.0|13975.0|16203.0|17227.0
 2014|F9138|30-34|W|ISR|4780|750|1914.0|3826.0|5732.0|7705.0|8125.0|9727.0|11904.0|14024.0|16239.0|17222.0
 2014|F4063|40-44|W|DEN|4779|936|1968.0|3962.0|5945.0|7970.0|8412.0|10077.0|12145.0|14218.0|16345.0|17222.0
 2014|F9529|50-54|W|GER|4778|489|1886.0|3886.0|5819.0|7763.0|8182.0|9732.0|11823.0|13990.0|16264.0|17221.0
 2014|F7091|30-34|W|PUR|4777|749|1884.0|3849.0|5833.0|7842.0|8274.0|9896.0|11931.0|14082.0|16263.0|17219.0
 2014|F6552|40-44|W|PUR|4776|935|1884.0|3848.0|5832.0|7837.0|8273.0|9896.0|11930.0|14081.0|16263.0|17219.0
 2014|F3837|45-49|W|GER|4775|891|1827.0|3644.0|5514.0|7416.0|7834.0|9392.0|11419.0|13527.0|15976.0|17219.0
 2014|F3911|45-49|W|GER|4774|890|1941.0|3958.0|5966.0|7964.0|8400.0|9979.0|12061.0|14088.0|16273.0|17219.0
 2014|F1108|H|W|SWE|4773|667|2005.0|4041.0|6016.0|8036.0|8463.0|10121.0|12179.0|14195.0|16342.0|17218.0
 2014|F7770|30-34|W|GER|4772|748|1765.0|3610.0|5561.0|7598.0|8041.0|9718.0|11923.0|14127.0|16337.0|17217.0
 2014|F1487|H|W|DEN|4771|666|1653.0|3289.0|4934.0|6622.0|6986.0|8331.0|10317.0|13506.0|16320.0|17217.0
 2014|F8257|55-59|W|GER|4770|210|1792.0|3653.0|5695.0|7781.0|8238.0|9883.0|11963.0|14076.0|16296.0|17216.0
 2014|F4868|40-44|W|SLO|4769|934|1906.0|3840.0|5766.0|7705.0|8134.0|9753.0|11853.0|14056.0|16265.0|17215.0
 2014|F6216|40-44|W|FIN|4768|933|1983.0|4010.0|5957.0|8012.0|8445.0|10019.0|12117.0|14216.0|16397.0|17213.0
 2014|F4649|H|W|GER|4767|665|1919.0|3955.0|5941.0|7995.0|8422.0|10213.0|12326.0|14394.0|16412.0|17212.0
 2014|F4684|40-44|W|HUN|4766|932|1766.0|3580.0|5456.0|7435.0|7870.0|9664.0|11769.0|13945.0|16294.0|17212.0
 2014|F6799|35-39|W|ISL|4765|732|1870.0|3792.0|5664.0|7558.0|7998.0|9597.0|11846.0|14112.0|16301.0|17210.0
 2014|F687|45-49|W|AUT|4764|889|1871.0|3762.0|5668.0|7662.0|8094.0|9746.0|11923.0|14080.0|16297.0|17209.0
 2014|F9222|30-34|W|GER|4763|747|1806.0|3674.0|5543.0|7456.0|7895.0|9442.0|11380.0|13672.0|16304.0|17209.0
 2014|F9533|30-34|W|RUS|4762|746|1876.0|3753.0|5610.0|7465.0|7858.0|9641.0|11730.0|13963.0|16231.0|17205.0
 2014|F7356|50-54|W|ESP|4761|488|1858.0|3751.0|5657.0|7570.0|7988.0|9563.0|11728.0|13969.0|16227.0|17202.0
 2014|F7093|45-49|W|BRA|4760|888|1932.0|3892.0|5837.0|7832.0|8268.0|9911.0|12087.0|14131.0|16284.0|17202.0
 2014|F2751|40-44|W|GER|4759|931|1828.0|3767.0|5752.0|7689.0|8111.0|9768.0|11964.0|14153.0|16289.0|17202.0
 2014|F4052|35-39|W|GBR|4758|731|1791.0|3733.0|5665.0|7498.0|7895.0|9430.0|11489.0|13789.0|16196.0|17200.0
 2014|F8228|35-39|W|NOR|4757|730|1898.0|3800.0|5777.0|7787.0|8238.0|9887.0|11964.0|14092.0|16313.0|17200.0
 2014|F6723|50-54|W|DEN|4756|487|1903.0|3892.0|5859.0|7838.0|8270.0|9850.0|11925.0|14024.0|16228.0|17198.0
 2014|F5655|50-54|W|GER|4755|486|2007.0|4074.0|6122.0|8165.0|8605.0|10193.0|12204.0|14279.0|16305.0|17197.0
 2014|F9163|45-49|W|GER|4754|887|2006.0|4074.0|6122.0|8165.0|8604.0|10193.0|12204.0|14278.0|16304.0|17197.0
 2014|F740|30-34|W|PHI|4753|745|1763.0|3555.0|5497.0|7625.0|8107.0|9715.0|11770.0|13938.0|16280.0|17196.0
 2014|F7225|45-49|W|GER|4752|886|1776.0|3676.0|5614.0|7624.0|8066.0|9697.0|11845.0|13967.0|16280.0|17196.0
 2014|F1188|H|W|GER|4751|664|1758.0|3516.0|5328.0|7262.0|7866.0|9335.0|11645.0|14014.0|16329.0|17194.0
 2014|F8727|H|W|DEN|4750|663|1849.0|3759.0|5729.0|7638.0|8052.0|9561.0|11536.0|13723.0|16137.0|17191.0
 2014|F4802|50-54|W|GER|4749|485|1985.0|3982.0|6010.0|8015.0|8446.0|10020.0|12080.0|14121.0|16275.0|17191.0
 2014|F8446|35-39|W|ESP|4748|729|1926.0|3834.0|5757.0|7724.0|8158.0|9777.0|11901.0|14048.0|16237.0|17190.0
 2014|F6354|45-49|W|SWE|4747|885|1818.0|3669.0|5590.0|7596.0|8024.0|9726.0|11854.0|13967.0|16252.0|17188.0
 2014|F3555|35-39|W|GBR|4746|728|1873.0|3801.0|5695.0|7626.0|8055.0|9690.0|11767.0|13974.0|16236.0|17188.0
 2014|F831|35-39|W|POL|4745|727|1974.0|3943.0|6054.0|7955.0|8366.0|9939.0|12002.0|14126.0|16289.0|17188.0
 2014|F8948|50-54|W|GER|4744|484|1955.0|3965.0|5959.0|7982.0|8426.0|10033.0|12110.0|14176.0|16294.0|17187.0
 2014|F1493|45-49|W|DEN|4743|884|1966.0|4003.0|6006.0|8031.0|8460.0|10083.0|12166.0|14264.0|16336.0|17186.0
 2014|F2675|45-49|W|SUI|4742|883|1896.0|3793.0|5695.0|7619.0|8041.0|9601.0|11712.0|13972.0|16252.0|17185.0
 2014|F2919|50-54|W|GER|4741|483|1914.0|3823.0|5752.0|7713.0|8133.0|9674.0|11771.0|13918.0|16238.0|17185.0
 2014|F6641|50-54|W|GER|4740|482|1946.0|3937.0|5954.0|7952.0|8398.0|10013.0|12016.0|14053.0|16241.0|17184.0
 2014|F3546|30-34|W|USA|4739|744|1923.0|3811.0|5778.0|7665.0|8070.0|9603.0|11609.0|13800.0|16201.0|17182.0
 2014|F1657|45-49|W|USA|4738|882|1945.0|3808.0|5654.0|7525.0|7936.0|9727.0|11907.0|13987.0|16212.0|17181.0
 2014|F626|50-54|W|BRA|4737|481|1947.0|3885.0|5805.0|7753.0|8297.0|9841.0|11852.0|14076.0|16171.0|17180.0
 2014|F7505|45-49|W|GER|4736|881|1857.0|3792.0|5772.0|7762.0|8220.0|9783.0|12015.0|14087.0|16241.0|17180.0
 2014|F5181|45-49|W|DEN|4735|880|1692.0|3434.0|5168.0|6952.0|7332.0|8786.0|10823.0|13284.0|15938.0|17178.0
 2014|F5526|H|W|GBR|4734|662|2006.0|3977.0|5951.0|7962.0|8399.0|9983.0|12063.0|14127.0|16260.0|17177.0
 2014|F4627|45-49|W|DEN|4733|879|2000.0|3960.0|5908.0|7899.0|8335.0|9924.0|11998.0|14044.0|16225.0|17176.0
 2014|F4385|40-44|W|DEN|4732|930|2008.0|3976.0|5863.0|7769.0|8182.0|9702.0|11739.0|13809.0|16154.0|17176.0
 2014|F9435|H|W|GBR|4731|661|1879.0|3805.0|5879.0|7883.0|8465.0|10051.0|12117.0|14211.0|16257.0|17176.0
 2014|F5984|30-34|W|GER|4730|743|1882.0|3741.0|5614.0|7525.0|7967.0|9650.0|11842.0|14102.0|16270.0|17175.0
 2014|F1151|45-49|W|FRA|4729|878|1803.0|3760.0|5617.0|7609.0|8059.0|9853.0|12206.0|14247.0|16286.0|17175.0
 2014|F8594|H|W|GER|4728|660|1937.0|3908.0|5886.0|7885.0|8314.0|9871.0|11900.0|14020.0|16211.0|17173.0
 2014|F4363|40-44|W|GER|4727|929|1992.0|4048.0|6058.0|8059.0|8500.0|10113.0|12142.0|14206.0|16283.0|17172.0
 2014|F1053|45-49|W|GER|4726|877|1674.0|3464.0|5361.0|7340.0|7744.0|9529.0|11898.0|14020.0|16295.0|17171.0
 2014|F5338|H|W|NED|4725|659|1940.0|4190.0|6185.0|8193.0|8629.0|10226.0|12234.0|14270.0|16289.0|17171.0
 2014|F607|55-59|W|DEN|4724|209|1900.0|4431.0|6468.0|8509.0|8976.0|10465.0|12424.0|14275.0|16365.0|17170.0
 2014|F3450|50-54|W|CHN|4723|480|1878.0|3743.0|5673.0|7610.0|8046.0|9633.0|11744.0|13893.0|16171.0|17170.0
 2014|F1441|35-39|W|GER|4722|726|2027.0|4013.0|5994.0|7962.0|8501.0|10046.0|12092.0|14171.0|16279.0|17166.0
 2014|F1997|50-54|W|USA|4721|479|1900.0|3931.0|6009.0|8106.0|8619.0|10259.0|12546.0|NaN|16384.0|17165.0
 2014|F5192|40-44|W|USA|4720|928|1813.0|3663.0|5725.0|7691.0|8119.0|9621.0|11792.0|13944.0|16198.0|17164.0
 2014|F4850|60-64|W|GER|4719|73|1920.0|3887.0|5851.0|7848.0|8290.0|9937.0|12021.0|14120.0|16271.0|17160.0
 2014|F1740|40-44|W|IRL|4718|927|1841.0|3688.0|5511.0|7440.0|7850.0|9365.0|11447.0|13721.0|16133.0|17160.0
 2014|F2656|45-49|W|FRA|4717|876|1926.0|3853.0|5788.0|7717.0|8131.0|9720.0|11837.0|14010.0|16223.0|17159.0
 2014|F3750|50-54|W|GER|4716|478|1804.0|3663.0|5487.0|7375.0|7860.0|9377.0|11542.0|13825.0|16263.0|17157.0
 2014|F1156|50-54|W|SUI|4715|477|1874.0|3654.0|5537.0|7333.0|7734.0|9384.0|11535.0|13780.0|16159.0|17156.0
 2014|F1587|35-39|W|GER|4714|725|2009.0|4012.0|5973.0|7913.0|8338.0|9933.0|11979.0|14067.0|16292.0|17156.0
 2014|F5352|35-39|W|MAS|4713|724|1830.0|3652.0|5464.0|7285.0|7692.0|9134.0|11212.0|13299.0|15999.0|17156.0
 2014|F8890|30-34|W|CHI|4712|742|1861.0|3743.0|5657.0|7574.0|7983.0|9497.0|11659.0|13708.0|16160.0|17155.0
 2014|F3900|45-49|W|GER|4711|875|1781.0|3581.0|5423.0|7284.0|7708.0|9457.0|11643.0|13856.0|16208.0|17153.0
 2014|F5234|H|W|GER|4710|658|1742.0|3549.0|5421.0|7458.0|7965.0|9634.0|11827.0|14045.0|16236.0|17150.0
 2014|F4643|30-34|W|NOR|4709|741|1823.0|3698.0|5675.0|7602.0|8011.0|9604.0|11792.0|13880.0|16147.0|17150.0
 2014|F5563|45-49|W|GBR|4708|874|1965.0|3967.0|5975.0|7978.0|8413.0|10013.0|12103.0|14198.0|16323.0|17148.0
 2014|F765|40-44|W|GER|4707|926|1951.0|3931.0|5980.0|8072.0|8521.0|10166.0|12196.0|14288.0|16316.0|17147.0
 2014|F2685|H|W|GBR|4706|657|1972.0|3929.0|5887.0|7876.0|8299.0|9918.0|12119.0|14243.0|16303.0|17146.0
 2014|F8540|45-49|W|AUS|4705|873|1779.0|3639.0|5569.0|7552.0|7979.0|9609.0|11823.0|14043.0|16240.0|17145.0
 2014|F8993|55-59|W|SWE|4704|208|1895.0|3830.0|5776.0|7720.0|8149.0|9741.0|11860.0|13977.0|16174.0|17145.0
 2014|F7290|H|W|GER|4703|656|1941.0|3905.0|5835.0|7852.0|8279.0|9865.0|11950.0|14066.0|16205.0|17144.0
 2014|F5703|35-39|W|GBR|4702|723|2042.0|4044.0|6021.0|7946.0|8367.0|10002.0|11937.0|14014.0|16244.0|17141.0
 2014|F7006|55-59|W|GER|4701|207|1759.0|3597.0|5437.0|7270.0|7681.0|9428.0|11896.0|14061.0|16248.0|17139.0
 2014|F8779|55-59|W|FRA|4700|206|1825.0|3641.0|5463.0|7276.0|7683.0|9256.0|11392.0|13691.0|16159.0|17134.0
 2014|F2660|45-49|W|GER|4699|872|1927.0|3861.0|5760.0|7716.0|8139.0|9768.0|11943.0|14034.0|16203.0|17134.0
 2014|F3066|30-34|W|ESP|4697|740|1920.0|4068.0|6053.0|8100.0|8546.0|10114.0|12085.0|14135.0|16243.0|17132.0
 2014|F1970|60-64|W|BEL|4697|72|1888.0|3835.0|5787.0|7707.0|8131.0|9715.0|11819.0|14002.0|16217.0|17132.0
 2014|F1051|40-44|W|GER|4696|925|1887.0|3780.0|5646.0|7620.0|8049.0|9894.0|11980.0|14005.0|16156.0|17130.0
 2014|F1173|30-34|W|BRA|4695|739|1932.0|3914.0|5885.0|7901.0|8326.0|9934.0|12003.0|14104.0|16210.0|17130.0
 2014|F3549|30-34|W|JPN|4694|738|1966.0|3966.0|5895.0|7874.0|8275.0|9998.0|12040.0|14220.0|16255.0|17129.0
 2014|F5291|35-39|W|GBR|4693|722|1777.0|3591.0|5483.0|7436.0|7892.0|9496.0|11591.0|13712.0|16229.0|17128.0
 2014|F9205|40-44|W|GER|4692|924|1992.0|4041.0|6076.0|8160.0|8601.0|10251.0|12317.0|14312.0|16304.0|17128.0
 2014|F9565|50-54|W|GER|4691|476|1938.0|3913.0|5942.0|7942.0|8376.0|10022.0|12148.0|14245.0|16292.0|17127.0
 2014|F3866|45-49|W|SWE|4690|871|1757.0|3587.0|5491.0|7485.0|7913.0|9595.0|11929.0|13960.0|16220.0|17126.0
 2014|F4586|H|W|GBR|4689|655|1956.0|3916.0|5842.0|7808.0|8282.0|10069.0|12176.0|14179.0|16260.0|17122.0
 2014|F7864|30-34|W|GER|4688|737|1806.0|3558.0|5291.0|7030.0|7416.0|8900.0|10998.0|13317.0|15964.0|17121.0
 2014|F905|45-49|W|BRA|4687|870|1892.0|4043.0|6074.0|8116.0|8546.0|10120.0|12250.0|14232.0|16232.0|17121.0
 2014|F6012|30-34|W|GER|4686|736|1989.0|3968.0|5930.0|7920.0|8348.0|9934.0|12001.0|14025.0|16217.0|17120.0
 2014|F829|60-64|W|NOR|4685|71|1860.0|3810.0|5750.0|7709.0|8159.0|9786.0|11832.0|13909.0|16125.0|17120.0
 2014|F3455|45-49|W|GER|4684|869|1988.0|4011.0|6112.0|8152.0|8582.0|10200.0|12236.0|14271.0|16306.0|17119.0
 2014|F9034|H|W|GER|4683|654|2019.0|4034.0|5997.0|7938.0|8366.0|9962.0|12065.0|14157.0|16284.0|17115.0
 2014|F6770|30-34|W|GER|4682|735|1971.0|4012.0|6058.0|8088.0|8529.0|10147.0|12202.0|14206.0|16235.0|17112.0
 2014|F9044|45-49|W|SUI|4681|868|1941.0|4045.0|6019.0|8031.0|8458.0|10056.0|12108.0|14123.0|16199.0|17108.0
 2014|F8380|50-54|W|SWE|4680|475|1895.0|3830.0|5777.0|7721.0|8149.0|9741.0|11859.0|13977.0|16142.0|17108.0
 2014|F1077|45-49|W|GER|4679|867|1920.0|3808.0|5687.0|7654.0|8053.0|9663.0|11770.0|13905.0|16205.0|17106.0
 2014|F6428|30-34|W|GBR|4678|734|1890.0|3837.0|5772.0|7662.0|8087.0|9650.0|11638.0|13786.0|16104.0|17106.0
 2014|F2299|H|W|ROU|4677|653|1768.0|3620.0|5507.0|7420.0|7979.0|9573.0|11660.0|13922.0|16176.0|17105.0
 2014|F8212|50-54|W|TPE|4676|474|1891.0|3853.0|5765.0|7704.0|8158.0|9714.0|11955.0|14137.0|16198.0|17105.0
 2014|F9333|60-64|W|GER|4675|70|1971.0|3983.0|5955.0|7986.0|8430.0|10029.0|12134.0|14215.0|16262.0|17104.0
 2014|F7503|35-39|W|ESP|4674|721|1751.0|3527.0|5325.0|7125.0|7570.0|9181.0|11434.0|13940.0|16211.0|17104.0
 2014|F759|55-59|W|BRA|4673|205|1990.0|4148.0|6390.0|8419.0|8845.0|10447.0|12436.0|14355.0|16291.0|17104.0
 2014|F1001|30-34|W|GER|4672|733|1982.0|3985.0|6133.0|8111.0|8556.0|10160.0|12266.0|14302.0|16297.0|17104.0
 2014|F2561|45-49|W|SWE|4671|866|1957.0|3958.0|6040.0|7976.0|8477.0|10118.0|12206.0|14174.0|16240.0|17103.0
 2014|F6698|35-39|W|GER|4670|720|1987.0|3960.0|5943.0|7952.0|8383.0|9970.0|11984.0|14036.0|16178.0|17103.0
 2014|F1792|40-44|W|CHN|4669|923|1969.0|3907.0|5853.0|7812.0|8254.0|9832.0|11931.0|14048.0|16219.0|17102.0
 2014|F5609|30-34|W|GER|4668|732|1907.0|3893.0|5898.0|7912.0|8358.0|9967.0|12035.0|14078.0|16181.0|17100.0
 2014|F1455|40-44|W|GER|4667|922|2021.0|4035.0|5955.0|7892.0|8331.0|9863.0|11856.0|13856.0|16033.0|17097.0
 2014|F3598|H|W|GER|4666|652|1891.0|3772.0|5685.0|7600.0|8012.0|9516.0|11620.0|13985.0|16201.0|17096.0
 2014|F2143|45-49|W|NED|4665|865|1964.0|3892.0|5835.0|7784.0|8206.0|9854.0|11929.0|14031.0|16179.0|17095.0
 2014|F4885|55-59|W|GER|4664|204|1757.0|3648.0|5612.0|7631.0|8110.0|9820.0|11962.0|14084.0|16152.0|17092.0
 2014|F8783|45-49|W|GER|4663|864|1889.0|3833.0|5752.0|7747.0|8181.0|9779.0|11902.0|13992.0|16195.0|17091.0
 2014|F5848|40-44|W|GBR|4662|921|1890.0|3829.0|5721.0|7642.0|8060.0|9614.0|11780.0|13880.0|16230.0|17089.0
 2014|F1771|40-44|W|FRA|4661|920|1890.0|3817.0|5715.0|7655.0|8088.0|9650.0|11735.0|13890.0|16113.0|17088.0
 2014|F976|35-39|W|GER|4660|719|2061.0|4095.0|6106.0|8113.0|8550.0|10186.0|12214.0|14170.0|16240.0|17088.0
 2014|F7733|H|W|GER|4659|651|1934.0|3898.0|5850.0|7804.0|8225.0|9801.0|11803.0|13797.0|15881.0|17087.0
 2014|F3788|40-44|W|DEN|4658|919|1921.0|4133.0|6125.0|8123.0|8554.0|10146.0|12169.0|14206.0|16241.0|17086.0
 2014|F8959|30-34|W|DEN|4657|731|1902.0|3930.0|5867.0|7791.0|8218.0|9864.0|11920.0|14064.0|16214.0|17086.0
 2014|F9445|45-49|W|GER|4656|863|1870.0|3804.0|5730.0|7728.0|8141.0|9688.0|11688.0|13736.0|16038.0|17085.0
 2014|F2084|35-39|W|NED|4655|718|1482.0|NaN|NaN|NaN|NaN|NaN|NaN|14167.0|16268.0|17085.0
 2014|F940|50-54|W|GER|4654|473|1985.0|3996.0|5994.0|8006.0|8427.0|10040.0|12073.0|14128.0|16198.0|17084.0
 2014|F5431|40-44|W|GER|4652|918|1885.0|3791.0|5691.0|7610.0|8028.0|9613.0|11707.0|13889.0|16166.0|17082.0
 2014|F3601|45-49|W|GER|4652|862|2047.0|4105.0|6171.0|8183.0|8612.0|10170.0|12204.0|14230.0|16223.0|17082.0
 2014|F1711|35-39|W|GBR|4651|717|1849.0|3740.0|5775.0|7802.0|8246.0|9960.0|12128.0|14124.0|16142.0|17082.0
 2014|F8638|45-49|W|AUT|4650|861|1862.0|3769.0|5736.0|7750.0|8181.0|9815.0|11946.0|13993.0|16218.0|17081.0
 2014|F3778|H|W|GER|4649|650|1765.0|3577.0|5381.0|7174.0|7578.0|9003.0|10954.0|13292.0|16017.0|17079.0
 2014|F9200|50-54|W|GER|4648|472|1883.0|3986.0|5801.0|7829.0|8255.0|9731.0|11880.0|13991.0|16256.0|17079.0
 2014|F7787|30-34|W|GER|4647|730|1971.0|3924.0|5874.0|7854.0|8290.0|9892.0|11963.0|14087.0|16205.0|17079.0
 2014|F6584|50-54|W|FRA|4646|471|1778.0|3579.0|5438.0|7412.0|7842.0|9499.0|11730.0|13903.0|16136.0|17078.0
 2014|F6053|35-39|W|POL|4645|716|1927.0|3870.0|5779.0|7706.0|8135.0|9686.0|11708.0|13815.0|16074.0|17077.0
 2014|F8433|35-39|W|GBR|4644|715|1836.0|3667.0|5493.0|7376.0|7796.0|9407.0|11633.0|13786.0|16078.0|17076.0
 2014|F7455|45-49|W|GER|4643|860|1907.0|3768.0|5667.0|7635.0|8040.0|9624.0|11726.0|13861.0|16064.0|17074.0
 2014|F6649|45-49|W|BEL|4642|859|1926.0|3842.0|5767.0|7690.0|8109.0|9661.0|11794.0|13906.0|16176.0|17074.0
 2014|F7740|45-49|W|GER|4641|858|1731.0|3539.0|5429.0|7358.0|7854.0|9408.0|11497.0|13779.0|16140.0|17070.0
 2014|F5909|40-44|W|GER|4640|917|2057.0|4124.0|6132.0|8183.0|8626.0|10272.0|12348.0|14332.0|16278.0|17069.0
 2014|F2764|H|W|GER|4639|649|1873.0|3820.0|5795.0|7810.0|8267.0|9823.0|12036.0|14089.0|16190.0|17067.0
 2014|F5697|30-34|W|GBR|4638|729|1740.0|3502.0|5318.0|7164.0|7579.0|9188.0|11378.0|13705.0|16099.0|17063.0
 2014|F1561|45-49|W|GER|4637|857|1915.0|3839.0|5767.0|7686.0|8105.0|9651.0|11687.0|13916.0|16139.0|17063.0
 2014|F2709|55-59|W|AUT|4636|203|1973.0|4002.0|6030.0|8040.0|8471.0|10084.0|12127.0|14115.0|16184.0|17062.0
 2014|F9081|H|W|SWE|4635|648|1705.0|3413.0|5070.0|6744.0|7192.0|8541.0|11017.0|13795.0|16240.0|17061.0
 2014|F5533|50-54|W|BRA|4634|470|1923.0|3838.0|5780.0|7732.0|8159.0|9763.0|11796.0|13867.0|16078.0|17060.0
 2014|F625|45-49|W|BRA|4633|856|1789.0|3537.0|5376.0|7218.0|7657.0|9294.0|11553.0|13743.0|16045.0|17060.0
 2014|F8201|40-44|W|GER|4632|916|1949.0|4005.0|6041.0|8022.0|8446.0|10048.0|12141.0|14151.0|16185.0|17057.0
 2014|F8009|30-34|W|GBR|4631|728|1960.0|4051.0|6011.0|7976.0|8414.0|9965.0|11985.0|13977.0|16140.0|17055.0
 2014|F8533|50-54|W|NED|4630|469|1791.0|3671.0|5536.0|7392.0|7810.0|9366.0|11518.0|13737.0|16027.0|17054.0
 2014|F7874|H|W|GER|4629|647|1843.0|3730.0|5671.0|7625.0|8057.0|9825.0|11939.0|14068.0|16172.0|17052.0
 2014|F4879|35-39|W|FIN|4628|714|1858.0|3744.0|5674.0|7641.0|8261.0|9828.0|12088.0|14100.0|16176.0|17050.0
 2014|F6132|40-44|W|GER|4626|915|1844.0|3653.0|5473.0|7304.0|7707.0|9224.0|11406.0|13552.0|15974.0|17050.0
 2014|F6200|35-39|W|POL|4626|713|1893.0|3823.0|5723.0|7638.0|8099.0|9681.0|11793.0|13931.0|16166.0|17050.0
 2014|F1838|35-39|W|THA|4625|712|1878.0|3760.0|5672.0|7582.0|8000.0|9571.0|11646.0|13740.0|16064.0|17049.0
 2014|F701|50-54|W|BRA|4624|468|1858.0|3686.0|5531.0|7392.0|7806.0|9389.0|11455.0|13791.0|16130.0|17048.0
 2014|F2881|H|W|POL|4623|646|1730.0|3408.0|5137.0|6970.0|7389.0|9501.0|11841.0|13987.0|16138.0|17045.0
 2014|F8829|35-39|W|GER|4622|711|1937.0|3975.0|5972.0|7984.0|8421.0|10025.0|12089.0|14151.0|16163.0|17041.0
 2014|F7008|35-39|W|GER|4621|710|1912.0|3893.0|5850.0|7861.0|8287.0|9841.0|11848.0|13938.0|16112.0|17040.0
 2014|F5851|30-34|W|GBR|4620|727|1910.0|4161.0|6479.0|8387.0|8917.0|10528.0|12513.0|14434.0|16259.0|17039.0
 2014|F4111|45-49|W|UKR|4619|855|1795.0|3582.0|5553.0|7353.0|7754.0|9346.0|11661.0|13907.0|16124.0|17038.0
 2014|F7080|45-49|W|GER|4618|854|1896.0|3768.0|5634.0|7604.0|8042.0|9724.0|11948.0|14092.0|16173.0|17037.0
 2014|F3627|50-54|W|GER|4617|467|1915.0|3852.0|5790.0|7789.0|8208.0|9747.0|11808.0|13854.0|16009.0|17036.0
 2014|F574|45-49|W|GER|4616|853|1686.0|3383.0|5291.0|7139.0|7540.0|9197.0|11503.0|13771.0|16074.0|17035.0
 2014|F3606|45-49|W|FIN|4615|852|1730.0|3561.0|5549.0|7453.0|7876.0|9482.0|11638.0|13852.0|16054.0|17033.0
 2014|F1539|50-54|W|CAN|4614|466|1899.0|3751.0|5611.0|7520.0|7958.0|9559.0|11631.0|13860.0|16052.0|17033.0
 2014|F358|35-39|W|GER|4613|709|1828.0|3701.0|5763.0|7718.0|8147.0|9762.0|11810.0|13987.0|16109.0|17032.0
 2014|F5589|40-44|W|DEN|4612|914|1899.0|3840.0|5867.0|7777.0|8207.0|9757.0|11801.0|13921.0|16081.0|17032.0
 2014|F9244|45-49|W|GER|4611|851|1954.0|3932.0|5871.0|7844.0|8266.0|9832.0|11925.0|14058.0|16177.0|17031.0
 2014|F8944|H|W|GBR|4610|645|1773.0|3573.0|5416.0|7515.0|7957.0|9580.0|11933.0|14122.0|16227.0|17029.0
 2014|F5305|60-64|W|GBR|4609|69|1910.0|3941.0|5773.0|7581.0|7989.0|9536.0|11596.0|13746.0|16081.0|17029.0
 2014|F6769|50-54|W|GER|4608|465|2019.0|4014.0|5979.0|7958.0|8390.0|9991.0|12061.0|14108.0|16157.0|17028.0
 2014|F3591|50-54|W|DEN|4607|464|1739.0|3515.0|5269.0|7114.0|7527.0|9158.0|11362.0|13674.0|16087.0|17025.0
 2014|F1803|40-44|W|USA|4606|913|1805.0|3694.0|5510.0|7447.0|7843.0|9643.0|11837.0|14047.0|16210.0|17022.0
 2014|F4034|45-49|W|GER|4605|850|1946.0|3905.0|5934.0|7811.0|8220.0|9752.0|11793.0|13898.0|16061.0|17020.0
 2014|F327|45-49|W|GER|4604|849|1798.0|3652.0|5575.0|7536.0|7986.0|9612.0|11675.0|13966.0|16086.0|17019.0
 2014|F7863|35-39|W|GER|4603|708|1929.0|3832.0|5789.0|7781.0|8208.0|9809.0|12026.0|13993.0|16024.0|17017.0
 2014|F3497|30-34|W|GER|4602|726|1979.0|4056.0|6126.0|8126.0|8583.0|10168.0|12189.0|14232.0|16204.0|17017.0
 2014|F5216|50-54|W|USA|4601|463|1657.0|3400.0|5257.0|7171.0|7594.0|9176.0|11284.0|13542.0|15935.0|17017.0
 2014|F1259|H|W|NED|4600|644|1773.0|3642.0|5613.0|7596.0|8025.0|9627.0|11674.0|13805.0|16037.0|17016.0
 2014|F3695|H|W|DEN|4599|643|2001.0|3960.0|5908.0|7900.0|8336.0|9923.0|11999.0|14044.0|16150.0|17015.0
 2014|F4678|55-59|W|GER|4598|202|1869.0|3766.0|5676.0|7606.0|8038.0|9577.0|11641.0|13796.0|16045.0|17014.0
 2014|F5337|40-44|W|GER|4597|912|1872.0|3765.0|5697.0|7733.0|8256.0|9832.0|11975.0|14026.0|16116.0|17013.0
 2014|F5036|50-54|W|NOR|4596|462|1912.0|3862.0|5843.0|7846.0|8278.0|9854.0|11873.0|13947.0|16093.0|17013.0
 2014|F5830|35-39|W|GBR|4595|707|1813.0|3654.0|5459.0|7297.0|7707.0|9237.0|11285.0|13490.0|15928.0|17012.0
 2014|F4424|50-54|W|FIN|4594|461|1882.0|3820.0|5723.0|7648.0|8056.0|9590.0|11619.0|13738.0|16004.0|17011.0
 2014|F8347|30-34|W|DEN|4593|725|1679.0|3413.0|5235.0|6938.0|7311.0|8791.0|11474.0|13814.0|16028.0|17011.0
 2014|F6957|50-54|W|FRA|4592|460|1962.0|3914.0|5849.0|7792.0|8225.0|9802.0|11870.0|13961.0|16096.0|17010.0
 2014|F8807|35-39|W|GER|4591|706|1806.0|3752.0|5632.0|7541.0|7973.0|9579.0|11791.0|13988.0|16154.0|17008.0
 2014|F783|40-44|W|GBR|4590|911|1825.0|3673.0|5625.0|7582.0|8008.0|9669.0|11750.0|13842.0|16049.0|17008.0
 2014|F332|45-49|W|GER|4589|848|1887.0|3744.0|5652.0|7492.0|7952.0|9562.0|11764.0|13788.0|16057.0|17007.0
 2014|F6589|40-44|W|MAR|4588|910|1931.0|3820.0|5684.0|7563.0|7976.0|9521.0|11550.0|13647.0|16069.0|17007.0
 2014|F1991|70-74|W|GBR|4587|5|1855.0|3729.0|5584.0|7449.0|7851.0|9355.0|11395.0|13718.0|16026.0|17007.0
 2014|F2463|35-39|W|SWE|4586|705|1780.0|3602.0|5450.0|7374.0|7795.0|9420.0|11583.0|13743.0|16055.0|17006.0
 2014|F9379|30-34|W|NED|4585|724|1869.0|3695.0|5575.0|7354.0|7870.0|9304.0|11172.0|13263.0|15832.0|17006.0
 2014|F2083|50-54|W|DEN|4584|459|1842.0|3712.0|5609.0|7526.0|7947.0|9549.0|11662.0|13915.0|16135.0|17006.0
 2014|F8974|40-44|W|ISL|4583|909|1690.0|3418.0|5360.0|7278.0|7699.0|9332.0|11586.0|13827.0|16072.0|17005.0
 2014|F3082|H|W|SWE|4582|642|1878.0|3756.0|5615.0|7399.0|7789.0|9362.0|11448.0|13736.0|16098.0|17004.0
 2014|F7205|45-49|W|GER|4581|847|1898.0|3739.0|5569.0|7434.0|7836.0|9332.0|11343.0|13580.0|15988.0|17002.0
 2014|F7381|30-34|W|GER|4580|723|2041.0|3972.0|5912.0|7896.0|8425.0|9961.0|12009.0|14022.0|16103.0|16999.0
 2014|F7098|30-34|W|GBR|4579|722|1872.0|3796.0|5706.0|7669.0|8102.0|9819.0|11876.0|13946.0|16133.0|16999.0
 2014|F1266|H|W|GER|4578|641|2144.0|4191.0|6276.0|8312.0|8763.0|10400.0|12408.0|14293.0|16184.0|16999.0
 2014|F4230|40-44|W|DEN|4577|908|1939.0|3879.0|5772.0|7695.0|8106.0|9619.0|11639.0|13778.0|16096.0|16998.0
 2014|F6862|35-39|W|BRA|4576|704|1955.0|3929.0|5922.0|7937.0|8363.0|10030.0|12092.0|14103.0|16168.0|16997.0
 2014|F9193|45-49|W|USA|4575|846|1925.0|3987.0|5977.0|8002.0|8427.0|10063.0|12062.0|14109.0|16129.0|16997.0
 2014|F3748|40-44|W|GER|4574|907|1811.0|3592.0|5379.0|7209.0|7602.0|9126.0|11046.0|13308.0|15917.0|16996.0
 2014|F3248|H|W|GBR|4573|640|2071.0|4049.0|5982.0|7946.0|8373.0|9944.0|11922.0|13987.0|16103.0|16995.0
 2014|F7242|30-34|W|GER|4572|721|1948.0|3903.0|5853.0|7790.0|8219.0|9824.0|11898.0|13922.0|16093.0|16995.0
 2014|F5396|H|W|USA|4571|639|1921.0|3839.0|5814.0|7836.0|8269.0|9941.0|12063.0|14068.0|16132.0|16995.0
 2014|F682|60-64|W|DEN|4570|68|1802.0|3605.0|5418.0|7254.0|7645.0|9211.0|11300.0|13608.0|15996.0|16993.0
 2014|F6386|40-44|W|BRA|4569|906|1792.0|3559.0|5323.0|7070.0|7440.0|8813.0|10633.0|12628.0|15339.0|16992.0
 2014|F3861|H|W|AUT|4568|638|1753.0|3510.0|5333.0|7193.0|7625.0|9201.0|11267.0|13607.0|16033.0|16992.0
 2014|F4552|30-34|W|FIN|4567|720|1991.0|4026.0|6046.0|8020.0|8448.0|10011.0|12011.0|14011.0|16093.0|16991.0
 2014|F2159|55-59|W|BRA|4566|201|1732.0|3500.0|5483.0|7365.0|7775.0|9421.0|11741.0|14009.0|16122.0|16991.0
 2014|F4653|40-44|W|AUT|4565|905|2018.0|3970.0|5944.0|7919.0|8344.0|9948.0|12008.0|14016.0|16092.0|16990.0
 2014|F5101|45-49|W|GER|4564|845|1914.0|3852.0|5787.0|7717.0|8137.0|9678.0|11774.0|13937.0|16092.0|16990.0
 2014|F9308|30-34|W|GBR|4563|719|1730.0|3466.0|5243.0|7154.0|7548.0|9089.0|11290.0|13516.0|15906.0|16990.0
 2014|F8192|40-44|W|POL|4562|904|1923.0|3847.0|5737.0|7614.0|8025.0|9534.0|11691.0|13933.0|16087.0|16988.0
 2014|F301|45-49|W|GER|4561|844|1854.0|3755.0|5636.0|7503.0|7908.0|9467.0|11415.0|13781.0|16098.0|16986.0
 2014|F9669|30-34|W|MEX|4560|718|1665.0|3318.0|4994.0|6659.0|7018.0|8336.0|10079.0|13038.0|15958.0|16985.0
 2014|F3395|40-44|W|GER|4559|903|2023.0|4042.0|6047.0|8221.0|8649.0|10226.0|12294.0|14237.0|16187.0|16985.0
 2014|F5007|50-54|W|GER|4558|458|1572.0|3241.0|4975.0|6945.0|7365.0|9028.0|11407.0|13767.0|16075.0|16984.0
 2014|F2071|45-49|W|SUI|4557|843|1889.0|3801.0|5711.0|7683.0|8170.0|9772.0|11865.0|13888.0|16025.0|16983.0
 2014|F4925|45-49|W|DEN|4556|842|1689.0|3583.0|5570.0|7474.0|7894.0|9500.0|11552.0|13711.0|16012.0|16980.0
 2014|F8928|45-49|W|GER|4555|841|1977.0|3936.0|5923.0|7922.0|8359.0|9965.0|11991.0|14039.0|16078.0|16980.0
 2014|F4112|45-49|W|GBR|4554|840|1879.0|3707.0|5547.0|7415.0|7869.0|9397.0|11580.0|13799.0|15897.0|16978.0
 2014|F2051|45-49|W|NED|4553|839|1985.0|3901.0|5827.0|7780.0|8224.0|9789.0|11851.0|13904.0|16059.0|16977.0
 2014|F6738|40-44|W|BRA|4552|902|1995.0|4012.0|6002.0|8008.0|8442.0|9971.0|11906.0|13880.0|16053.0|16977.0
 2014|F3413|45-49|W|SWE|4551|838|1901.0|3837.0|5912.0|7868.0|8293.0|9898.0|11962.0|13971.0|16075.0|16976.0
 2014|F3516|55-59|W|NOR|4550|200|1802.0|3718.0|5772.0|7809.0|8250.0|9961.0|12040.0|14113.0|16135.0|16975.0
 2014|F6870|30-34|W|GER|4549|717|2078.0|4074.0|5988.0|7924.0|8353.0|9907.0|11941.0|13985.0|16098.0|16975.0
 2014|F7600|50-54|W|GER|4548|457|1834.0|3686.0|5577.0|7430.0|7843.0|9373.0|11401.0|13673.0|16029.0|16973.0
 2014|F1553|30-34|W|USA|4547|716|1868.0|3803.0|5795.0|7738.0|8204.0|9759.0|11928.0|14064.0|16104.0|16972.0
 2014|F5568|35-39|W|POL|4546|703|1912.0|3896.0|5820.0|7704.0|8121.0|9645.0|11631.0|13719.0|16048.0|16972.0
 2014|F6417|50-54|W|GER|4545|456|2046.0|4108.0|6130.0|8129.0|8551.0|10148.0|12201.0|14120.0|16140.0|16969.0
 2014|F1110|30-34|W|SWE|4544|715|1980.0|3976.0|5941.0|7932.0|8365.0|10004.0|12137.0|14158.0|16151.0|16967.0
 2014|F7147|30-34|W|ENG|4543|714|2130.0|4195.0|6262.0|8383.0|8818.0|10404.0|12334.0|14245.0|16116.0|16966.0
 2014|F6300|40-44|W|GER|4542|901|2067.0|4113.0|6123.0|8107.0|8536.0|10095.0|12071.0|14083.0|16099.0|16963.0
 2014|F6184|35-39|W|FRA|4541|702|1921.0|3869.0|5812.0|7788.0|8215.0|9798.0|11843.0|13962.0|16107.0|16963.0
 2014|F6722|H|W|DEN|4540|637|1644.0|3256.0|4883.0|6544.0|6905.0|8246.0|10077.0|13454.0|15958.0|16961.0
 2014|F3821|H|W|GER|4539|636|1823.0|3760.0|5620.0|7507.0|7918.0|9511.0|11715.0|13802.0|16055.0|16960.0
 2014|F9122|30-34|W|TPE|4538|713|1930.0|3862.0|5780.0|7688.0|8095.0|9640.0|11753.0|13698.0|15824.0|16957.0
 2014|F3091|30-34|W|ITA|4537|712|1919.0|3879.0|5832.0|7810.0|8301.0|9854.0|11855.0|13974.0|16026.0|16956.0
 2014|F7867|45-49|W|GER|4536|837|1898.0|3793.0|5907.0|7848.0|8260.0|9803.0|11981.0|13995.0|16046.0|16955.0
 2014|F4377|45-49|W|ARG|4535|836|1974.0|3930.0|5875.0|7836.0|8263.0|9815.0|11866.0|13925.0|15996.0|16955.0
 2014|F960|50-54|W|SUI|4534|455|1948.0|3919.0|5862.0|7844.0|8275.0|9847.0|11891.0|13920.0|16055.0|16954.0
 2014|F6782|H|W|DEN|4533|635|1742.0|3584.0|5491.0|7302.0|7692.0|9195.0|11224.0|13432.0|15896.0|16954.0
 2014|F1597|55-59|W|GBR|4532|199|1842.0|3706.0|5572.0|7445.0|7855.0|9382.0|11381.0|13484.0|15902.0|16954.0
 2014|F1572|45-49|W|NED|4531|835|2038.0|4057.0|5997.0|7947.0|8369.0|9904.0|12014.0|14014.0|16057.0|16953.0
 2014|F5587|50-54|W|FIN|4530|454|1992.0|4027.0|6034.0|8037.0|8466.0|10058.0|12121.0|14134.0|16117.0|16952.0
 2014|F1737|50-54|W|DEN|4529|453|1732.0|3716.0|5536.0|7419.0|7824.0|9387.0|11532.0|13637.0|16018.0|16951.0
 2014|F8416|50-54|W|GER|4528|452|2000.0|3985.0|5947.0|7921.0|8351.0|9924.0|11948.0|13959.0|16042.0|16950.0
 2014|F9619|45-49|W|NOR|4527|834|1690.0|3557.0|5493.0|7505.0|7939.0|9588.0|11673.0|13772.0|15979.0|16949.0
 2014|F7651|40-44|W|GER|4526|900|1661.0|3372.0|5197.0|7059.0|7485.0|9224.0|11475.0|13727.0|15982.0|16948.0
 2014|F934|40-44|W|GER|4525|899|1765.0|3499.0|5254.0|7066.0|7526.0|9048.0|11109.0|13198.0|15776.0|16948.0
 2014|F4477|45-49|W|GER|4524|833|1901.0|3809.0|5789.0|7635.0|8038.0|9567.0|11564.0|13832.0|16070.0|16947.0
 2014|F9199|H|W|GER|4523|634|1824.0|3755.0|5641.0|7554.0|7954.0|9451.0|11504.0|13575.0|16008.0|16947.0
 2014|F1162|40-44|W|LAT|4522|898|1768.0|3680.0|5646.0|7546.0|8012.0|9552.0|11796.0|13907.0|16004.0|16945.0
 2014|F8229|45-49|W|ESP|4521|832|1876.0|3741.0|5714.0|7682.0|8129.0|9782.0|11831.0|13884.0|16001.0|16943.0
 2014|F7166|55-59|W|USA|4520|198|1827.0|3797.0|5644.0|7552.0|7966.0|9587.0|11733.0|13845.0|16002.0|16943.0
 2014|F408|55-59|W|GER|4519|197|1956.0|3926.0|5873.0|7806.0|8228.0|9834.0|11835.0|13956.0|16097.0|16942.0
 2014|F6863|40-44|W|GBR|4518|897|1994.0|3934.0|5801.0|7677.0|8096.0|9688.0|11653.0|13671.0|15949.0|16942.0
 2014|F6883|H|W|GBR|4517|633|1906.0|3928.0|5925.0|7937.0|8368.0|9975.0|12010.0|14033.0|16062.0|16941.0
 2014|F9288|35-39|W|GBR|4516|701|1856.0|3728.0|5640.0|7600.0|8024.0|9598.0|11604.0|13740.0|16076.0|16940.0
 2014|F3575|50-54|W|CAN|4515|451|1779.0|3655.0|5525.0|7447.0|7999.0|9516.0|11623.0|13847.0|15985.0|16940.0
 2014|F9109|50-54|W|USA|4514|450|1889.0|3826.0|5829.0|7736.0|8153.0|9769.0|11860.0|13899.0|16054.0|16939.0
 2014|F6387|55-59|W|NOR|4513|196|1778.0|3636.0|5561.0|7486.0|7912.0|9497.0|11655.0|13782.0|15983.0|16939.0
 2014|F1802|40-44|W|SWE|4512|896|1963.0|4136.0|6146.0|8049.0|8461.0|10067.0|12016.0|14062.0|16022.0|16939.0
 2014|F7629|45-49|W|RSA|4511|831|1825.0|3650.0|5491.0|7330.0|7734.0|9283.0|11343.0|13601.0|16009.0|16938.0
 2014|F283|30-34|W|GER|4510|711|1958.0|3938.0|5852.0|7801.0|8314.0|9907.0|11942.0|14048.0|16074.0|16936.0
 2014|F9297|50-54|W|USA|4509|449|1686.0|3505.0|5408.0|7350.0|7775.0|9347.0|11422.0|13626.0|15989.0|16935.0
 2014|F5458|45-49|W|DEN|4508|830|1959.0|3934.0|5896.0|7863.0|8298.0|9851.0|11823.0|14006.0|16059.0|16932.0
 2014|F6913|40-44|W|FRA|4507|895|1725.0|3553.0|5381.0|7184.0|7573.0|9164.0|11135.0|13146.0|15912.0|16931.0
 2014|F4775|H|W|ITA|4506|632|2049.0|4078.0|6068.0|8036.0|8461.0|10007.0|11996.0|14025.0|16065.0|16930.0
 2014|F6905|35-39|W|SLO|4505|700|1835.0|3743.0|5595.0|7573.0|7984.0|9571.0|11685.0|13853.0|16014.0|16928.0
 2014|F7150|40-44|W|BRA|4504|894|1934.0|3872.0|5815.0|7778.0|8213.0|9784.0|11826.0|13973.0|16047.0|16928.0
 2014|F9584|55-59|W|FRA|4503|195|1843.0|3699.0|5586.0|7516.0|7948.0|9566.0|11653.0|13730.0|15988.0|16927.0
 2014|F8499|40-44|W|GER|4502|893|1840.0|3800.0|5709.0|7649.0|8074.0|9693.0|11770.0|13856.0|16012.0|16926.0
 2014|F6478|45-49|W|GER|4501|829|1766.0|3592.0|5483.0|7464.0|7895.0|9504.0|11640.0|13753.0|15994.0|16925.0
 2014|F4416|55-59|W|GER|4500|194|1982.0|3977.0|5945.0|7889.0|8301.0|9842.0|11834.0|13864.0|15980.0|16924.0
 2014|F1312|45-49|W|GER|4499|828|1928.0|3863.0|5757.0|7699.0|8096.0|9664.0|11719.0|13881.0|16101.0|16924.0
 2014|F5109|45-49|W|GER|4498|827|1928.0|3863.0|5757.0|7699.0|8096.0|9664.0|11720.0|13881.0|16101.0|16924.0
 2014|F9504|40-44|W|GER|4497|892|1951.0|3988.0|5899.0|7790.0|8193.0|9706.0|11734.0|13999.0|16040.0|16922.0
 2014|F8828|30-34|W|FRA|4496|710|1793.0|3549.0|5311.0|7109.0|7514.0|9035.0|11090.0|13224.0|15759.0|16921.0
 2014|F3968|45-49|W|NED|4495|826|1861.0|3781.0|5725.0|7675.0|8101.0|9688.0|11757.0|13867.0|16017.0|16918.0
 2014|F2625|35-39|W|VEN|4494|699|2009.0|3981.0|5926.0|7856.0|8276.0|9849.0|11877.0|13922.0|16030.0|16916.0
 2014|F5265|H|W|GER|4493|631|1741.0|3567.0|5555.0|7441.0|7836.0|9602.0|11756.0|13810.0|15953.0|16916.0
 2014|F3412|45-49|W|GER|4492|825|2017.0|4065.0|6056.0|8046.0|8464.0|10007.0|11979.0|13936.0|16049.0|16914.0
 2014|F7204|40-44|W|AUT|4491|891|1756.0|3556.0|5407.0|7264.0|7678.0|9315.0|11390.0|13466.0|15981.0|16914.0
 2014|F9569|35-39|W|GER|4490|698|1787.0|3737.0|5572.0|7480.0|7902.0|9509.0|11621.0|13798.0|15989.0|16914.0
 2014|F824|30-34|W|MAS|4489|709|1932.0|3906.0|5868.0|7815.0|8229.0|9834.0|11931.0|13901.0|15996.0|16912.0
 2014|F2097|35-39|W|SWE|4488|697|1826.0|3680.0|5566.0|7347.0|7729.0|9229.0|11191.0|13383.0|15854.0|16910.0
 2014|F1791|40-44|W|GBR|4487|890|1953.0|3936.0|5878.0|7888.0|8320.0|9915.0|11956.0|14012.0|16010.0|16902.0
 2014|F9518|30-34|W|POL|4486|708|1901.0|3786.0|5690.0|7604.0|8011.0|9538.0|11547.0|13602.0|15914.0|16901.0
 2014|F6509|45-49|W|DEN|4485|824|1892.0|3773.0|5650.0|7628.0|8041.0|9589.0|11711.0|13843.0|15932.0|16901.0
 2014|F5791|30-34|W|NZL|4484|707|1939.0|3957.0|5937.0|7937.0|8463.0|10013.0|12008.0|13984.0|16050.0|16901.0
 2014|F4758|45-49|W|NED|4483|823|2117.0|4118.0|6087.0|8050.0|8470.0|10030.0|12030.0|14028.0|16033.0|16901.0
 2014|F1663|40-44|W|BRA|4482|889|1856.0|3671.0|5492.0|7355.0|7765.0|9257.0|11339.0|13539.0|15893.0|16901.0
 2014|F3379|50-54|W|SWE|4481|448|1907.0|3766.0|5616.0|7506.0|7950.0|9512.0|11597.0|13769.0|15983.0|16900.0
 2014|F2022|35-39|W|BRA|4480|696|1960.0|3949.0|5911.0|7939.0|8375.0|10003.0|12049.0|14092.0|16048.0|16900.0
 2014|F531|40-44|W|GBR|4479|888|1970.0|3936.0|5982.0|7911.0|8326.0|9901.0|11943.0|13981.0|16025.0|16899.0
 2014|F7071|45-49|W|GBR|4478|822|1970.0|3936.0|5981.0|7910.0|8325.0|9901.0|11943.0|13980.0|16025.0|16899.0
 2014|F4935|50-54|W|GER|4477|447|1923.0|3879.0|5851.0|7840.0|8271.0|9838.0|11871.0|13881.0|15908.0|16899.0
 2014|F6551|30-34|W|MEX|4476|706|1852.0|3729.0|5740.0|7608.0|8028.0|9558.0|11575.0|13752.0|15970.0|16896.0
 2014|F6781|50-54|W|DEN|4475|446|1703.0|3463.0|5340.0|7275.0|7717.0|9437.0|11653.0|13820.0|16000.0|16895.0
 2014|F4311|30-34|W|GBR|4474|705|1707.0|3412.0|5091.0|6802.0|7184.0|8621.0|10600.0|13348.0|15835.0|16895.0
 2014|F274|50-54|W|GER|4473|445|1938.0|3878.0|5922.0|7837.0|8245.0|9781.0|11782.0|13841.0|16018.0|16894.0
 2014|F1340|50-54|W|GER|4472|444|1854.0|3736.0|5655.0|7582.0|7999.0|9588.0|11646.0|13890.0|15967.0|16894.0
 2014|F414|45-49|W|GER|4471|821|1977.0|3931.0|5856.0|7760.0|8180.0|9762.0|11824.0|13912.0|16018.0|16893.0
 2014|F4732|50-54|W|GER|4470|443|1784.0|3568.0|5428.0|7398.0|7841.0|9555.0|11721.0|13904.0|16038.0|16893.0
 2014|F674|30-34|W|SWE|4469|704|1751.0|3675.0|5667.0|7647.0|8032.0|9589.0|11630.0|13840.0|16081.0|16892.0
 2014|F4296|H|W|GBR|4468|630|1710.0|3392.0|5107.0|6871.0|7273.0|9108.0|11336.0|13584.0|15888.0|16892.0
 2014|F9592|45-49|W|GER|4467|820|1817.0|3631.0|5451.0|7315.0|7725.0|9224.0|11406.0|13631.0|16003.0|16885.0
 2014|F8351|50-54|W|GER|4466|442|1877.0|3799.0|5721.0|7691.0|8111.0|9669.0|11676.0|13781.0|15948.0|16885.0
 2014|F2150|40-44|W|ESP|4465|887|1755.0|3542.0|5283.0|7076.0|7465.0|8928.0|10980.0|13235.0|15720.0|16884.0
 2014|F4001|H|W|GER|4464|629|2030.0|4128.0|6177.0|8239.0|8670.0|10241.0|12242.0|14155.0|16066.0|16883.0
 2014|F2560|40-44|W|GBR|4463|886|1885.0|3784.0|5819.0|7837.0|8267.0|9917.0|12149.0|14044.0|15968.0|16882.0
 2014|F5480|40-44|W|GER|4462|885|1968.0|3917.0|5837.0|7742.0|8164.0|9705.0|11736.0|13790.0|15961.0|16878.0
 2014|F5162|40-44|W|SIN|4461|884|1876.0|3745.0|5665.0|7612.0|8033.0|9604.0|11687.0|13819.0|15952.0|16877.0
 2014|F5521|45-49|W|SWE|4460|819|1820.0|3659.0|5489.0|7510.0|7914.0|9533.0|11596.0|13875.0|15945.0|16875.0
 2014|F9401|55-59|W|BEL|4459|193|1647.0|3334.0|5005.0|6708.0|7094.0|8476.0|10534.0|13430.0|15941.0|16874.0
 2014|F6342|55-59|W|GER|4458|192|1727.0|3512.0|5313.0|7131.0|7626.0|9117.0|11225.0|13461.0|15855.0|16874.0
 2014|F2588|55-59|W|GER|4457|191|1799.0|3636.0|5534.0|7435.0|7874.0|9449.0|11525.0|13725.0|15927.0|16874.0
 2014|F5026|35-39|W|LAT|4456|695|1998.0|4238.0|6232.0|8199.0|8638.0|10218.0|12208.0|14195.0|16095.0|16872.0
 2014|F5726|55-59|W|BRA|4455|190|1929.0|3878.0|5798.0|7700.0|8116.0|9640.0|11807.0|13901.0|15986.0|16872.0
 2014|F1544|40-44|W|GER|4454|883|1644.0|3303.0|5008.0|6792.0|7196.0|8991.0|11496.0|13708.0|15916.0|16865.0
 2014|F6671|50-54|W|FRA|4453|441|1765.0|3524.0|5277.0|7065.0|7466.0|8960.0|11037.0|13287.0|15778.0|16861.0
 2014|F3980|45-49|W|GER|4452|818|1952.0|3949.0|5929.0|7941.0|8369.0|9954.0|11979.0|13981.0|16015.0|16861.0
 2014|F6407|30-34|W|GER|4451|703|1895.0|3816.0|5709.0|7599.0|8022.0|9556.0|11589.0|13643.0|15890.0|16860.0
 2014|F1948|45-49|W|GER|4450|817|1885.0|3828.0|5730.0|7662.0|8082.0|9650.0|11882.0|13907.0|15973.0|16859.0
 2014|F5164|40-44|W|GER|4449|882|1841.0|3717.0|5600.0|7553.0|7965.0|9599.0|11663.0|13737.0|15924.0|16858.0
 2014|F3969|45-49|W|GER|4448|816|1912.0|3876.0|5840.0|7733.0|8160.0|9722.0|11743.0|13848.0|15963.0|16858.0
 2014|F6021|45-49|W|GER|4447|815|1896.0|3785.0|5661.0|7491.0|7973.0|9489.0|11528.0|13603.0|15934.0|16858.0
 2014|F6540|35-39|W|NED|4446|694|1881.0|3755.0|5644.0|7564.0|7987.0|9539.0|11542.0|13577.0|15864.0|16857.0
 2014|F3756|H|W|DEN|4445|628|1789.0|3580.0|5470.0|7343.0|7741.0|9388.0|11483.0|13687.0|15921.0|16857.0
 2014|F6330|H|W|DEN|4444|627|1680.0|3354.0|5117.0|7076.0|7502.0|9221.0|11466.0|13690.0|15946.0|16856.0
 2014|F727|55-59|W|DEN|4443|189|1835.0|3669.0|5587.0|7532.0|7939.0|9525.0|11797.0|13895.0|15888.0|16855.0
 2014|F5223|45-49|W|BEL|4442|814|1907.0|3793.0|5617.0|7476.0|7878.0|9420.0|11500.0|13591.0|15841.0|16854.0
 2014|F503|40-44|W|NOR|4441|881|2077.0|4132.0|6167.0|8126.0|8550.0|10104.0|12097.0|14029.0|15982.0|16854.0
 2014|F4429|H|W|POL|4440|626|1822.0|3635.0|5436.0|7243.0|7650.0|9194.0|11440.0|13570.0|15946.0|16854.0
 2014|F1769|35-39|W|MEX|4439|693|1839.0|3685.0|5535.0|7356.0|7753.0|9294.0|11335.0|13460.0|15889.0|16854.0
 2014|F1417|H|W|GBR|4438|625|1806.0|3725.0|5643.0|7506.0|7915.0|9558.0|11756.0|13925.0|16001.0|16854.0
 2014|F5528|40-44|W|GER|4437|880|1971.0|3985.0|5963.0|7971.0|8394.0|9972.0|11993.0|13961.0|15975.0|16852.0
 2014|F3880|45-49|W|GER|4436|813|1794.0|3621.0|5485.0|7405.0|7822.0|9416.0|11526.0|13678.0|15887.0|16851.0
 2014|F2445|50-54|W|USA|4434|440|1838.0|3758.0|5654.0|7593.0|8018.0|9580.0|11652.0|13812.0|15921.0|16851.0
 2014|28922|JA|W|GBR|4434|15|1900.0|3791.0|5731.0|7661.0|8084.0|9675.0|11763.0|13747.0|16013.0|16851.0
 2014|F919|H|W|GBR|4433|624|1860.0|3761.0|5665.0|7619.0|8040.0|9657.0|11729.0|13822.0|15903.0|16849.0
 2014|F6521|H|W|SWE|4432|623|1982.0|3960.0|6091.0|8028.0|8466.0|10020.0|12024.0|14025.0|16010.0|16848.0
 2014|F6234|30-34|W|GER|4431|702|1729.0|3590.0|5533.0|7538.0|8000.0|9623.0|11735.0|13804.0|15960.0|16846.0
 2014|F6861|30-34|W|BRA|4430|701|1868.0|3727.0|5708.0|7708.0|8143.0|9790.0|11897.0|13962.0|15974.0|16845.0
 2014|F5481|45-49|W|IRL|4429|812|1894.0|3780.0|5635.0|7548.0|7961.0|9523.0|11562.0|13775.0|15936.0|16843.0
 2014|F1562|55-59|W|SUI|4428|188|1711.0|3363.0|5078.0|6856.0|7235.0|8775.0|11019.0|13340.0|15798.0|16843.0
 2014|F3508|30-34|W|GBR|4427|700|1909.0|3760.0|5616.0|7529.0|7950.0|9501.0|11651.0|13750.0|15914.0|16840.0
 2014|F7475|30-34|W|SWE|4426|699|1951.0|3913.0|5861.0|7842.0|8266.0|9829.0|11849.0|13871.0|15942.0|16839.0
 2014|F5545|45-49|W|DEN|4425|811|1829.0|3671.0|5508.0|7376.0|7778.0|9291.0|11286.0|13316.0|15651.0|16837.0
 2014|F6520|30-34|W|SWE|4424|698|1982.0|3960.0|6091.0|8028.0|8470.0|10020.0|12024.0|14025.0|16009.0|16835.0
 2014|F7789|45-49|W|GER|4423|810|1947.0|3908.0|5885.0|7832.0|8267.0|9793.0|11758.0|13751.0|15900.0|16835.0
 2014|F6015|H|W|DEN|4422|622|1726.0|3466.0|5198.0|6942.0|7324.0|8705.0|11014.0|13289.0|16056.0|16835.0
 2014|F8170|55-59|W|CRO|4421|187|1980.0|3991.0|5997.0|7990.0|8410.0|9933.0|11913.0|13902.0|15967.0|16834.0
 2014|F2399|30-34|W|GER|4420|697|1869.0|3727.0|5561.0|7412.0|7810.0|9280.0|11460.0|13591.0|15942.0|16834.0
 2014|F9627|H|W|GER|4419|621|1867.0|3741.0|5749.0|7665.0|8084.0|9687.0|11817.0|13913.0|15984.0|16833.0
 2014|F3189|30-34|W|MEX|4418|696|1655.0|3305.0|4971.0|6674.0|7051.0|8526.0|10479.0|13152.0|15810.0|16831.0
 2014|F6711|H|W|DEN|4417|620|1774.0|3742.0|5679.0|7584.0|7995.0|9550.0|11663.0|13807.0|15947.0|16829.0
 2014|F1141|45-49|W|GER|4416|809|1894.0|3777.0|5759.0|7822.0|8312.0|9850.0|11853.0|13889.0|15929.0|16823.0
 2014|F5724|35-39|W|ESP|4415|692|1890.0|3870.0|5892.0|7889.0|8300.0|9929.0|11968.0|13934.0|15956.0|16823.0
 2014|F2649|40-44|W|GER|4414|879|1695.0|3404.0|5158.0|6981.0|7376.0|8920.0|11069.0|13551.0|16018.0|16822.0
 2014|F7947|45-49|W|GER|4413|808|1728.0|3511.0|5399.0|7255.0|7677.0|9294.0|11414.0|13615.0|15886.0|16821.0
 2014|F5251|45-49|W|FRA|4412|807|1832.0|3674.0|5507.0|7401.0|7808.0|9352.0|11460.0|13527.0|15768.0|16821.0
 2014|F7020|40-44|W|CRO|4411|878|1979.0|3992.0|5997.0|7990.0|8410.0|9934.0|11913.0|13902.0|15966.0|16820.0
 2014|F6808|40-44|W|GER|4410|877|1959.0|3918.0|5841.0|7768.0|8179.0|9676.0|11662.0|13713.0|15887.0|16819.0
 2014|F7830|50-54|W|GER|4409|439|1926.0|3825.0|5710.0|7582.0|7992.0|9516.0|11757.0|13845.0|15951.0|16817.0
 2014|F5905|50-54|W|GER|4408|438|1881.0|3745.0|5625.0|7571.0|7987.0|9543.0|11608.0|13704.0|15876.0|16816.0
 2014|F458|50-54|W|GER|4407|437|1766.0|3538.0|5305.0|7105.0|7503.0|8990.0|11114.0|13387.0|15789.0|16815.0
 2014|F3075|40-44|W|UKR|4406|876|1950.0|3935.0|5841.0|7742.0|8169.0|9736.0|11784.0|13939.0|15981.0|16812.0
 2014|F5209|50-54|W|FRA|4405|436|1935.0|3780.0|5637.0|7546.0|7936.0|9405.0|11381.0|13508.0|15794.0|16811.0
 2014|F3716|H|W|DEN|4404|619|1813.0|3602.0|5398.0|7365.0|7766.0|9317.0|11407.0|13576.0|15850.0|16810.0
 2014|F8821|30-34|W|RSA|4403|695|1770.0|3602.0|5486.0|7268.0|7780.0|9277.0|11242.0|13474.0|15742.0|16810.0
 2014|F891|40-44|W|USA|4402|875|1821.0|3674.0|5581.0|7550.0|7971.0|9602.0|11696.0|13777.0|15930.0|16807.0
 2014|F2389|30-34|W|RUS|4401|694|1747.0|3682.0|5492.0|7482.0|7910.0|9482.0|11588.0|13688.0|15909.0|16806.0
 2014|F6197|H|W|GBR|4400|618|1696.0|3415.0|5193.0|7086.0|7534.0|9266.0|11356.0|13578.0|15896.0|16806.0
 2014|F5052|50-54|W|FRA|4399|435|1989.0|4007.0|6031.0|8004.0|8423.0|9987.0|11985.0|13933.0|15895.0|16805.0
 2014|F5486|60-64|W|GER|4398|67|1937.0|3979.0|5973.0|7960.0|8369.0|9895.0|12072.0|14208.0|15997.0|16802.0
 2014|F8666|45-49|W|DEN|4397|806|1906.0|3838.0|5773.0|7729.0|8162.0|9741.0|11780.0|13788.0|15917.0|16802.0
 2014|F8660|JA|W|DEN|4396|14|1906.0|3837.0|5773.0|7729.0|8162.0|9740.0|11779.0|13788.0|15917.0|16802.0
 2014|F9120|35-39|W|USA|4395|691|1890.0|3937.0|5785.0|7681.0|8084.0|9652.0|11721.0|13817.0|15980.0|16801.0
 2014|F5938|50-54|W|GER|4394|434|1864.0|3764.0|5616.0|7497.0|7926.0|9443.0|11424.0|13439.0|15780.0|16800.0
 2014|F4534|40-44|W|GER|4393|874|1864.0|3713.0|5562.0|7401.0|7830.0|9324.0|11261.0|13348.0|15795.0|16795.0
 2014|F3299|40-44|W|GBR|4392|873|1869.0|3823.0|5655.0|7547.0|7963.0|9530.0|11553.0|13624.0|15807.0|16794.0
 2014|F6165|40-44|W|GER|4391|872|1790.0|3651.0|5517.0|7413.0|7815.0|9378.0|11415.0|13596.0|15801.0|16794.0
 2014|F951|40-44|W|GER|4390|871|1785.0|3577.0|5438.0|7292.0|7699.0|9200.0|11258.0|13428.0|15791.0|16792.0
 2014|F8958|45-49|W|USA|4389|805|1943.0|3830.0|5759.0|7649.0|8058.0|9734.0|11756.0|13867.0|15930.0|16789.0
 2014|F4912|45-49|W|GER|4388|804|1906.0|3824.0|5738.0|7633.0|8049.0|9598.0|11662.0|13809.0|15886.0|16786.0
 2014|F8275|45-49|W|BEL|4387|803|1881.0|3745.0|5571.0|7468.0|7876.0|9435.0|11602.0|13834.0|15982.0|16785.0
 2014|F2168|40-44|W|GER|4386|870|1962.0|4001.0|5959.0|7950.0|8389.0|9966.0|11955.0|13937.0|15948.0|16782.0
 2014|F6122|55-59|W|GER|4385|186|1961.0|4001.0|5959.0|7952.0|8389.0|9971.0|11964.0|13937.0|15947.0|16782.0
 2014|F3951|45-49|W|FIN|4384|802|1861.0|3713.0|5615.0|7537.0|7972.0|9574.0|11665.0|13796.0|15938.0|16781.0
 2014|F6180|35-39|W|GBR|4383|690|1880.0|3801.0|5711.0|7663.0|8100.0|9683.0|11758.0|13817.0|15936.0|16781.0
 2014|F7643|30-34|W|ARG|4382|693|1858.0|3741.0|5670.0|7699.0|8118.0|9680.0|11687.0|13784.0|15900.0|16780.0
 2014|F6783|40-44|W|DEN|4381|869|1937.0|4414.0|6293.0|8213.0|8618.0|10164.0|12034.0|13951.0|15919.0|16780.0
 2014|F7849|35-39|W|GER|4380|689|1918.0|3912.0|5920.0|7888.0|8311.0|9964.0|11934.0|13920.0|15947.0|16779.0
 2014|F2935|50-54|W|GER|4379|433|1675.0|3415.0|5210.0|7107.0|7520.0|9123.0|11269.0|13564.0|15876.0|16779.0
 2014|F5557|H|W|GER|4378|617|1842.0|3654.0|5440.0|7291.0|7699.0|9213.0|11379.0|13722.0|15860.0|16778.0
 2014|F6724|50-54|W|NED|4377|432|1990.0|3951.0|5898.0|7829.0|8250.0|9766.0|11736.0|13735.0|15879.0|16776.0
 2014|F3080|45-49|W|GER|4376|801|1919.0|3857.0|5845.0|7765.0|8185.0|9761.0|11854.0|13845.0|15858.0|16773.0
 2014|F6864|45-49|W|MEX|4375|800|1882.0|3757.0|5662.0|7608.0|8036.0|9647.0|11717.0|13818.0|15897.0|16771.0
 2014|F4604|H|W|POL|4374|616|1870.0|3749.0|5634.0|7526.0|7937.0|9525.0|11591.0|13681.0|15877.0|16771.0
 2014|F2857|H|W|SUI|4373|615|1944.0|3889.0|5798.0|7713.0|8142.0|9694.0|11722.0|13787.0|15892.0|16770.0
 2014|F6626|45-49|W|FIN|4372|799|1863.0|3692.0|5510.0|7431.0|7857.0|9418.0|11510.0|13617.0|15787.0|16769.0
 2014|F6774|45-49|W|GER|4371|798|1767.0|3590.0|5458.0|7381.0|7807.0|9452.0|11569.0|13675.0|15838.0|16768.0
 2014|F1645|35-39|W|GBR|4370|688|1893.0|3831.0|5758.0|7733.0|8150.0|9738.0|11843.0|13823.0|15847.0|16767.0
 2014|F3811|45-49|W|GER|4369|797|1843.0|3703.0|5659.0|7558.0|7978.0|9510.0|11563.0|13692.0|15869.0|16766.0
 2014|F962|30-34|W|BEL|4368|692|1909.0|3799.0|5733.0|7658.0|8081.0|9701.0|11768.0|13824.0|15896.0|16764.0
 2014|F1192|60-64|W|GER|4367|66|1905.0|3819.0|5713.0|7639.0|8061.0|9641.0|11692.0|13773.0|15868.0|16761.0
 2014|F8378|55-59|W|GER|4366|185|1916.0|3892.0|5861.0|7843.0|8281.0|9866.0|11935.0|13890.0|15918.0|16759.0
 2014|F5174|H|W|DEN|4365|614|1818.0|3732.0|5679.0|7552.0|7975.0|9525.0|11602.0|13625.0|15784.0|16759.0
 2014|F7648|H|W|GER|4364|613|1612.0|3251.0|4940.0|6727.0|7129.0|8700.0|10820.0|13227.0|15757.0|16758.0
 2014|F2190|JA|W|DEN|4363|13|1818.0|3732.0|5678.0|7553.0|7975.0|9524.0|11602.0|13624.0|15788.0|16758.0
 2014|F6909|45-49|W|GER|4362|796|1923.0|3845.0|5813.0|7805.0|8242.0|9834.0|11880.0|13879.0|15902.0|16757.0
 2014|F3763|30-34|W|MEX|4361|691|1716.0|3517.0|5352.0|7290.0|7732.0|9366.0|11544.0|13753.0|15845.0|16757.0
 2014|F8487|35-39|W|DEN|4360|687|1718.0|3509.0|5346.0|7316.0|7747.0|9405.0|11534.0|13714.0|15869.0|16756.0
 2014|F2183|40-44|W|ITA|4359|868|1895.0|3734.0|5766.0|7647.0|8047.0|9685.0|11599.0|13962.0|15960.0|16756.0
 2014|F2782|40-44|W|GER|4358|867|1798.0|3618.0|5447.0|7321.0|7751.0|9367.0|11441.0|13569.0|15799.0|16754.0
 2014|F3867|40-44|W|SWE|4357|866|1883.0|3708.0|5534.0|7416.0|7828.0|9392.0|11417.0|13589.0|15769.0|16754.0
 2014|F9477|45-49|W|MEX|4356|795|1898.0|3749.0|5567.0|7425.0|7836.0|9381.0|11425.0|13635.0|15744.0|16753.0
 2014|F6483|45-49|W|KEN|4355|794|1684.0|3423.0|5211.0|6998.0|7393.0|8906.0|10899.0|13179.0|15648.0|16752.0
 2014|F1448|30-34|W|GER|4354|690|1964.0|3959.0|5965.0|7964.0|8384.0|10026.0|12047.0|14005.0|15971.0|16751.0
 2014|F1186|55-59|W|GER|4353|184|1838.0|3747.0|5655.0|7579.0|7996.0|9586.0|11655.0|13640.0|15786.0|16751.0
 2014|F608|45-49|W|ESP|4352|793|1828.0|3726.0|5611.0|7478.0|7883.0|9466.0|11517.0|13619.0|15794.0|16750.0
 2014|F9377|45-49|W|GER|4351|792|1864.0|3765.0|5609.0|7466.0|7871.0|9380.0|11399.0|13585.0|15830.0|16748.0
 2014|F6332|50-54|W|DEN|4350|431|1894.0|3776.0|5693.0|7623.0|8023.0|9602.0|11699.0|13660.0|15798.0|16748.0
 2014|F3171|35-39|W|GER|4349|686|1955.0|4023.0|6003.0|7925.0|8330.0|9891.0|11815.0|13829.0|15892.0|16745.0
 2014|F5975|40-44|W|GER|4348|865|1878.0|3972.0|5893.0|7831.0|8243.0|9771.0|11737.0|13728.0|15823.0|16744.0
 2014|F5079|40-44|W|GER|4347|864|1557.0|3098.0|4662.0|6234.0|6580.0|NaN|NaN|NaN|NaN|16744.0
 2014|F7120|45-49|W|DEN|4346|791|1903.0|3911.0|5824.0|7738.0|8154.0|9699.0|11762.0|13729.0|15818.0|16743.0
 2014|F4838|35-39|W|POL|4345|685|1891.0|3722.0|5528.0|7385.0|7794.0|9350.0|11446.0|13537.0|15809.0|16742.0
 2014|F4107|45-49|W|MAR|4344|790|1921.0|3813.0|5698.0|7634.0|8070.0|9631.0|11666.0|13705.0|15799.0|16742.0
 2014|F7816|H|W|GBR|4343|612|1709.0|3423.0|5248.0|7079.0|7515.0|9066.0|11301.0|13644.0|15880.0|16739.0
 2014|F7574|50-54|W|FRA|4342|430|1926.0|3751.0|5581.0|7483.0|7884.0|9380.0|11542.0|13574.0|15730.0|16739.0
 2014|F2928|45-49|W|FRA|4341|789|1926.0|3751.0|5580.0|7482.0|7883.0|9379.0|11541.0|13573.0|15729.0|16738.0
 2014|F163|60-64|W|GER|4340|65|1892.0|3737.0|5630.0|7461.0|7870.0|9440.0|11566.0|13619.0|15750.0|16737.0
 2014|F7395|50-54|W|DEN|4339|429|1883.0|3824.0|5752.0|7652.0|8097.0|9591.0|11621.0|13599.0|15807.0|16737.0
 2014|F1242|30-34|W|GBR|4338|689|1843.0|3724.0|5616.0|7493.0|7974.0|9510.0|11503.0|13602.0|15814.0|16735.0
 2014|F7009|35-39|W|POL|4337|684|1912.0|3863.0|5810.0|7767.0|8212.0|9753.0|11747.0|13754.0|15874.0|16735.0
 2014|F8477|55-59|W|ISL|4336|183|1827.0|3657.0|5595.0|7558.0|7957.0|9513.0|11555.0|13730.0|15831.0|16735.0
 2014|F5866|55-59|W|NED|4335|182|1768.0|3541.0|5330.0|7159.0|7561.0|9063.0|11066.0|13204.0|15644.0|16734.0
 2014|F3228|45-49|W|GER|4334|788|1892.0|3767.0|5700.0|7669.0|8087.0|9679.0|11703.0|13744.0|15805.0|16733.0
 2014|F7582|H|W|SWE|4333|611|1695.0|3436.0|5231.0|7136.0|7549.0|9177.0|11392.0|13512.0|15800.0|16731.0
 2014|F5320|45-49|W|AUS|4332|787|1796.0|3522.0|5294.0|7143.0|7529.0|9082.0|11162.0|13354.0|15725.0|16731.0
 2014|F3539|45-49|W|GER|4331|786|1953.0|3901.0|5866.0|7812.0|8229.0|9756.0|11736.0|13729.0|15820.0|16731.0
 2014|F4224|50-54|W|GER|4330|428|1953.0|3902.0|5865.0|7812.0|8229.0|9756.0|11736.0|13729.0|15820.0|16731.0
 2014|F9226|40-44|W|GER|4329|863|1930.0|3869.0|5866.0|7817.0|8239.0|9792.0|11796.0|13816.0|15845.0|16730.0
 2014|F2988|30-34|W|MEX|4328|688|1849.0|3757.0|5659.0|7604.0|8013.0|9606.0|11654.0|13762.0|15830.0|16728.0
 2014|F8136|30-34|W|NED|4327|687|1988.0|3943.0|5861.0|7783.0|8207.0|9728.0|11709.0|13671.0|15794.0|16728.0
 2014|F718|45-49|W|CAN|4326|785|1919.0|3836.0|5724.0|7628.0|8057.0|9609.0|11599.0|13568.0|15740.0|16728.0
 2014|F920|30-34|W|GER|4325|686|2008.0|3990.0|5891.0|7851.0|8276.0|9810.0|11825.0|13778.0|15718.0|16727.0
 2014|F9055|30-34|W|SWE|4324|685|1862.0|3753.0|5702.0|7597.0|8014.0|9585.0|11633.0|13720.0|15813.0|16727.0
 2014|F4021|35-39|W|NED|4323|683|1819.0|3664.0|5484.0|7321.0|7727.0|9272.0|11369.0|13609.0|15863.0|16724.0
 2014|F7021|35-39|W|CAN|4322|682|1694.0|3460.0|5294.0|7214.0|7639.0|9211.0|11266.0|13419.0|15771.0|16724.0
 2014|F1406|45-49|W|GBR|4321|784|1676.0|3519.0|5416.0|7297.0|7711.0|9277.0|11354.0|13526.0|15800.0|16722.0
 2014|F3956|30-34|W|GBR|4320|684|1758.0|3580.0|5439.0|7365.0|7790.0|9400.0|11544.0|13663.0|15844.0|16722.0
 2014|F1841|50-54|W|FRA|4319|427|1885.0|3749.0|5633.0|7547.0|7966.0|9477.0|11546.0|13542.0|15774.0|16722.0
 2014|F4088|30-34|W|GER|4318|683|1970.0|3867.0|5794.0|7734.0|8156.0|9955.0|11929.0|13911.0|15863.0|16721.0
 2014|F4756|45-49|W|GER|4317|783|1934.0|3853.0|5838.0|7766.0|8296.0|9811.0|11899.0|13848.0|15845.0|16719.0
 2014|F1012|60-64|W|DEN|4316|64|1937.0|3988.0|6057.0|8033.0|8446.0|9985.0|12035.0|14006.0|15956.0|16718.0
 2014|F6805|50-54|W|SUI|4315|426|2050.0|NaN|NaN|NaN|NaN|NaN|NaN|12826.0|15665.0|16716.0
 2014|F1155|35-39|W|ITA|4314|681|1868.0|3812.0|5746.0|7633.0|8061.0|9590.0|11644.0|13738.0|15866.0|16716.0
 2014|F7710|30-34|W|GER|4313|682|1879.0|3796.0|5712.0|7737.0|8168.0|9700.0|11643.0|13615.0|15834.0|16715.0
 2014|F2378|40-44|W|FRA|4312|862|2119.0|4087.0|5990.0|7922.0|8345.0|9943.0|11970.0|13931.0|15844.0|16713.0
 2014|F8283|30-34|W|GER|4311|681|1961.0|3926.0|5862.0|7800.0|8330.0|9873.0|11921.0|13885.0|15895.0|16713.0
 2014|F7711|30-34|W|SUI|4310|680|1889.0|3952.0|6077.0|8037.0|8460.0|10004.0|11992.0|13908.0|15877.0|16712.0
 2014|F1548|40-44|W|GBR|4309|861|1888.0|3811.0|5661.0|7509.0|7907.0|9437.0|11496.0|13624.0|15775.0|16711.0
 2014|F6935|40-44|W|USA|4308|860|1871.0|3759.0|5661.0|7555.0|7964.0|9549.0|11605.0|13784.0|15826.0|16710.0
 2014|F9406|45-49|W|NOR|4307|782|1901.0|3822.0|5721.0|7657.0|8078.0|9679.0|11680.0|13728.0|15843.0|16710.0
 2014|F1234|40-44|W|GBR|4306|859|2027.0|4077.0|6125.0|8123.0|8559.0|10169.0|12164.0|14044.0|15938.0|16709.0
 2014|F8682|45-49|W|DEN|4305|781|1814.0|3712.0|5624.0|7544.0|7971.0|9583.0|11622.0|13662.0|15793.0|16708.0
 2014|F3270|35-39|W|CAN|4304|680|1664.0|3349.0|5060.0|6824.0|7224.0|8770.0|11042.0|13246.0|15747.0|16706.0
 2014|F5405|30-34|W|ITA|4303|679|2047.0|4074.0|6035.0|7992.0|8410.0|9927.0|11864.0|13837.0|15785.0|16704.0
 2014|F853|40-44|W|SWE|4302|858|1758.0|3513.0|5294.0|7164.0|7583.0|9115.0|11222.0|13438.0|15768.0|16702.0
 2014|F6199|40-44|W|POL|4301|857|1867.0|3667.0|5548.0|7404.0|7829.0|9338.0|11311.0|13287.0|15624.0|16701.0
 2014|F3154|55-59|W|GER|4300|181|1905.0|3819.0|5712.0|7639.0|8061.0|9641.0|11692.0|13773.0|15828.0|16699.0
 2014|F4345|35-39|W|IRL|4299|679|1860.0|3755.0|5622.0|7573.0|7976.0|9626.0|11782.0|13854.0|15846.0|16699.0
 2014|F9528|H|W|LIB|4298|610|2082.0|4112.0|6115.0|8096.0|8524.0|10083.0|12068.0|13976.0|15958.0|16699.0
 2014|F9213|H|W|GER|4297|609|1840.0|3756.0|5695.0|7554.0|7946.0|9449.0|11460.0|13583.0|15759.0|16699.0
 2014|F2235|35-39|W|USA|4296|678|1874.0|3751.0|5593.0|7458.0|7857.0|9424.0|11476.0|13605.0|15815.0|16697.0
 2014|F844|35-39|W|SWE|4295|677|1827.0|3653.0|5520.0|7366.0|7787.0|9447.0|11502.0|13671.0|15829.0|16695.0
 2014|F779|40-44|W|GER|4294|856|1976.0|3993.0|5968.0|7913.0|8337.0|9855.0|11844.0|13811.0|15848.0|16694.0
 2014|F9224|45-49|W|GER|4293|780|1856.0|3739.0|5657.0|7594.0|8014.0|9528.0|11589.0|13606.0|15712.0|16693.0
 2014|F8267|45-49|W|CAN|4292|779|1934.0|3851.0|5762.0|7698.0|8115.0|9647.0|11678.0|13628.0|15769.0|16692.0
 2014|F7322|35-39|W|GER|4291|676|2360.0|4380.0|6373.0|8391.0|8830.0|10361.0|12177.0|14132.0|15919.0|16691.0
 2014|F6988|H|W|COL|4290|608|1907.0|4093.0|6040.0|7948.0|8336.0|10067.0|11914.0|13855.0|15811.0|16690.0
 2014|F5550|H|W|IRL|4289|607|2033.0|3969.0|5934.0|7920.0|8353.0|9878.0|11797.0|13785.0|15814.0|16688.0
 2014|F7122|45-49|W|DEN|4288|778|1785.0|3600.0|5438.0|7286.0|7680.0|9346.0|11430.0|13580.0|15731.0|16683.0
 2014|F5529|55-59|W|BRA|4287|180|1757.0|3589.0|5510.0|7380.0|7789.0|9321.0|11369.0|13492.0|15712.0|16683.0
 2014|F9557|35-39|W|GER|4285|675|1984.0|4316.0|6636.0|8400.0|8784.0|10201.0|12050.0|13942.0|15866.0|16682.0
 2014|F8956|40-44|W|ITA|4285|855|1851.0|3759.0|5707.0|7687.0|8115.0|9677.0|11702.0|13788.0|15865.0|16682.0
 2014|F4113|40-44|W|GER|4284|854|1900.0|3787.0|5678.0|7595.0|8010.0|9547.0|11562.0|13620.0|15749.0|16681.0
 2014|F2620|40-44|W|MEX|4283|853|1879.0|3856.0|5786.0|7788.0|8197.0|9782.0|11847.0|13881.0|15876.0|16678.0
 2014|F6083|50-54|W|BRA|4282|425|1865.0|3717.0|5609.0|7552.0|7974.0|9526.0|11565.0|13569.0|15744.0|16678.0
 2014|F635|35-39|W|ARG|4281|674|1888.0|3846.0|5810.0|7753.0|8154.0|9713.0|11751.0|13668.0|15713.0|16677.0
 2014|F9024|H|W|GER|4280|606|1828.0|3738.0|5683.0|7632.0|8051.0|9630.0|11632.0|13789.0|15767.0|16676.0
 2014|F4772|50-54|W|GER|4279|424|1850.0|3753.0|5665.0|7617.0|8036.0|9622.0|11645.0|13677.0|15773.0|16676.0
 2014|F5744|45-49|W|GER|4278|777|1890.0|3776.0|5622.0|7527.0|7944.0|9450.0|11541.0|13597.0|15733.0|16674.0
 2014|F2230|50-54|W|GER|4277|423|1731.0|3446.0|5263.0|7094.0|7623.0|9112.0|11127.0|13276.0|15699.0|16674.0
 2014|F7802|55-59|W|GER|4276|179|1939.0|3810.0|5697.0|7597.0|8008.0|9593.0|11542.0|13591.0|15737.0|16674.0
 2014|F7158|40-44|W|GUA|4275|852|2005.0|4001.0|5993.0|7957.0|8389.0|9938.0|11943.0|13901.0|15838.0|16673.0
 2014|F5930|35-39|W|GER|4274|673|1912.0|3787.0|5626.0|7467.0|7876.0|9369.0|11306.0|13362.0|15587.0|16671.0
 2014|F1031|40-44|W|MEX|4273|851|1644.0|3383.0|5135.0|6956.0|7353.0|8855.0|10925.0|13165.0|15627.0|16670.0
 2014|F7495|35-39|W|GER|4272|672|1797.0|3672.0|5547.0|7427.0|7907.0|9445.0|11480.0|13599.0|15774.0|16670.0
 2014|F7804|45-49|W|GER|4271|776|1761.0|3573.0|5454.0|7323.0|7742.0|9301.0|11307.0|13435.0|15644.0|16667.0
 2014|F4796|45-49|W|NED|4270|775|1949.0|3915.0|5876.0|7938.0|8369.0|9918.0|11907.0|13893.0|15841.0|16664.0
 2014|F9482|30-34|W|TPE|4269|678|1681.0|3496.0|5344.0|7385.0|7812.0|9392.0|11613.0|13727.0|15857.0|16663.0
 2014|F9043|30-34|W|GER|4268|677|1763.0|3514.0|5320.0|7253.0|7678.0|9329.0|11452.0|13587.0|15824.0|16663.0
 2014|F651|30-34|W|DEN|4267|676|1765.0|3570.0|5362.0|7209.0|7616.0|9114.0|11238.0|13362.0|15710.0|16662.0
 2014|F604|H|W|SWE|4266|605|1668.0|3328.0|5083.0|7035.0|7445.0|9117.0|11388.0|13624.0|15785.0|16661.0
 2014|F1932|45-49|W|NED|4265|774|1998.0|3974.0|5941.0|7867.0|8276.0|9849.0|11847.0|13755.0|15738.0|16660.0
 2014|F4829|45-49|W|GER|4264|773|1913.0|3852.0|5797.0|7751.0|8162.0|9699.0|11697.0|13681.0|15760.0|16657.0
 2014|F5694|30-34|W|GER|4263|675|1897.0|3786.0|5744.0|7634.0|8057.0|9744.0|11676.0|13643.0|15825.0|16657.0
 2014|F2087|45-49|W|NED|4262|772|1948.0|3913.0|5971.0|7883.0|8291.0|9819.0|11786.0|13754.0|15757.0|16655.0
 2014|F2533|45-49|W|FRO|4261|771|1671.0|3517.0|5373.0|7299.0|7734.0|9331.0|11450.0|13567.0|15691.0|16655.0
 2014|F6331|H|W|DEN|4260|604|1858.0|3744.0|5609.0|7507.0|7924.0|9491.0|11512.0|13578.0|15736.0|16655.0
 2014|F2491|55-59|W|GER|4259|178|1877.0|3738.0|5600.0|7504.0|7923.0|9458.0|11486.0|13592.0|15731.0|16654.0
 2014|F7595|40-44|W|SWE|4258|850|1919.0|3801.0|5652.0|7490.0|7896.0|9367.0|11288.0|13498.0|15685.0|16653.0
 2014|F9206|55-59|W|GER|4257|177|1988.0|3961.0|5924.0|7891.0|8358.0|9969.0|11987.0|14064.0|15919.0|16653.0
 2014|F9285|40-44|W|GBR|4256|849|1918.0|3872.0|5798.0|7750.0|8184.0|9771.0|11779.0|13782.0|15796.0|16652.0
 2014|F2639|45-49|W|GBR|4255|770|1976.0|3953.0|5970.0|7927.0|8348.0|9868.0|11829.0|13808.0|15779.0|16648.0
 2014|F4895|30-34|W|GER|4254|674|1804.0|3581.0|5397.0|7238.0|7647.0|9214.0|11344.0|13584.0|15764.0|16647.0
 2014|F9020|45-49|W|GER|4253|769|1853.0|3749.0|5635.0|7549.0|7961.0|9487.0|11564.0|13624.0|15723.0|16646.0
 2014|F8610|45-49|W|GER|4252|768|1813.0|3696.0|5594.0|7506.0|7921.0|9505.0|11697.0|13762.0|15815.0|16644.0
 2014|F542|H|W|SWE|4251|603|2005.0|4041.0|6017.0|8037.0|8464.0|10121.0|12178.0|14111.0|15910.0|16643.0
 2014|F3897|45-49|W|GER|4250|767|1941.0|3946.0|5897.0|7917.0|8346.0|9903.0|11895.0|13836.0|15829.0|16642.0
 2014|F3560|H|W|GBR|4249|602|1689.0|3411.0|5170.0|6993.0|7395.0|8875.0|10944.0|13378.0|15576.0|16641.0
 2014|F1308|55-59|W|DEN|4248|176|1799.0|3594.0|5426.0|7288.0|7698.0|9219.0|11239.0|13352.0|15617.0|16641.0
 2014|F3577|40-44|W|USA|4247|848|1721.0|3470.0|5212.0|7062.0|7468.0|9033.0|11181.0|13471.0|15642.0|16641.0
 2014|F6468|40-44|W|GER|4246|847|1877.0|3688.0|5515.0|7395.0|7808.0|9348.0|11582.0|13649.0|15751.0|16640.0
 2014|F543|35-39|W|FRA|4245|671|2079.0|4079.0|6047.0|8097.0|8511.0|10061.0|12095.0|14047.0|15883.0|16638.0
 2014|F1236|45-49|W|FRA|4244|766|1930.0|3903.0|5826.0|7781.0|8221.0|9832.0|11849.0|13775.0|15764.0|16638.0
 2014|F544|35-39|W|FRA|4242|670|2078.0|4078.0|6045.0|8096.0|8511.0|10061.0|12092.0|14047.0|15883.0|16638.0
 2014|F6095|45-49|W|GER|4242|765|1922.0|3909.0|5825.0|7744.0|8147.0|9644.0|11890.0|13842.0|15795.0|16638.0
 2014|F7447|30-34|W|CZE|4241|673|1830.0|3749.0|5706.0|7616.0|8025.0|9543.0|11544.0|13519.0|15620.0|16637.0
 2014|F4002|40-44|W|DEN|4240|846|1909.0|3817.0|5717.0|7647.0|8057.0|9594.0|11551.0|13486.0|15686.0|16636.0
 2014|F7257|30-34|W|GER|4238|672|1631.0|3292.0|4957.0|6700.0|7093.0|8562.0|10673.0|13137.0|15595.0|16635.0
 2014|F1068|50-54|W|USA|4238|422|1896.0|3802.0|5675.0|7580.0|7994.0|9537.0|11545.0|13604.0|15724.0|16635.0
 2014|F2955|35-39|W|GER|4237|669|1873.0|3746.0|5627.0|7520.0|7936.0|9484.0|11498.0|13578.0|15701.0|16635.0
 2014|F7165|35-39|W|GER|4236|668|1872.0|3745.0|5627.0|7520.0|7935.0|9483.0|11497.0|13577.0|15700.0|16634.0
 2014|F4916|35-39|W|GER|4235|667|2022.0|4018.0|5946.0|7887.0|8304.0|9836.0|11796.0|13765.0|15731.0|16634.0
 2014|F3158|30-34|W|NED|4234|671|1815.0|3593.0|5395.0|7203.0|7606.0|9083.0|11006.0|13040.0|15588.0|16631.0
 2014|F8589|45-49|W|NED|4233|764|1940.0|3864.0|6017.0|7955.0|8381.0|9921.0|11921.0|13876.0|15805.0|16631.0
 2014|F8566|45-49|W|CAN|4232|763|1739.0|3524.0|5461.0|7312.0|7730.0|9308.0|11419.0|13573.0|15788.0|16631.0
 2014|F2067|35-39|W|SWE|4231|666|1691.0|3533.0|5395.0|7258.0|7678.0|9220.0|11336.0|13467.0|15690.0|16630.0
 2014|F8049|H|W|GER|4230|601|1739.0|3405.0|5030.0|6722.0|7088.0|8501.0|10617.0|13145.0|15619.0|16629.0
 2014|F4280|35-39|W|DEN|4229|665|1873.0|3787.0|5674.0|7559.0|7972.0|9483.0|11446.0|13505.0|15665.0|16626.0
 2014|F5976|30-34|W|USA|4228|670|1952.0|3993.0|6024.0|7990.0|8376.0|9855.0|11845.0|13885.0|15831.0|16623.0
 2014|F5038|45-49|W|NOR|4227|762|1694.0|3402.0|5403.0|7268.0|7692.0|9227.0|11247.0|13342.0|15617.0|16622.0
 2014|F889|40-44|W|GER|4226|845|1957.0|3919.0|5837.0|7768.0|8189.0|9712.0|11710.0|13696.0|15724.0|16620.0
 2014|F8808|H|W|GER|4225|600|1972.0|3877.0|5751.0|7654.0|8060.0|9562.0|11507.0|13571.0|15623.0|16619.0
 2014|F8447|30-34|W|CRC|4224|669|1871.0|3770.0|5685.0|7608.0|8019.0|9493.0|11410.0|13428.0|15641.0|16619.0
 2014|F3394|30-34|W|GER|4223|668|1978.0|3982.0|5952.0|7924.0|8377.0|9909.0|11887.0|13831.0|15785.0|16618.0
 2014|F6078|35-39|W|MEX|4222|664|1624.0|3271.0|5020.0|6870.0|7371.0|8972.0|10948.0|13200.0|15658.0|16617.0
 2014|F8124|35-39|W|NOR|4221|663|1704.0|3447.0|5328.0|7174.0|7611.0|9506.0|11715.0|13764.0|15792.0|16616.0
 2014|F5145|H|W|DEN|4220|599|1788.0|3566.0|5297.0|7071.0|7451.0|8954.0|10919.0|13201.0|15715.0|16616.0
 2014|F9600|40-44|W|RUS|4219|844|1918.0|3848.0|5761.0|7677.0|8096.0|9652.0|11638.0|13641.0|15707.0|16615.0
 2014|F3335|H|W|GER|4218|598|1937.0|3877.0|5922.0|7837.0|8244.0|9779.0|11737.0|13771.0|15790.0|16614.0
 2014|F3978|35-39|W|USA|4217|662|1850.0|3718.0|5533.0|7521.0|7933.0|9363.0|11649.0|13838.0|15718.0|16613.0
 2014|F846|40-44|W|GER|4216|843|1889.0|3837.0|5766.0|7693.0|8102.0|9650.0|11686.0|13737.0|15768.0|16613.0
 2014|F551|50-54|W|FRA|4215|421|1916.0|3815.0|5723.0|7654.0|8058.0|9578.0|11603.0|13652.0|15775.0|16611.0
 2014|F6898|30-34|W|GER|4214|667|1915.0|3858.0|5805.0|7684.0|8111.0|9651.0|11641.0|13682.0|15750.0|16609.0
 2014|F4167|50-54|W|GER|4213|420|1798.0|3595.0|5416.0|7320.0|7782.0|9350.0|11316.0|13386.0|15629.0|16608.0
 2014|F7485|45-49|W|SUI|4212|761|1800.0|3711.0|5559.0|7425.0|7833.0|9341.0|11398.0|13453.0|15610.0|16607.0
 2014|F9578|45-49|W|FRO|4211|760|1910.0|3814.0|5729.0|7668.0|8085.0|9643.0|11647.0|13679.0|15730.0|16606.0
 2014|F6616|45-49|W|USA|4210|759|1760.0|3554.0|5303.0|7185.0|7585.0|9084.0|11293.0|13430.0|15761.0|16606.0
 2014|F5637|40-44|W|GER|4209|842|1854.0|3586.0|5331.0|7112.0|7497.0|8973.0|11024.0|13321.0|15723.0|16606.0
 2014|F4590|45-49|W|FIN|4208|758|1934.0|3893.0|5811.0|7753.0|8174.0|9702.0|11711.0|13707.0|15733.0|16606.0
 2014|F1011|H|W|DEN|4207|597|1858.0|3951.0|6026.0|7881.0|8276.0|9736.0|11893.0|13819.0|15793.0|16604.0
 2014|F9117|35-39|W|CHN|4206|661|1908.0|3794.0|5725.0|7616.0|8020.0|9572.0|11558.0|13512.0|15673.0|16603.0
 2014|F6581|50-54|W|GER|4205|419|1701.0|3408.0|5106.0|6893.0|7290.0|8817.0|10880.0|13120.0|15597.0|16602.0
 2014|F8068|40-44|W|BRA|4204|841|1828.0|3655.0|5486.0|7395.0|7826.0|9419.0|11472.0|13566.0|15686.0|16600.0
 2014|F838|45-49|W|GER|4203|757|1832.0|3536.0|5249.0|7022.0|7420.0|8853.0|10736.0|12937.0|15479.0|16599.0
 2014|F3709|30-34|W|DEN|4202|666|1889.0|4025.0|5957.0|7857.0|8250.0|9774.0|11741.0|13730.0|15726.0|16597.0
 2014|F1278|30-34|W|MEX|4201|665|1621.0|3287.0|4955.0|6672.0|7046.0|8561.0|10750.0|13107.0|15479.0|16595.0
 2014|F4820|30-34|W|CZE|4200|664|1880.0|3785.0|5683.0|7572.0|7983.0|9513.0|11537.0|13552.0|15689.0|16595.0
 2014|F7331|50-54|W|BRA|4199|418|1823.0|3681.0|5553.0|7460.0|7873.0|9393.0|11428.0|13514.0|15648.0|16595.0
 2014|F5492|30-34|W|GER|4198|663|2035.0|4052.0|6024.0|7955.0|8369.0|9895.0|11848.0|13788.0|15729.0|16593.0
 2014|F6749|30-34|W|ESP|4197|662|1809.0|3578.0|5340.0|7147.0|7538.0|9115.0|11297.0|13490.0|15746.0|16592.0
 2014|F3678|45-49|W|GER|4196|756|1837.0|3766.0|5651.0|7543.0|7940.0|9448.0|11376.0|13400.0|15677.0|16592.0
 2014|F3138|30-34|W|IRL|4195|661|1832.0|3771.0|5594.0|7439.0|7838.0|9406.0|11365.0|13496.0|15694.0|16590.0
 2014|F9440|H|W|DEN|4194|596|1898.0|3812.0|5753.0|7712.0|8151.0|9698.0|11726.0|13735.0|15731.0|16589.0
 2014|F5862|35-39|W|POL|4193|660|1807.0|3608.0|5425.0|7308.0|7718.0|9339.0|11512.0|13521.0|15675.0|16587.0
 2014|F3499|50-54|W|GER|4192|417|1860.0|3740.0|5683.0|7531.0|7925.0|9598.0|11702.0|13660.0|15712.0|16586.0
 2014|F1217|50-54|W|DEN|4191|416|1930.0|3992.0|5930.0|7840.0|8248.0|9882.0|11849.0|13763.0|15716.0|16584.0
 2014|F1013|45-49|W|GER|4190|755|1968.0|3891.0|5806.0|7719.0|8127.0|9702.0|11766.0|13686.0|15688.0|16583.0
 2014|F4867|40-44|W|GER|4189|840|1968.0|3891.0|5806.0|7719.0|8127.0|9700.0|11765.0|13686.0|15688.0|16583.0
 2014|F8509|45-49|W|GER|4188|754|1906.0|3798.0|5717.0|7616.0|8021.0|9565.0|11579.0|13568.0|15716.0|16581.0
 2014|F2538|H|W|DEN|4187|595|1790.0|3583.0|5347.0|7129.0|7521.0|9061.0|11020.0|13630.0|15680.0|16580.0
 2014|F6322|40-44|W|DEN|4186|839|1862.0|3725.0|5587.0|7439.0|7854.0|9377.0|11338.0|13392.0|15591.0|16579.0
 2014|F2007|45-49|W|GER|4185|753|1810.0|3659.0|5520.0|7380.0|7798.0|9359.0|11415.0|13475.0|15645.0|16579.0
 2014|F773|30-34|W|NOR|4184|660|1910.0|3798.0|5727.0|7617.0|8021.0|9532.0|11558.0|13516.0|15621.0|16577.0
 2014|F1296|40-44|W|GER|4183|838|1777.0|3666.0|5476.0|7350.0|7747.0|9255.0|11239.0|13493.0|15707.0|16576.0
 2014|F5784|40-44|W|USA|4182|837|1841.0|3742.0|5606.0|7505.0|8016.0|9576.0|11595.0|13625.0|15684.0|16576.0
 2014|F2965|35-39|W|GER|4181|659|1913.0|3823.0|5751.0|7674.0|8100.0|9630.0|11649.0|13671.0|15700.0|16575.0
 2014|F5796|60-64|W|USA|4180|63|1787.0|3590.0|5439.0|7312.0|7722.0|9251.0|11361.0|13569.0|15668.0|16575.0
 2014|F7023|H|W|GBR|4179|594|1760.0|3524.0|5304.0|7198.0|7619.0|9203.0|11397.0|13482.0|15697.0|16575.0
 2014|F6822|40-44|W|GER|4178|836|1823.0|3601.0|5381.0|7246.0|7654.0|9168.0|11228.0|13350.0|15605.0|16575.0
 2014|F6664|35-39|W|GER|4177|658|1881.0|3834.0|5782.0|7733.0|8147.0|9689.0|11693.0|13652.0|15752.0|16573.0
 2014|F6175|H|W|USA|4176|593|2031.0|4001.0|5915.0|7847.0|8277.0|9854.0|11911.0|13916.0|15821.0|16573.0
 2014|F4958|H|W|GER|4175|592|1993.0|3888.0|5933.0|7802.0|8213.0|9701.0|11697.0|13733.0|15726.0|16572.0
 2014|F6642|50-54|W|SWE|4174|415|1697.0|3423.0|5129.0|6941.0|7344.0|8897.0|10996.0|13202.0|15642.0|16572.0
 2014|F1531|30-34|W|ITA|4172|659|2049.0|4045.0|6002.0|7952.0|8384.0|9928.0|11894.0|13838.0|15747.0|16568.0
 2014|F2505|45-49|W|GER|4172|752|1899.0|3826.0|5774.0|7731.0|8154.0|9735.0|11756.0|13732.0|15721.0|16568.0
 2014|F9574|35-39|W|GER|4171|657|1892.0|3774.0|5704.0|7626.0|8049.0|9600.0|11531.0|13468.0|15669.0|16568.0
 2014|F4362|40-44|W|FIN|4170|835|1950.0|3938.0|5922.0|7981.0|8410.0|9947.0|11932.0|13868.0|15787.0|16568.0
 2014|F3884|30-34|W|AUT|4169|658|1713.0|3479.0|5264.0|7086.0|7497.0|9013.0|11063.0|13219.0|15533.0|16568.0
 2014|F8304|45-49|W|SLO|4168|751|1940.0|3874.0|5788.0|7716.0|8131.0|9666.0|11664.0|13664.0|15692.0|16563.0
 2014|F2823|40-44|W|IRL|4167|834|1975.0|3982.0|5960.0|7957.0|8390.0|9935.0|11941.0|13830.0|15754.0|16563.0
 2014|F6596|45-49|W|GER|4166|750|1800.0|3609.0|5455.0|7342.0|7782.0|9369.0|11432.0|13435.0|15609.0|16561.0
 2014|F1175|30-34|W|POL|4165|657|2059.0|4101.0|6110.0|8119.0|8560.0|10151.0|12133.0|13983.0|15821.0|16559.0
 2014|F7578|55-59|W|ITA|4164|175|1874.0|3771.0|5702.0|7628.0|8047.0|9626.0|11636.0|13640.0|15723.0|16559.0
 2014|F3934|40-44|W|DEN|4163|833|1855.0|3702.0|5512.0|7507.0|8017.0|9526.0|11530.0|13522.0|15670.0|16558.0
 2014|F5104|35-39|W|NED|4162|656|1960.0|3883.0|5794.0|7736.0|8155.0|9670.0|11624.0|13587.0|15695.0|16558.0
 2014|F2312|H|W|GER|4161|591|1810.0|3645.0|5523.0|7418.0|7830.0|9337.0|11336.0|13524.0|15610.0|16557.0
 2014|F7320|45-49|W|FRA|4160|749|1937.0|3775.0|5634.0|7531.0|7945.0|9475.0|11476.0|13493.0|15599.0|16556.0
 2014|F6969|55-59|W|GER|4159|174|1863.0|3713.0|5607.0|7530.0|7944.0|9544.0|11647.0|13640.0|15688.0|16556.0
 2014|F1460|60-64|W|FRA|4158|62|1939.0|3799.0|5666.0|7534.0|7944.0|9474.0|11472.0|13494.0|15599.0|16555.0
 2014|F8622|45-49|W|GER|4157|748|1930.0|3825.0|5742.0|7649.0|8062.0|9594.0|11609.0|13611.0|15673.0|16554.0
 2014|F814|35-39|W|MEX|4156|655|1740.0|3553.0|5345.0|7173.0|7599.0|9170.0|11261.0|13405.0|15605.0|16553.0
 2014|F8989|30-34|W|FRA|4155|656|1844.0|3766.0|5665.0|7587.0|8004.0|9593.0|11652.0|13646.0|15709.0|16552.0
 2014|F7790|45-49|W|GER|4154|747|1885.0|3783.0|5681.0|7571.0|7987.0|9523.0|11507.0|13495.0|15614.0|16552.0
 2014|F6966|30-34|W|BRA|4153|655|1838.0|3696.0|5564.0|7504.0|7914.0|9521.0|11573.0|13592.0|15695.0|16551.0
 2014|F2458|30-34|W|SUI|4152|654|1911.0|3815.0|5736.0|7651.0|8066.0|9600.0|11567.0|13515.0|15618.0|16551.0
 2014|F5319|35-39|W|GER|4151|654|1796.0|3561.0|5361.0|7162.0|7600.0|9172.0|11305.0|13398.0|15679.0|16550.0
 2014|F7798|55-59|W|AUT|4150|173|1667.0|3380.0|5119.0|6877.0|7357.0|8920.0|10992.0|13237.0|15568.0|16548.0
 2014|F8344|40-44|W|GER|4149|832|1927.0|3918.0|5846.0|7781.0|8195.0|9744.0|11762.0|13766.0|15723.0|16547.0
 2014|F2901|30-34|W|DEN|4148|653|1913.0|3821.0|5684.0|7564.0|7967.0|9455.0|11429.0|13474.0|15615.0|16547.0
 2014|F6989|30-34|W|DEN|4147|652|1913.0|3820.0|5683.0|7564.0|7966.0|9455.0|11429.0|13472.0|15615.0|16547.0
 2014|F2394|35-39|W|FRA|4146|653|1806.0|3624.0|5532.0|7322.0|7718.0|9512.0|11419.0|13478.0|15598.0|16547.0
 2014|F2440|H|W|GER|4145|590|1554.0|3255.0|5057.0|6975.0|7398.0|9114.0|11356.0|13498.0|15613.0|16546.0
 2014|F1264|40-44|W|SWE|4144|831|1767.0|3504.0|5409.0|7246.0|7636.0|9143.0|11126.0|13285.0|15661.0|16545.0
 2014|F3363|50-54|W|FRA|4143|414|1816.0|3651.0|5502.0|7368.0|7783.0|9312.0|11333.0|13325.0|15514.0|16545.0
 2014|F6836|40-44|W|ITA|4142|830|1659.0|3292.0|4923.0|6674.0|7041.0|8430.0|10678.0|12951.0|15510.0|16544.0
 2014|F2421|45-49|W|GER|4141|746|1865.0|3762.0|5652.0|7584.0|7998.0|9553.0|11569.0|13657.0|15687.0|16542.0
 2014|F4942|40-44|W|GER|4140|829|1764.0|3581.0|5446.0|7225.0|7622.0|9089.0|11068.0|13437.0|15640.0|16542.0
 2014|F4601|35-39|W|JPN|4139|652|1820.0|3556.0|5282.0|7053.0|7431.0|8904.0|10963.0|13436.0|15610.0|16540.0
 2014|F4091|45-49|W|FIN|4138|745|1956.0|3969.0|5948.0|7910.0|8341.0|10057.0|11999.0|13918.0|15790.0|16540.0
 2014|F3252|H|W|ITA|4137|589|1977.0|3958.0|5921.0|7885.0|8317.0|9875.0|11862.0|13794.0|15713.0|16539.0
 2014|F7645|40-44|W|NED|4136|828|1884.0|3780.0|5681.0|7611.0|8032.0|9602.0|11621.0|13615.0|15676.0|16537.0
 2014|F8972|45-49|W|GER|4135|744|1790.0|3573.0|5395.0|7147.0|7600.0|9056.0|10973.0|13212.0|15516.0|16537.0
 2014|F5834|H|W|GBR|4134|588|1835.0|3626.0|5483.0|7333.0|7927.0|9403.0|11436.0|13588.0|15635.0|16537.0
 2014|F8413|50-54|W|GER|4133|413|1928.0|3817.0|5738.0|7629.0|8039.0|9575.0|11576.0|13531.0|15596.0|16533.0
 2014|F7121|55-59|W|DEN|4132|172|1787.0|3596.0|5548.0|7358.0|7764.0|9248.0|11307.0|13371.0|15588.0|16532.0
 2014|F6522|50-54|W|SWE|4131|412|1982.0|3960.0|5989.0|8029.0|8466.0|10036.0|12024.0|13900.0|15737.0|16532.0
 2014|F4335|50-54|W|DEN|4130|411|1811.0|3733.0|5581.0|7464.0|7863.0|9366.0|11338.0|13347.0|15567.0|16530.0
 2014|F1136|40-44|W|GER|4129|827|1970.0|3933.0|5869.0|7832.0|8255.0|9814.0|11806.0|13748.0|15689.0|16530.0
 2014|F5460|35-39|W|GER|4128|651|1970.0|3933.0|5869.0|7832.0|8255.0|9814.0|11806.0|13747.0|15689.0|16530.0
 2014|F5800|40-44|W|NIR|4127|826|1826.0|3646.0|5471.0|7342.0|7751.0|9291.0|11299.0|13367.0|15599.0|16529.0
 2014|F2845|45-49|W|FRA|4126|743|1880.0|3789.0|5725.0|7663.0|8072.0|9601.0|11563.0|13579.0|15671.0|16529.0
 2014|F3444|30-34|W|JPN|4125|651|1979.0|3924.0|5889.0|7839.0|8253.0|9800.0|11817.0|13812.0|15740.0|16528.0
 2014|F1696|45-49|W|GBR|4124|742|1841.0|3626.0|5453.0|7403.0|7826.0|9470.0|11556.0|13644.0|15652.0|16526.0
 2014|F2568|55-59|W|GER|4123|171|1830.0|3737.0|5658.0|7643.0|8054.0|9603.0|11645.0|13646.0|15658.0|16526.0
 2014|F670|40-44|W|SWE|4122|825|1758.0|3519.0|5270.0|7094.0|7491.0|8983.0|11028.0|13212.0|15537.0|16526.0
 2014|F2528|H|W|DEN|4121|587|1794.0|3586.0|5417.0|7293.0|7695.0|9241.0|11310.0|13436.0|15622.0|16526.0
 2014|F9001|40-44|W|FRA|4120|824|1876.0|3733.0|5587.0|7469.0|7873.0|9372.0|11323.0|13396.0|15672.0|16525.0
 2014|F1734|45-49|W|MEX|4119|741|1688.0|3405.0|5163.0|7021.0|7556.0|9160.0|11232.0|13351.0|15565.0|16524.0
 2014|F6146|45-49|W|GER|4118|740|1926.0|3864.0|5818.0|7801.0|8227.0|9795.0|11788.0|13750.0|15726.0|16524.0
 2014|F7263|50-54|W|GER|4117|410|1739.0|3502.0|5323.0|7220.0|7632.0|9188.0|11307.0|13394.0|15588.0|16524.0
 2014|F7805|H|W|GER|4116|586|1778.0|3595.0|5453.0|7232.0|7620.0|9058.0|11007.0|13220.0|15591.0|16521.0
 2014|F1373|50-54|W|NED|4115|409|1960.0|3929.0|5923.0|7903.0|8325.0|9876.0|11834.0|13762.0|15679.0|16521.0
 2014|F4457|30-34|W|NEP|4114|650|1685.0|3397.0|5127.0|7022.0|7427.0|9064.0|11499.0|13741.0|15692.0|16516.0
 2014|F7384|35-39|W|GER|4113|650|1808.0|3636.0|5474.0|7317.0|7717.0|9234.0|11235.0|13291.0|15575.0|16516.0
 2014|F4662|55-59|W|NED|4112|170|1887.0|3784.0|5613.0|7409.0|7805.0|9302.0|11269.0|13389.0|15577.0|16514.0
 2014|F5230|45-49|W|GER|4111|739|1804.0|3614.0|5418.0|7267.0|7668.0|9211.0|11251.0|13366.0|15556.0|16514.0
 2014|F6665|30-34|W|ESP|4110|649|1789.0|3578.0|5361.0|7179.0|7572.0|9062.0|11111.0|13268.0|15519.0|16514.0
 2014|F7461|55-59|W|USA|4109|169|1668.0|3336.0|5018.0|6803.0|7422.0|8943.0|11007.0|13255.0|15563.0|16513.0
 2014|F984|40-44|W|GER|4108|823|1851.0|3680.0|5599.0|7614.0|8008.0|9589.0|11790.0|13697.0|15703.0|16513.0
 2014|F2719|40-44|W|GER|4107|822|1851.0|3680.0|5599.0|7614.0|8008.0|9585.0|11790.0|13696.0|15702.0|16512.0
 2014|F6656|30-34|W|GBR|4106|648|1940.0|3817.0|5722.0|7693.0|8111.0|9661.0|11649.0|13642.0|15651.0|16509.0
 2014|F8331|H|W|GER|4105|585|1794.0|3715.0|5654.0|7618.0|8041.0|9620.0|11641.0|13687.0|15678.0|16505.0
 2014|F5331|H|W|GER|4104|584|1817.0|3593.0|5367.0|7227.0|7643.0|9263.0|11471.0|13591.0|15672.0|16504.0
 2014|F539|35-39|W|GER|4103|649|1735.0|3520.0|5294.0|7132.0|7531.0|9042.0|11025.0|13122.0|15555.0|16503.0
 2014|F7398|35-39|W|GBR|4102|648|1814.0|3632.0|5454.0|7307.0|7707.0|9275.0|11547.0|13469.0|15610.0|16501.0
 2014|F7082|40-44|W|GER|4101|821|1919.0|3857.0|5846.0|7763.0|8185.0|9759.0|11854.0|13844.0|15745.0|16495.0
 2014|F601|H|W|GBR|4100|583|1820.0|3676.0|5560.0|7412.0|7847.0|9492.0|11643.0|13652.0|15641.0|16494.0
 2014|F1413|50-54|W|USA|4099|408|1900.0|3810.0|5750.0|7694.0|8105.0|9713.0|11743.0|13697.0|15658.0|16493.0
 2014|F4189|30-34|W|GER|4098|647|1926.0|3819.0|5720.0|7634.0|8026.0|9481.0|11342.0|13438.0|15606.0|16493.0
 2014|F6766|H|W|GER|4097|582|1978.0|3990.0|5927.0|7839.0|8269.0|9788.0|11740.0|13715.0|15678.0|16492.0
 2014|F4579|45-49|W|GER|4096|738|1881.0|3766.0|5702.0|7649.0|8074.0|9643.0|11616.0|13586.0|15614.0|16491.0
 2014|F9127|30-34|W|GBR|4095|646|1780.0|NaN|NaN|NaN|NaN|NaN|NaN|NaN|15432.0|16491.0
 2014|F933|35-39|W|POL|4094|647|1960.0|3954.0|5902.0|7808.0|8224.0|9763.0|11752.0|13664.0|15631.0|16490.0
 2014|F4511|50-54|W|THA|4093|407|1863.0|3711.0|5577.0|7481.0|7898.0|9455.0|11490.0|13497.0|15579.0|16489.0
 2014|F8066|55-59|W|NED|4091|168|1820.0|3634.0|5471.0|7389.0|7797.0|9374.0|11373.0|13470.0|15592.0|16489.0
 2014|F4656|H|W|GER|4091|581|1894.0|3845.0|5776.0|7654.0|8073.0|9604.0|11621.0|13595.0|15554.0|16489.0
 2014|F4510|H|W|THA|4090|580|1862.0|3712.0|5580.0|7527.0|7927.0|9456.0|11485.0|13497.0|15578.0|16488.0
 2014|F7792|30-34|W|GER|4089|645|1894.0|3844.0|5775.0|7654.0|8072.0|9604.0|11619.0|13595.0|15555.0|16488.0
 2014|F1849|45-49|W|DEN|4087|737|1912.0|3824.0|5707.0|7623.0|8043.0|9641.0|11610.0|13557.0|15620.0|16486.0
 2014|F2146|H|W|BEL|4087|579|1959.0|3894.0|5824.0|7770.0|8201.0|9806.0|11796.0|13760.0|15681.0|16486.0
 2014|F1387|55-59|W|FRA|4086|167|1750.0|3500.0|5278.0|7131.0|7529.0|9020.0|11054.0|13249.0|15563.0|16486.0
 2014|F4183|35-39|W|GER|4085|646|1936.0|3811.0|5698.0|7624.0|8050.0|9598.0|11568.0|13573.0|15619.0|16485.0
 2014|F4568|H|W|DEN|4084|578|1828.0|3641.0|5487.0|7319.0|7712.0|9310.0|11322.0|13424.0|15550.0|16485.0
 2014|F1424|40-44|W|DEN|4083|820|1868.0|3756.0|5617.0|7932.0|8336.0|9892.0|11863.0|13785.0|15687.0|16484.0
 2014|F4507|30-34|W|IRL|4082|644|1719.0|3493.0|5274.0|7114.0|7543.0|9093.0|11129.0|13220.0|15512.0|16483.0
 2014|F557|30-34|W|GER|4081|643|1786.0|3599.0|5427.0|7229.0|8280.0|9718.0|11734.0|13659.0|15667.0|16482.0
 2014|F8273|30-34|W|GBR|4080|642|1869.0|3886.0|5809.0|7763.0|8185.0|9698.0|11700.0|13660.0|15650.0|16482.0
 2014|F2274|35-39|W|GER|4079|645|1874.0|3774.0|5618.0|7507.0|7923.0|9460.0|11550.0|13553.0|15604.0|16481.0
 2014|F9606|45-49|W|SUI|4078|736|1986.0|3965.0|5905.0|7807.0|8222.0|9763.0|11728.0|13658.0|15629.0|16479.0
 2014|F3616|45-49|W|SUI|4077|735|1986.0|3965.0|5905.0|7806.0|8222.0|9763.0|11727.0|13657.0|15629.0|16479.0
 2014|F948|H|W|GER|4075|577|2019.0|3960.0|5838.0|7730.0|8142.0|9659.0|11608.0|13594.0|15634.0|16478.0
 2014|F7424|45-49|W|GER|4075|734|1879.0|3792.0|5621.0|7449.0|7846.0|9295.0|11338.0|13518.0|15611.0|16478.0
 2014|F7686|35-39|W|NED|4074|644|1931.0|3845.0|5781.0|7665.0|8093.0|9653.0|11635.0|13604.0|15531.0|16475.0
 2014|F3852|H|W|VIE|4073|576|1805.0|3573.0|5335.0|7138.0|7531.0|9045.0|11132.0|13328.0|15522.0|16472.0
 2014|F7425|35-39|W|AUS|4072|643|1911.0|3821.0|5727.0|7649.0|8067.0|9604.0|11571.0|13584.0|15610.0|16471.0
 2014|F4007|50-54|W|AUS|4071|406|1770.0|3765.0|5582.0|7497.0|8025.0|9567.0|11665.0|13587.0|15543.0|16466.0
 2014|F4092|60-64|W|BRA|4070|61|1922.0|3852.0|5775.0|7705.0|8131.0|9668.0|11649.0|13626.0|15628.0|16466.0
 2014|F7670|50-54|W|GER|4069|405|1940.0|3902.0|5851.0|7792.0|8207.0|9722.0|11671.0|13550.0|15560.0|16465.0
 2014|F1254|45-49|W|GER|4068|733|1804.0|3597.0|5432.0|7290.0|7694.0|9237.0|11314.0|13569.0|15623.0|16465.0
 2014|F1580|40-44|W|DEN|4067|819|1941.0|3936.0|5848.0|7777.0|8189.0|9703.0|11701.0|13670.0|15634.0|16463.0
 2014|F8749|35-39|W|GBR|4066|642|1847.0|3726.0|5583.0|7472.0|7885.0|9419.0|11501.0|13519.0|15591.0|16460.0
 2014|F7941|50-54|W|GER|4065|404|1898.0|3814.0|5724.0|7645.0|8060.0|9579.0|11576.0|13549.0|15563.0|16459.0
 2014|F3509|40-44|W|GER|4063|818|2080.0|4051.0|5934.0|7769.0|8154.0|9566.0|11492.0|13430.0|15511.0|16458.0
 2014|F1017|35-39|W|GER|4063|641|1978.0|4003.0|6059.0|7947.0|8350.0|9855.0|11811.0|13728.0|15636.0|16458.0
 2014|F3796|45-49|W|GER|4062|732|1902.0|3768.0|5676.0|7557.0|7967.0|9516.0|11522.0|13585.0|15566.0|16456.0
 2014|F5156|50-54|W|GER|4061|403|1768.0|3574.0|5444.0|7361.0|7784.0|9430.0|11515.0|13559.0|15570.0|16455.0
 2014|F2137|30-34|W|IRL|4060|641|1799.0|3652.0|5543.0|7445.0|7861.0|9388.0|11347.0|13366.0|15547.0|16454.0
 2014|F3519|35-39|W|DEN|4059|640|1887.0|3739.0|5568.0|7495.0|7908.0|9451.0|11542.0|13578.0|15632.0|16454.0
 2014|F4313|45-49|W|USA|4058|731|1949.0|3945.0|5923.0|7819.0|8228.0|9756.0|11733.0|13642.0|15619.0|16452.0
 2014|F8424|45-49|W|AUT|4057|730|1895.0|3740.0|5635.0|7505.0|7924.0|9473.0|11525.0|13505.0|15574.0|16452.0
 2014|F3544|40-44|W|SWE|4056|817|1979.0|4037.0|6039.0|7985.0|8394.0|9928.0|11843.0|13712.0|15626.0|16451.0
 2014|F1364|H|W|ARG|4055|575|1783.0|3610.0|5413.0|7318.0|7736.0|9288.0|11312.0|13457.0|15580.0|16451.0
 2014|F2596|45-49|W|DEN|4054|729|1887.0|3792.0|5717.0|7617.0|8039.0|9597.0|11539.0|13509.0|15551.0|16450.0
 2014|F7443|35-39|W|RSA|4053|639|1654.0|3460.0|5285.0|7002.0|7390.0|8995.0|11154.0|13303.0|15472.0|16448.0
 2014|F2170|50-54|W|GER|4052|402|1789.0|3561.0|5321.0|7090.0|7475.0|9000.0|10943.0|13078.0|15439.0|16445.0
 2014|F684|45-49|W|DEN|4051|728|1863.0|3742.0|5685.0|7602.0|8021.0|9571.0|11610.0|13571.0|15558.0|16445.0
 2014|F8886|60-64|W|BRA|4050|60|1768.0|3604.0|5438.0|7244.0|7644.0|9117.0|11065.0|13144.0|15437.0|16435.0
 2014|F5278|45-49|W|USA|4049|727|1893.0|3777.0|5661.0|7592.0|8012.0|9618.0|11646.0|13636.0|15599.0|16435.0
 2014|F5999|30-34|W|HKG|4048|640|1858.0|3647.0|5406.0|7202.0|7593.0|9070.0|11107.0|13347.0|15502.0|16435.0
 2014|F6196|60-64|W|NZL|4047|59|1730.0|3497.0|5269.0|7137.0|7545.0|9165.0|11292.0|13439.0|15517.0|16433.0
 2014|F9371|50-54|W|USA|4046|401|1882.0|3814.0|5775.0|7732.0|8150.0|9703.0|11692.0|13623.0|15565.0|16431.0
 2014|F882|45-49|W|NED|4045|726|1775.0|3591.0|5476.0|7365.0|7785.0|9336.0|11423.0|13472.0|15540.0|16431.0
 2014|F4202|45-49|W|FRA|4044|725|1858.0|3769.0|5689.0|7614.0|8032.0|9571.0|11532.0|13556.0|15581.0|16429.0
 2014|F127|55-59|W|GER|4043|166|1775.0|3608.0|5456.0|7326.0|7746.0|9266.0|11279.0|13341.0|15514.0|16428.0
 2014|F4609|30-34|W|GBR|4042|639|1665.0|3388.0|5183.0|7011.0|7423.0|8966.0|11066.0|13221.0|15493.0|16428.0
 2014|F6130|35-39|W|ISR|4041|638|1941.0|3887.0|5833.0|7784.0|8209.0|9759.0|11707.0|13635.0|15598.0|16427.0
 2014|F4637|40-44|W|FIN|4040|816|1919.0|3875.0|5845.0|7793.0|8208.0|9745.0|11717.0|13651.0|15619.0|16425.0
 2014|F9216|55-59|W|GER|4039|165|1769.0|3546.0|5339.0|7146.0|7553.0|9084.0|11144.0|13241.0|15505.0|16423.0
 2014|F5190|35-39|W|GBR|4038|637|1756.0|3526.0|5310.0|7170.0|7591.0|9158.0|11227.0|13341.0|15529.0|16423.0
 2014|F3696|40-44|W|FIN|4037|815|1834.0|3716.0|5573.0|7535.0|7941.0|9452.0|11440.0|13421.0|15514.0|16421.0
 2014|F5823|30-34|W|IRL|4036|638|1751.0|3510.0|5221.0|7024.0|7399.0|8881.0|10928.0|12950.0|15449.0|16421.0
 2014|F5511|35-39|W|GER|4035|636|1750.0|3503.0|5324.0|7160.0|7565.0|9096.0|11250.0|13381.0|15494.0|16421.0
 2014|F9342|35-39|W|GBR|4034|635|1737.0|3473.0|5321.0|7141.0|7570.0|9102.0|11208.0|13506.0|15653.0|16420.0
 2014|F1449|35-39|W|GER|4033|634|1829.0|3690.0|5568.0|7448.0|7848.0|9305.0|11212.0|13267.0|15525.0|16414.0
 2014|F2515|H|W|SWE|4032|574|1748.0|3645.0|5412.0|7184.0|7580.0|9064.0|11154.0|13219.0|15441.0|16414.0
 2014|F7697|40-44|W|NED|4031|814|1655.0|3401.0|5143.0|6911.0|7320.0|8821.0|10929.0|13065.0|15381.0|16411.0
 2014|F7323|45-49|W|GBR|4030|724|1904.0|3784.0|5712.0|7609.0|8014.0|9564.0|11545.0|13512.0|15539.0|16411.0
 2014|F8651|50-54|W|SWE|4029|400|1844.0|3675.0|5576.0|7539.0|7962.0|9519.0|11581.0|13581.0|15573.0|16410.0
 2014|F1275|45-49|W|SUI|4028|723|1999.0|4047.0|6038.0|8019.0|8441.0|10017.0|11917.0|13732.0|15578.0|16407.0
 2014|F6475|40-44|W|GER|4027|813|1968.0|3941.0|5848.0|7750.0|8165.0|9736.0|11686.0|13675.0|15580.0|16406.0
 2014|F970|50-54|W|GER|4026|399|1950.0|3931.0|5870.0|7854.0|8279.0|9787.0|11921.0|13800.0|15636.0|16406.0
 2014|F1763|30-34|W|GER|4025|637|1853.0|3689.0|5553.0|7454.0|7863.0|9353.0|11377.0|13476.0|15533.0|16405.0
 2014|F2535|40-44|W|GBR|4024|812|1818.0|3671.0|5511.0|7533.0|7937.0|9499.0|11549.0|13487.0|15501.0|16402.0
 2014|F6374|40-44|W|BEL|4023|811|1767.0|3541.0|5308.0|7106.0|7498.0|8964.0|10990.0|13122.0|15399.0|16401.0
 2014|F5203|40-44|W|GER|4022|810|1597.0|3193.0|4924.0|6895.0|7289.0|8918.0|10897.0|13249.0|15432.0|16401.0
 2014|F2671|H|W|GER|4020|573|1834.0|3679.0|5536.0|7380.0|7795.0|9375.0|11396.0|13362.0|15473.0|16400.0
 2014|F5242|45-49|W|GER|4020|722|1655.0|3318.0|5024.0|6807.0|7214.0|8764.0|10808.0|13012.0|15347.0|16400.0
 2014|F6405|45-49|W|SUI|4019|721|1797.0|3606.0|5483.0|7360.0|7779.0|9392.0|11383.0|13441.0|15525.0|16400.0
 2014|F4556|50-54|W|GER|4018|398|2020.0|3833.0|5590.0|7352.0|7747.0|9201.0|11137.0|13245.0|15402.0|16399.0
 2014|F3525|45-49|W|DEN|4017|720|1893.0|3776.0|5693.0|7620.0|8027.0|9550.0|11511.0|13511.0|15543.0|16397.0
 2014|F8510|40-44|W|GER|4016|809|1798.0|3619.0|5569.0|7435.0|7843.0|9355.0|11373.0|13544.0|15525.0|16395.0
 2014|F7851|40-44|W|GER|4015|808|2007.0|4013.0|5948.0|7822.0|8235.0|9804.0|11762.0|13679.0|15586.0|16394.0
 2014|F7081|45-49|W|GBR|4014|719|1942.0|3872.0|5717.0|7547.0|7945.0|9432.0|11314.0|13341.0|15449.0|16393.0
 2014|F9100|H|W|SWE|4013|572|1899.0|3755.0|5603.0|7462.0|7868.0|9334.0|11322.0|13375.0|15507.0|16392.0
 2014|F6507|35-39|W|GBR|4012|633|1822.0|3697.0|5575.0|7514.0|8003.0|9572.0|11552.0|13518.0|15514.0|16390.0
 2014|F6595|35-39|W|DEN|4011|632|1843.0|3711.0|5561.0|7417.0|7818.0|9301.0|11252.0|13355.0|15564.0|16388.0
 2014|F3399|35-39|W|GER|4010|631|2006.0|3965.0|5906.0|7884.0|8314.0|9841.0|11805.0|13732.0|15598.0|16385.0
 2014|F6775|30-34|W|GER|4009|636|1697.0|3444.0|5229.0|7052.0|7445.0|8923.0|11012.0|13353.0|15535.0|16385.0
 2014|F5438|50-54|W|GBR|4008|397|1862.0|3683.0|5616.0|7514.0|7956.0|9545.0|11565.0|13597.0|15577.0|16384.0
 2014|F6008|50-54|W|SUI|4007|396|1918.0|3862.0|5794.0|7723.0|8140.0|9676.0|11649.0|13572.0|15538.0|16383.0
 2014|F1965|50-54|W|NED|4006|395|1912.0|3819.0|5722.0|7683.0|8098.0|9618.0|11599.0|13563.0|15544.0|16383.0
 2014|F7852|50-54|W|GER|4005|394|1747.0|3507.0|5319.0|7181.0|7591.0|9174.0|11175.0|13241.0|15468.0|16381.0
 2014|F4050|H|W|GER|4004|571|1950.0|3889.0|5828.0|7749.0|8170.0|9731.0|11736.0|13669.0|15584.0|16381.0
 2014|F3422|40-44|W|SWE|4003|807|1986.0|3988.0|6158.0|8075.0|8486.0|10004.0|12781.0|NaN|NaN|16380.0
 2014|F2695|45-49|W|FRA|4002|718|1917.0|3879.0|5794.0|7717.0|8141.0|9706.0|11653.0|13563.0|15524.0|16378.0
 2014|F3653|40-44|W|FIN|4001|806|1986.0|3989.0|5932.0|7885.0|8311.0|9807.0|11728.0|13642.0|15557.0|16375.0
 2014|F4461|50-54|W|DEN|4000|393|1901.0|3802.0|5757.0|7673.0|8084.0|9638.0|11594.0|13543.0|15498.0|16374.0
 2014|F6302|45-49|W|GER|3999|717|1867.0|3755.0|5627.0|7512.0|7936.0|9433.0|11393.0|13440.0|15462.0|16374.0
 2014|F9625|40-44|W|NED|3998|805|1903.0|3893.0|5781.0|7638.0|8058.0|9590.0|11532.0|13450.0|15520.0|16372.0
 2014|F5244|45-49|W|GER|3997|716|1733.0|3492.0|5240.0|7052.0|7454.0|8951.0|11245.0|13249.0|15463.0|16372.0
 2014|F9367|35-39|W|GBR|3996|630|1658.0|3340.0|5048.0|6811.0|7214.0|9035.0|11201.0|13398.0|15518.0|16372.0
 2014|F7434|35-39|W|GER|3995|629|1798.0|3546.0|5362.0|7245.0|7668.0|9231.0|11289.0|13379.0|15483.0|16371.0
 2014|F4156|H|W|GBR|3994|570|1828.0|3696.0|5555.0|7429.0|7825.0|9326.0|11262.0|13262.0|15471.0|16370.0
 2014|F6487|35-39|W|ISL|3993|628|1742.0|3496.0|5267.0|7064.0|7467.0|8952.0|10937.0|13083.0|15375.0|16367.0
 2014|F9221|35-39|W|GER|3992|627|1999.0|3968.0|5868.0|7856.0|8280.0|9807.0|11736.0|13605.0|15547.0|16367.0
 2014|F3052|30-34|W|RSA|3991|635|1905.0|3817.0|5754.0|7712.0|8125.0|9666.0|11568.0|13512.0|15527.0|16367.0
 2014|F751|30-34|W|GER|3990|634|1805.0|3524.0|5271.0|7086.0|7486.0|9020.0|11065.0|13322.0|15445.0|16366.0
 2014|F6424|45-49|W|SWE|3989|715|1770.0|3560.0|5340.0|7138.0|7521.0|8968.0|10914.0|13029.0|15376.0|16365.0
 2014|F2892|45-49|W|CAN|3988|714|1844.0|3655.0|5424.0|7208.0|7607.0|9058.0|11100.0|13061.0|15428.0|16362.0
 2014|F8088|H|W|GBR|3987|569|1990.0|3934.0|5757.0|7605.0|8006.0|9478.0|11460.0|13516.0|15593.0|16362.0
 2014|F3563|H|W|ENG|3986|568|2046.0|4059.0|6014.0|7955.0|8373.0|9879.0|11819.0|13670.0|15533.0|16361.0
 2014|F1369|40-44|W|GER|3985|804|1752.0|3528.0|5308.0|7115.0|7504.0|9151.0|11097.0|13194.0|15402.0|16359.0
 2014|F2357|H|W|GBR|3984|567|1840.0|3664.0|5526.0|7433.0|7864.0|9400.0|11419.0|13385.0|15423.0|16359.0
 2014|F3863|45-49|W|GER|3983|713|1873.0|3711.0|5609.0|7434.0|7932.0|9421.0|11429.0|13387.0|15439.0|16355.0
 2014|F2470|45-49|W|GER|3982|712|1647.0|3355.0|5209.0|7072.0|7463.0|9073.0|11382.0|13441.0|15481.0|16353.0
 2014|F9007|H|W|GER|3981|566|1786.0|3580.0|5422.0|7275.0|7677.0|9196.0|11205.0|13304.0|15429.0|16353.0
 2014|F3646|45-49|W|GER|3980|711|1786.0|3580.0|5422.0|7275.0|7677.0|9193.0|11203.0|13304.0|15431.0|16353.0
 2014|F807|35-39|W|GBR|3979|626|1910.0|3847.0|5783.0|7673.0|8097.0|9642.0|11592.0|13520.0|15491.0|16352.0
 2014|F2579|40-44|W|SWE|3978|803|1837.0|3798.0|5634.0|7492.0|7894.0|9356.0|11420.0|13380.0|15486.0|16351.0
 2014|F6954|35-39|W|AUS|3976|625|1590.0|3254.0|4956.0|6831.0|7284.0|9002.0|11126.0|13344.0|15449.0|16350.0
 2014|F3451|H|W|NED|3976|565|1844.0|3767.0|5637.0|7482.0|7929.0|9492.0|11496.0|13547.0|15483.0|16350.0
 2014|F4905|45-49|W|GER|3975|710|1725.0|3474.0|5289.0|7153.0|7553.0|9071.0|11182.0|13226.0|15428.0|16349.0
 2014|F3694|55-59|W|GER|3974|164|1821.0|3647.0|5489.0|7345.0|7740.0|9254.0|11223.0|13226.0|15402.0|16349.0
 2014|F2817|40-44|W|BRA|3973|802|1955.0|3914.0|5841.0|7750.0|8165.0|9687.0|11621.0|13549.0|15496.0|16348.0
 2014|F367|35-39|W|GER|3972|624|1803.0|3679.0|5496.0|7314.0|7706.0|9235.0|11218.0|13261.0|15373.0|16348.0
 2014|F8887|50-54|W|ESP|3971|392|1846.0|3709.0|5543.0|7406.0|7809.0|9294.0|11270.0|13328.0|15444.0|16347.0
 2014|F5698|40-44|W|GER|3970|801|2130.0|4358.0|7044.0|9556.0|10125.0|NaN|NaN|NaN|15157.0|16347.0
 2014|F2000|60-64|W|CAN|3969|58|1750.0|3513.0|5462.0|7300.0|7826.0|9314.0|11264.0|13368.0|15500.0|16344.0
 2014|F9582|50-54|W|GER|3968|391|1898.0|3897.0|5852.0|7754.0|8164.0|9639.0|11536.0|13457.0|15448.0|16341.0
 2014|F5959|40-44|W|GER|3967|800|1947.0|3970.0|5957.0|7923.0|8348.0|9863.0|11860.0|13755.0|15567.0|16340.0
 2014|F9277|30-34|W|USA|3966|633|1686.0|3473.0|5219.0|7030.0|7423.0|8937.0|11067.0|13132.0|15340.0|16338.0
 2014|F7530|35-39|W|ISR|3965|623|1838.0|3864.0|5753.0|7639.0|8048.0|9569.0|11543.0|13495.0|15499.0|16338.0
 2014|F7543|40-44|W|SWE|3964|799|1922.0|3847.0|5724.0|7613.0|8021.0|9541.0|11474.0|13416.0|15460.0|16338.0
 2014|F8551|H|W|GBR|3963|564|1840.0|3672.0|5569.0|7457.0|7861.0|9374.0|11337.0|13331.0|15447.0|16337.0
 2014|F9256|40-44|W|GBR|3962|798|1903.0|3833.0|5729.0|7639.0|8046.0|9590.0|11584.0|13541.0|15472.0|16334.0
 2014|F8857|30-34|W|POL|3961|632|1827.0|3598.0|5349.0|7206.0|7615.0|9152.0|11148.0|13237.0|15350.0|16333.0
 2014|F4954|50-54|W|GER|3960|390|1991.0|3909.0|5787.0|7736.0|8140.0|9706.0|11819.0|13841.0|15602.0|16332.0
 2014|F2717|45-49|W|AUT|3959|709|1836.0|3714.0|5664.0|7511.0|7939.0|9520.0|11520.0|13506.0|15461.0|16331.0
 2014|F4440|H|W|GBR|3958|563|1836.0|3709.0|5601.0|7432.0|7843.0|9328.0|11280.0|13255.0|15459.0|16330.0
 2014|F8318|55-59|W|GBR|3957|163|1908.0|3862.0|5772.0|7733.0|8160.0|9701.0|11803.0|13648.0|15525.0|16330.0
 2014|F8916|50-54|W|GER|3956|389|1711.0|3431.0|5144.0|6902.0|7287.0|8806.0|10915.0|13092.0|15361.0|16330.0
 2014|F3443|30-34|W|DEN|3955|631|1821.0|3778.0|5659.0|7576.0|7984.0|9524.0|11544.0|13465.0|15486.0|16329.0
 2014|F9151|40-44|W|GER|3954|797|1812.0|3614.0|5425.0|7254.0|7648.0|9132.0|11127.0|13190.0|15433.0|16329.0
 2014|F1216|35-39|W|ROU|3953|622|1738.0|3439.0|5204.0|7042.0|7449.0|8988.0|11083.0|13237.0|15434.0|16328.0
 2014|F3484|50-54|W|GER|3952|388|1879.0|3734.0|5783.0|7668.0|8114.0|9603.0|11625.0|13622.0|15523.0|16327.0
 2014|F6768|45-49|W|GER|3951|708|1940.0|3878.0|5824.0|7711.0|8121.0|9680.0|11674.0|13599.0|15540.0|16326.0
 2014|F1423|60-64|W|SWE|3950|57|1802.0|3756.0|5665.0|7656.0|8055.0|9604.0|11599.0|13581.0|15515.0|16326.0
 2014|F1790|30-34|W|GBR|3949|630|1828.0|3601.0|5429.0|7241.0|7652.0|9216.0|11206.0|13395.0|15508.0|16324.0
 2014|F4804|50-54|W|BEL|3948|387|1774.0|3592.0|5466.0|7358.0|7771.0|9340.0|11397.0|13393.0|15435.0|16322.0
 2014|F2138|30-34|W|GBR|3947|629|1881.0|3742.0|5587.0|7441.0|7855.0|9369.0|11327.0|13320.0|15436.0|16321.0
 2014|F6919|45-49|W|POL|3946|707|1768.0|3530.0|5274.0|7010.0|7382.0|8847.0|10754.0|12693.0|14903.0|16320.0
 2014|F6570|40-44|W|DEN|3945|796|1850.0|3742.0|5670.0|7563.0|7986.0|9489.0|11444.0|13431.0|15457.0|16319.0
 2014|F354|60-64|W|DEN|3944|56|1713.0|3460.0|5296.0|7160.0|7568.0|9113.0|11163.0|13182.0|15393.0|16319.0
 2014|F6848|45-49|W|LUX|3943|706|1963.0|3853.0|5789.0|7740.0|8166.0|9706.0|11668.0|13593.0|15500.0|16314.0
 2014|F3626|55-59|W|GER|3942|162|1848.0|3688.0|5518.0|7354.0|7755.0|9208.0|11162.0|13215.0|15363.0|16314.0
 2014|F6767|40-44|W|GER|3941|795|1885.0|3767.0|5648.0|7558.0|7975.0|9509.0|11476.0|13436.0|15461.0|16312.0
 2014|7588|40-44|W|CHN|3940|794|1741.0|3439.0|5165.0|6853.0|7224.0|8645.0|10678.0|12889.0|15318.0|16311.0
 2014|F9654|55-59|W|GER|3939|161|1673.0|3356.0|5063.0|6802.0|7181.0|8608.0|10657.0|13145.0|15433.0|16310.0
 2014|F8195|35-39|W|NOR|3938|621|1882.0|3780.0|5838.0|7712.0|8121.0|9631.0|11575.0|13510.0|15475.0|16309.0
 2014|F7407|35-39|W|NOR|3937|620|1882.0|3780.0|5837.0|7713.0|8120.0|9631.0|11575.0|13510.0|15476.0|16309.0
 2014|F1586|45-49|W|GER|3936|705|1941.0|3837.0|5668.0|7491.0|7871.0|9373.0|11247.0|13196.0|15350.0|16306.0
 2014|F2623|45-49|W|COL|3935|704|1964.0|3955.0|5894.0|7789.0|8196.0|9686.0|11589.0|13553.0|15503.0|16301.0
 2014|F403|55-59|W|GER|3934|160|1833.0|3615.0|5404.0|7213.0|7606.0|9134.0|11231.0|13239.0|15372.0|16301.0
 2014|F4281|H|W|DEN|3933|562|1794.0|3642.0|5434.0|7231.0|7607.0|9026.0|10879.0|13060.0|15420.0|16301.0
 2014|F5783|H|W|GER|3932|561|1689.0|3305.0|4991.0|6694.0|7067.0|8414.0|10291.0|12774.0|15237.0|16301.0
 2014|F2258|55-59|W|NZL|3931|159|1628.0|3312.0|5029.0|6846.0|7241.0|8814.0|10904.0|13122.0|15333.0|16300.0
 2014|F1798|40-44|W|GBR|3930|793|1757.0|3559.0|5399.0|7257.0|7727.0|9224.0|11184.0|13190.0|15367.0|16300.0
 2014|F8081|45-49|W|GER|3929|703|1793.0|3674.0|5571.0|7527.0|7958.0|9503.0|11466.0|13430.0|15424.0|16300.0
 2014|F8745|45-49|W|GER|3928|702|1880.0|3775.0|5677.0|7600.0|8029.0|9567.0|11552.0|13533.0|15496.0|16299.0
 2014|F6531|40-44|W|ISL|3927|792|1888.0|3723.0|5622.0|7474.0|7878.0|9430.0|11432.0|13439.0|15471.0|16298.0
 2014|F8482|40-44|W|ISL|3926|791|1887.0|3723.0|5621.0|7474.0|7878.0|9430.0|11433.0|13439.0|15471.0|16297.0
 2014|F3318|50-54|W|BEL|3925|386|1975.0|3927.0|5885.0|7801.0|8219.0|9705.0|11594.0|13505.0|15463.0|16295.0
 2014|F9462|50-54|W|GER|3924|385|1832.0|3632.0|5430.0|7271.0|7669.0|9144.0|11078.0|13105.0|15409.0|16294.0
 2014|F2391|45-49|W|USA|3923|701|1776.0|3588.0|5462.0|7328.0|7747.0|9402.0|11578.0|13535.0|15517.0|16294.0
 2014|F5913|50-54|W|GER|3922|384|1733.0|3483.0|5269.0|7072.0|7467.0|8895.0|10808.0|12968.0|15346.0|16294.0
 2014|F8221|45-49|W|ITA|3921|700|1872.0|3781.0|5714.0|7646.0|8067.0|9627.0|11622.0|13590.0|15491.0|16293.0
 2014|F1624|40-44|W|FRA|3920|790|1904.0|3794.0|5654.0|7514.0|7948.0|9431.0|11464.0|13484.0|15506.0|16292.0
 2014|F7305|55-59|W|VEN|3919|158|1839.0|3680.0|5593.0|7459.0|7997.0|9482.0|11437.0|13376.0|15338.0|16291.0
 2014|F4408|35-39|W|GER|3918|619|1789.0|3606.0|5397.0|7258.0|7667.0|9246.0|11197.0|13208.0|15480.0|16291.0
 2014|F4212|H|W|DEN|3917|560|1754.0|3525.0|5347.0|7139.0|7532.0|9018.0|11013.0|13210.0|15412.0|16290.0
 2014|F421|45-49|W|GER|3916|699|1793.0|3634.0|5451.0|7276.0|7680.0|9157.0|11104.0|13265.0|15351.0|16290.0
 2014|F5024|H|W|RUS|3914|559|1921.0|3855.0|5718.0|7599.0|8009.0|9489.0|11447.0|13411.0|15390.0|16289.0
 2014|F1198|30-34|W|GBR|3914|628|1569.0|3217.0|5041.0|7013.0|7530.0|9121.0|11230.0|13296.0|15467.0|16289.0
 2014|F1184|40-44|W|GER|3913|789|1901.0|3810.0|5732.0|7631.0|8060.0|9600.0|11596.0|13520.0|15490.0|16289.0
 2014|F4487|H|W|GER|3912|558|1885.0|3771.0|5631.0|7501.0|7918.0|9421.0|11394.0|13364.0|15426.0|16288.0
 2014|F4410|55-59|W|AUT|3911|157|1801.0|3572.0|5355.0|7190.0|7574.0|9055.0|11120.0|13225.0|15370.0|16287.0
 2014|F6943|50-54|W|GER|3910|383|1900.0|3816.0|5717.0|7611.0|8022.0|9552.0|11558.0|13494.0|15438.0|16287.0
 2014|F1943|50-54|W|CHN|3909|382|1888.0|3792.0|5693.0|7570.0|7984.0|9592.0|11506.0|13465.0|15472.0|16285.0
 2014|F1814|35-39|W|GBR|3908|618|1878.0|3697.0|5537.0|7356.0|7762.0|9264.0|11268.0|13293.0|15424.0|16283.0
 2014|F988|45-49|W|GER|3907|698|1915.0|3836.0|5751.0|7782.0|8210.0|9773.0|11742.0|13631.0|15504.0|16282.0
 2014|F3007|30-34|W|USA|3906|627|1697.0|3581.0|5370.0|7180.0|7648.0|9170.0|11213.0|13272.0|15395.0|16281.0
 2014|F4035|60-64|W|GER|3905|55|1856.0|3747.0|5659.0|7585.0|7996.0|9553.0|11558.0|13525.0|15468.0|16281.0
 2014|F5674|40-44|W|ITA|3904|788|1910.0|3798.0|5747.0|7617.0|8025.0|9572.0|11567.0|13517.0|15448.0|16280.0
 2014|F7379|H|W|GER|3903|557|1815.0|3707.0|5538.0|7438.0|7843.0|9599.0|11567.0|13499.0|15486.0|16279.0
 2014|F4548|H|W|CAN|3902|556|1857.0|3748.0|5606.0|7468.0|7877.0|9420.0|11370.0|13369.0|15413.0|16278.0
 2014|F2367|55-59|W|BEL|3901|156|1784.0|3587.0|5437.0|7248.0|7653.0|9159.0|11278.0|13248.0|15349.0|16277.0
 2014|F4411|60-64|W|JPN|3900|54|1668.0|3346.0|5025.0|6878.0|7282.0|8831.0|10848.0|12947.0|15284.0|16276.0
 2014|F7349|45-49|W|VEN|3899|697|1871.0|3716.0|5575.0|7449.0|7860.0|9375.0|11327.0|13321.0|15389.0|16274.0
 2014|F8325|35-39|W|SWE|3898|617|1861.0|3710.0|5565.0|7399.0|7800.0|9295.0|11254.0|13272.0|15408.0|16274.0
 2014|F1514|H|W|GBR|3897|555|1627.0|3324.0|5051.0|6838.0|7245.0|8783.0|10997.0|13085.0|15390.0|16273.0
 2014|F9253|35-39|W|GER|3896|616|1822.0|3659.0|5496.0|7324.0|7721.0|9261.0|11277.0|13254.0|15427.0|16273.0
 2014|F2388|45-49|W|GER|3895|696|1803.0|3634.0|5500.0|7409.0|7825.0|9340.0|11362.0|13336.0|15390.0|16273.0
 2014|F3677|35-39|W|GER|3894|615|1996.0|3988.0|5925.0|7873.0|8281.0|9794.0|11672.0|13526.0|15463.0|16272.0
 2014|F6817|35-39|W|GER|3893|614|1642.0|3302.0|4963.0|6643.0|7015.0|8394.0|10374.0|12597.0|15144.0|16272.0
 2014|F6462|30-34|W|GER|3892|626|1642.0|3295.0|4963.0|6644.0|7015.0|8388.0|10373.0|12592.0|15144.0|16272.0
 2014|F5102|55-59|W|GER|3891|155|1657.0|3390.0|5162.0|7022.0|7442.0|9041.0|11169.0|13231.0|15391.0|16271.0
 2014|F5610|40-44|W|DEN|3890|787|1867.0|3785.0|5641.0|7562.0|7968.0|9490.0|11469.0|13438.0|15437.0|16271.0
 2014|F9383|30-34|W|NED|3889|625|1930.0|3761.0|5594.0|7406.0|7811.0|9382.0|11331.0|13354.0|15455.0|16271.0
 2014|F2836|45-49|W|GBR|3888|695|1910.0|3816.0|5778.0|7629.0|8028.0|9561.0|11445.0|13452.0|15442.0|16269.0
 2014|F8087|45-49|W|DEN|3887|694|1907.0|3818.0|5698.0|7575.0|7977.0|9570.0|11510.0|13470.0|15420.0|16269.0
 2014|F5441|45-49|W|GER|3886|693|1808.0|3704.0|5637.0|7538.0|8003.0|9532.0|11522.0|13441.0|15443.0|16266.0
 2014|F8137|30-34|W|GBR|3885|624|2037.0|4012.0|5955.0|7877.0|8298.0|9800.0|11702.0|13589.0|15474.0|16264.0
 2014|F8840|55-59|W|ITA|3884|154|1912.0|3780.0|5662.0|7550.0|7959.0|9454.0|11383.0|13353.0|15394.0|16263.0
 2014|F1966|H|W|GBR|3883|554|1956.0|3927.0|5881.0|7812.0|8242.0|9718.0|11573.0|13477.0|15435.0|16262.0
 2014|F9316|55-59|W|USA|3882|153|1813.0|3663.0|5535.0|7457.0|7876.0|9447.0|11415.0|13394.0|15393.0|16260.0
 2014|F7673|40-44|W|GER|3881|786|1794.0|3621.0|5442.0|7293.0|7695.0|9209.0|11221.0|13271.0|15378.0|16260.0
 2014|F1292|30-34|W|GER|3880|623|1840.0|3715.0|5600.0|7556.0|7990.0|9563.0|11592.0|13583.0|15486.0|16259.0
 2014|F5827|35-39|W|GBR|3879|613|1920.0|3819.0|5686.0|7585.0|7995.0|9541.0|11454.0|13404.0|15415.0|16258.0
 2014|F9031|45-49|W|GER|3878|692|1729.0|3473.0|5223.0|7074.0|7498.0|9011.0|10941.0|13021.0|15221.0|16258.0
 2014|F7833|40-44|W|GER|3877|785|1779.0|3612.0|5477.0|7346.0|7762.0|9309.0|11299.0|13358.0|15386.0|16258.0
 2014|F1270|35-39|W|AUS|3876|612|1909.0|3864.0|5766.0|7698.0|8118.0|9642.0|11590.0|13489.0|15411.0|16257.0
 2014|F5249|H|W|BEL|3875|553|1888.0|3717.0|5615.0|7462.0|7870.0|9586.0|11407.0|13399.0|15492.0|16253.0
 2014|F2763|30-34|W|DEN|3874|622|1872.0|3738.0|5579.0|7394.0|7788.0|9296.0|11241.0|13182.0|15343.0|16253.0
 2014|F5316|30-34|W|TPE|3873|621|1755.0|3478.0|5242.0|7052.0|7437.0|9017.0|11184.0|13286.0|15411.0|16252.0
 2014|F3131|50-54|W|GER|3872|381|1840.0|3811.0|5735.0|7652.0|8068.0|9595.0|11563.0|13478.0|15418.0|16252.0
 2014|F2010|H|W|GBR|3871|552|1910.0|3798.0|5726.0|7616.0|8024.0|9567.0|11526.0|13485.0|15436.0|16252.0
 2014|F3378|40-44|W|FIN|3870|784|1834.0|3673.0|5509.0|7392.0|7798.0|9336.0|11317.0|13330.0|15362.0|16250.0
 2014|F4304|50-54|W|GER|3869|380|1858.0|3738.0|5645.0|7520.0|7918.0|9397.0|11322.0|13368.0|15487.0|16250.0
 2014|F4233|35-39|W|DEN|3868|611|1889.0|4025.0|5957.0|7856.0|8250.0|9774.0|11741.0|13729.0|15506.0|16248.0
 2014|F2742|40-44|W|ESP|3867|783|1867.0|3755.0|5650.0|7542.0|7958.0|9477.0|11415.0|13429.0|15395.0|16248.0
 2014|F7410|50-54|W|GER|3866|379|1824.0|3702.0|5609.0|7433.0|7862.0|9357.0|11282.0|13344.0|15393.0|16247.0
 2014|F578|50-54|W|GBR|3865|378|1921.0|3847.0|5778.0|7680.0|8078.0|9587.0|11520.0|13432.0|15430.0|16247.0
 2014|F4525|30-34|W|GER|3864|620|1815.0|3672.0|5647.0|7463.0|7865.0|9384.0|11323.0|13291.0|15388.0|16246.0
 2014|F7361|40-44|W|GBR|3863|782|1834.0|3765.0|5700.0|7585.0|8010.0|9538.0|11487.0|13432.0|15406.0|16246.0
 2014|F7796|30-34|W|FRA|3862|619|1873.0|3816.0|5724.0|7602.0|8025.0|9593.0|11564.0|13490.0|15443.0|16243.0
 2014|F7289|45-49|W|GER|3861|691|1682.0|3366.0|5159.0|7041.0|7452.0|9046.0|10991.0|13067.0|15321.0|16242.0
 2014|F5074|40-44|W|BEL|3860|781|1935.0|3751.0|5588.0|7455.0|7870.0|9374.0|11318.0|13314.0|15385.0|16242.0
 2014|F8287|30-34|W|GER|3859|618|1846.0|3732.0|5822.0|7703.0|8180.0|9655.0|11580.0|13479.0|15436.0|16241.0
 2014|F3799|45-49|W|USA|3858|690|1857.0|3739.0|5670.0|7610.0|8030.0|9584.0|11612.0|13562.0|15460.0|16240.0
 2014|F1187|45-49|W|GER|3857|689|1697.0|3449.0|5277.0|7182.0|7633.0|9232.0|11335.0|13374.0|15367.0|16240.0
 2014|F1812|55-59|W|CAN|3856|152|1872.0|3737.0|5616.0|7572.0|7978.0|9483.0|11390.0|13301.0|15352.0|16238.0
 2014|F8614|H|W|GER|3855|551|1865.0|3809.0|5782.0|7523.0|7925.0|NaN|NaN|13179.0|15312.0|16238.0
 2014|F5925|55-59|W|FRA|3854|151|1785.0|3592.0|5373.0|7159.0|7552.0|9057.0|11026.0|13139.0|15330.0|16238.0
 2014|F5390|50-54|W|DEN|3853|377|1779.0|3574.0|5407.0|7229.0|7619.0|9114.0|11115.0|13130.0|15299.0|16237.0
 2014|F4448|45-49|W|GER|3852|688|1954.0|3898.0|5788.0|7698.0|8114.0|9607.0|11583.0|13493.0|15417.0|16236.0
 2014|F8778|40-44|W|DEN|3851|780|1767.0|3628.0|5518.0|7386.0|7793.0|9313.0|11432.0|13467.0|15411.0|16234.0
 2014|F6056|40-44|W|AUT|3850|779|1853.0|3702.0|5517.0|7359.0|7757.0|9227.0|11159.0|13184.0|15309.0|16234.0
 2014|F8343|40-44|W|POL|3849|778|1845.0|3679.0|5522.0|7360.0|7768.0|9251.0|11216.0|13258.0|15368.0|16233.0
 2014|F2791|50-54|W|GER|3848|376|1808.0|3704.0|5637.0|7539.0|8003.0|9535.0|11523.0|13449.0|15412.0|16233.0
 2014|F6854|55-59|W|NED|3847|150|1791.0|3639.0|5569.0|7440.0|7822.0|9382.0|11347.0|13309.0|15358.0|16233.0
 2014|F2743|35-39|W|ESP|3846|610|1875.0|3810.0|5653.0|7562.0|7986.0|9512.0|11500.0|13507.0|15417.0|16232.0
 2014|F3429|35-39|W|GER|3845|609|1890.0|3849.0|5743.0|7600.0|8005.0|9562.0|11493.0|13498.0|15434.0|16231.0
 2014|F6614|50-54|W|GER|3844|375|1875.0|3790.0|5697.0|7535.0|8135.0|9576.0|11498.0|13450.0|15411.0|16230.0
 2014|F8672|40-44|W|SWE|3843|777|1766.0|3639.0|5627.0|7469.0|7872.0|9363.0|11304.0|13273.0|15324.0|16229.0
 2014|F8108|35-39|W|SWE|3842|608|1766.0|3639.0|5626.0|7469.0|7871.0|9363.0|11303.0|13272.0|15324.0|16229.0
 2014|F5201|50-54|W|RSA|3841|374|1930.0|3740.0|5572.0|7521.0|7918.0|9462.0|11459.0|13407.0|15389.0|16228.0
 2014|F9114|45-49|W|GBR|3840|687|1640.0|3457.0|5337.0|7241.0|7667.0|9206.0|11279.0|13322.0|15358.0|16227.0
 2014|F331|50-54|W|GER|3839|373|1665.0|3398.0|5173.0|6982.0|7370.0|8912.0|10943.0|13113.0|15345.0|16222.0
 2014|F6917|40-44|W|GER|3838|776|1736.0|3544.0|5365.0|7189.0|7593.0|9074.0|11096.0|13133.0|15250.0|16221.0
 2014|F997|40-44|W|GER|3837|775|1870.0|3809.0|5652.0|7524.0|7925.0|9413.0|11351.0|13286.0|15352.0|16221.0
 2014|F676|45-49|W|SWE|3836|686|1860.0|3740.0|5625.0|7518.0|7930.0|9401.0|11412.0|13335.0|15320.0|16220.0
 2014|F6290|40-44|W|GBR|3835|774|1897.0|3809.0|5790.0|7667.0|8073.0|9556.0|11532.0|13443.0|15407.0|16219.0
 2014|F4505|35-39|W|TUR|3834|607|1721.0|3502.0|5292.0|7176.0|7582.0|9082.0|11179.0|13181.0|15243.0|16216.0
 2014|F8026|30-34|W|CHN|3832|616|1729.0|3485.0|5304.0|7196.0|7610.0|9149.0|11195.0|13212.0|15358.0|16216.0
 2014|F1654|30-34|W|VEN|3832|616|1881.0|3793.0|5697.0|7577.0|7966.0|9495.0|11485.0|13411.0|15408.0|16216.0
 2014|F5525|H|W|FIN|3831|550|1957.0|3858.0|5715.0|7548.0|8014.0|9504.0|11661.0|13578.0|15476.0|16215.0
 2014|F7074|60-64|W|USA|3830|53|1766.0|3564.0|5383.0|7201.0|7608.0|9092.0|11069.0|13224.0|15319.0|16214.0
 2014|F9484|H|W|RUS|3829|549|1894.0|3783.0|5711.0|7601.0|8010.0|9566.0|11551.0|13500.0|15426.0|16213.0
 2014|F2571|40-44|W|BEL|3828|773|1842.0|3734.0|5646.0|7569.0|7975.0|9483.0|11424.0|13329.0|15350.0|16213.0
 2014|F3617|40-44|W|ISR|3827|772|1890.0|3766.0|5591.0|7463.0|7872.0|9376.0|11333.0|13313.0|15341.0|16213.0
 2014|F4669|40-44|W|GER|3826|771|1732.0|3490.0|5249.0|7049.0|7444.0|8988.0|11008.0|13154.0|15274.0|16212.0
 2014|F3486|40-44|W|DEN|3825|770|1878.0|3701.0|5539.0|7406.0|7812.0|9339.0|11368.0|13367.0|15359.0|16210.0
 2014|F1717|30-34|W|SUI|3824|615|1954.0|3796.0|5697.0|7580.0|7961.0|9429.0|11394.0|13357.0|15413.0|16208.0
 2014|F8269|50-54|W|GER|3823|372|1761.0|3554.0|5340.0|7250.0|7645.0|9160.0|11188.0|13313.0|15331.0|16206.0
 2014|F3991|45-49|W|GBR|3822|685|1754.0|3485.0|5258.0|7058.0|7448.0|9128.0|11282.0|13300.0|15291.0|16204.0
 2014|F7399|45-49|W|SWE|3821|684|1691.0|3473.0|5171.0|6874.0|7242.0|8693.0|10768.0|12891.0|15286.0|16201.0
 2014|F2149|50-54|W|BEL|3820|371|1779.0|3558.0|5336.0|7144.0|7531.0|8989.0|11055.0|13028.0|15282.0|16201.0
 2014|F6348|40-44|W|USA|3819|769|1984.0|3961.0|5938.0|7866.0|8285.0|9804.0|11717.0|13547.0|15418.0|16201.0
 2014|F8379|40-44|W|GER|3818|768|1739.0|3491.0|5231.0|7083.0|7467.0|8921.0|10874.0|12964.0|15286.0|16200.0
 2014|F8986|55-59|W|CAN|3817|149|1881.0|3742.0|5730.0|7569.0|7968.0|9430.0|11330.0|13279.0|15289.0|16198.0
 2014|F7988|50-54|W|DEN|3816|370|1823.0|3899.0|5773.0|7663.0|8088.0|9651.0|11575.0|13514.0|15394.0|16197.0
 2014|F4403|45-49|W|GER|3815|683|1726.0|3379.0|5035.0|6692.0|7057.0|8446.0|10309.0|12284.0|15207.0|16196.0
 2014|F2773|45-49|W|GER|3814|682|1789.0|3557.0|5316.0|7075.0|7462.0|8914.0|10875.0|12900.0|15327.0|16195.0
 2014|F8632|50-54|W|GER|3813|369|1804.0|3673.0|5533.0|7413.0|7877.0|9365.0|11297.0|13333.0|15351.0|16194.0
 2014|F6155|30-34|W|GER|3812|614|1804.0|3673.0|5533.0|7413.0|7877.0|9364.0|11297.0|13333.0|15350.0|16194.0
 2014|F6592|40-44|W|FRA|3811|767|1919.0|3854.0|5766.0|7678.0|8087.0|9567.0|11461.0|13354.0|15313.0|16192.0
 2014|F7049|50-54|W|MEX|3810|368|1737.0|3507.0|5254.0|7102.0|7509.0|9077.0|11102.0|13166.0|15288.0|16190.0
 2014|F2604|45-49|W|SWE|3809|681|1755.0|3645.0|5631.0|7529.0|7911.0|9396.0|11419.0|13382.0|15339.0|16190.0
 2014|F856|35-39|W|GER|3808|606|1951.0|3855.0|5746.0|7648.0|8062.0|9575.0|11495.0|13426.0|15369.0|16189.0
 2014|F6529|40-44|W|GER|3807|766|1803.0|3614.0|5447.0|7274.0|7727.0|9160.0|11126.0|13145.0|15305.0|16189.0
 2014|F6109|45-49|W|SUI|3806|680|1761.0|3541.0|5385.0|7243.0|7642.0|9141.0|11067.0|13295.0|15304.0|16189.0
 2014|F8709|55-59|W|GBR|3805|148|1675.0|3363.0|5132.0|6945.0|7351.0|8900.0|10918.0|13052.0|15263.0|16188.0
 2014|F5825|H|W|USA|3804|548|1793.0|3617.0|5420.0|7267.0|7672.0|9165.0|11098.0|13181.0|15338.0|16188.0
 2014|F7933|40-44|W|GBR|3803|765|1841.0|3666.0|5495.0|7361.0|7762.0|9245.0|11177.0|13173.0|15272.0|16188.0
 2014|F5077|45-49|W|GER|3802|679|1597.0|3226.0|4930.0|6734.0|7136.0|8712.0|10781.0|12906.0|15184.0|16185.0
 2014|F7012|H|W|CAN|3800|547|1942.0|3859.0|5715.0|7596.0|8007.0|9498.0|11371.0|13249.0|15318.0|16184.0
 2014|F7532|55-59|W|GER|3800|147|1942.0|3859.0|5714.0|7597.0|8006.0|9498.0|11371.0|13249.0|15318.0|16184.0
 2014|F1134|30-34|W|CZE|3799|613|1880.0|3785.0|5683.0|7550.0|7950.0|9449.0|11382.0|13322.0|15338.0|16184.0
 2014|F9658|45-49|W|GER|3798|678|1851.0|3646.0|5475.0|7354.0|7764.0|9281.0|11270.0|13287.0|15338.0|16183.0
 2014|F2481|H|W|ISL|3797|546|1795.0|3562.0|5389.0|7254.0|7660.0|9197.0|11204.0|13241.0|15305.0|16182.0
 2014|F8970|45-49|W|NOR|3796|677|1865.0|3737.0|5644.0|7555.0|7966.0|9462.0|11401.0|13321.0|15346.0|16181.0
 2014|F656|45-49|W|NOR|3795|676|1865.0|3736.0|5643.0|7555.0|7966.0|9461.0|11401.0|13320.0|15346.0|16181.0
 2014|F9417|45-49|W|GER|3794|675|1797.0|3662.0|5538.0|7372.0|7762.0|9251.0|11222.0|13132.0|15174.0|16180.0
 2014|F6378|50-54|W|ESP|3793|367|1816.0|3629.0|5471.0|7347.0|7757.0|9274.0|11261.0|13216.0|15260.0|16178.0
 2014|F6857|35-39|W|RSA|3792|605|1855.0|3879.0|5775.0|7662.0|8070.0|9566.0|11501.0|13414.0|15348.0|16178.0
 2014|F5179|40-44|W|USA|3791|764|1642.0|3549.0|5370.0|7224.0|7617.0|9120.0|11169.0|13402.0|15383.0|16177.0
 2014|F2701|55-59|W|AUS|3790|146|1618.0|3314.0|5082.0|6941.0|7347.0|8902.0|11147.0|13198.0|15267.0|16174.0
 2014|F7773|45-49|W|GER|3789|674|1677.0|3406.0|5069.0|6762.0|7120.0|8540.0|10293.0|12354.0|14908.0|16174.0
 2014|F6397|45-49|W|MEX|3787|673|1705.0|3336.0|5021.0|6790.0|7173.0|8658.0|10653.0|12840.0|15156.0|16172.0
 2014|F6298|55-59|W|GER|3787|145|1829.0|3698.0|5609.0|7497.0|8005.0|9551.0|11523.0|13427.0|15328.0|16172.0
 2014|F4697|40-44|W|RSA|3786|763|1812.0|3662.0|5554.0|7526.0|7938.0|9392.0|11300.0|13360.0|15308.0|16171.0
 2014|F5947|50-54|W|GER|3785|366|1968.0|3961.0|5867.0|7759.0|8156.0|9620.0|11499.0|13377.0|15340.0|16171.0
 2014|F1203|H|W|SUI|3784|545|1699.0|3421.0|5194.0|7046.0|7447.0|8967.0|10994.0|13125.0|15257.0|16171.0
 2014|F5898|H|W|MEX|3783|544|1660.0|3310.0|5018.0|6793.0|7170.0|8659.0|10585.0|12792.0|15265.0|16168.0
 2014|F5559|35-39|W|GBR|3782|604|1792.0|3591.0|5419.0|7233.0|7638.0|9238.0|11307.0|13254.0|15276.0|16167.0
 2014|F9399|30-34|W|GER|3781|612|1786.0|3604.0|5493.0|7342.0|7741.0|9201.0|11134.0|13092.0|15199.0|16166.0
 2014|F923|H|W|GER|3780|543|1955.0|3928.0|5817.0|7705.0|8102.0|9602.0|11544.0|13454.0|15352.0|16164.0
 2014|F4974|H|W|GER|3779|542|2004.0|3944.0|5864.0|7719.0|8135.0|9632.0|11573.0|13479.0|15367.0|16162.0
 2014|F3785|40-44|W|ISR|3778|762|1876.0|3713.0|5591.0|7520.0|7924.0|9445.0|11376.0|13331.0|15328.0|16160.0
 2014|F9633|45-49|W|GER|3777|672|1861.0|3742.0|5655.0|7570.0|7983.0|9487.0|11422.0|13327.0|15290.0|16158.0
 2014|F4312|35-39|W|GBR|3776|603|1765.0|3483.0|5233.0|7058.0|7525.0|9022.0|11032.0|13164.0|15262.0|16156.0
 2014|F7723|45-49|W|GER|3775|671|1974.0|3930.0|5828.0|7717.0|8234.0|9718.0|11616.0|13438.0|15318.0|16155.0
 2014|F8724|H|W|GER|3774|541|1873.0|3741.0|5588.0|7456.0|7871.0|9397.0|11364.0|13283.0|15263.0|16155.0
 2014|F3772|40-44|W|GER|3773|761|1900.0|3835.0|5753.0|7788.0|8196.0|9694.0|11601.0|13448.0|15315.0|16154.0
 2014|F2796|45-49|W|GER|3772|670|1787.0|3577.0|5349.0|7157.0|7558.0|9170.0|11093.0|13080.0|15236.0|16154.0
 2014|F3449|40-44|W|AUT|3771|760|1968.0|4011.0|5957.0|7884.0|8293.0|9792.0|11652.0|13437.0|15344.0|16153.0
 2014|F2612|30-34|W|GBR|3770|611|1902.0|3828.0|5723.0|7638.0|8053.0|9553.0|11515.0|13443.0|15353.0|16153.0
 2014|F4535|45-49|W|GBR|3769|669|1801.0|3604.0|5429.0|7186.0|7576.0|9011.0|10884.0|12953.0|15127.0|16152.0
 2014|F1260|40-44|W|NED|3768|759|1789.0|3577.0|5393.0|7193.0|7587.0|9053.0|11020.0|13258.0|15303.0|16148.0
 2014|F7898|50-54|W|GER|3767|365|1773.0|3612.0|5440.0|7328.0|7744.0|9308.0|11287.0|13188.0|15268.0|16147.0
 2014|F4085|40-44|W|NED|3766|758|1788.0|3576.0|5392.0|7193.0|7586.0|9044.0|11019.0|13258.0|15303.0|16147.0
 2014|F4458|45-49|W|SWE|3765|668|1877.0|3771.0|5656.0|7572.0|7995.0|9580.0|11525.0|13429.0|15338.0|16147.0
 2014|F3953|40-44|W|DEN|3764|757|1885.0|3803.0|5699.0|7638.0|8036.0|9548.0|11497.0|13405.0|15321.0|16147.0
 2014|F5439|H|W|ROU|3763|540|1773.0|3591.0|5448.0|7329.0|7732.0|9248.0|11229.0|13230.0|15289.0|16146.0
 2014|F5643|40-44|W|GER|3762|756|1807.0|3587.0|5361.0|7144.0|7531.0|8968.0|10977.0|13107.0|15239.0|16145.0
 2014|F7168|30-34|W|GER|3760|610|1715.0|3412.0|5115.0|6843.0|7220.0|8651.0|10653.0|12963.0|15242.0|16143.0
 2014|F7109|40-44|W|GER|3760|755|1795.0|3634.0|5492.0|7327.0|7725.0|9218.0|11175.0|13186.0|15230.0|16143.0
 2014|F1574|35-39|W|RUS|3759|602|1753.0|3519.0|5301.0|7145.0|7545.0|9023.0|10998.0|13208.0|15238.0|16142.0
 2014|F6977|35-39|W|GER|3758|601|1991.0|3960.0|5925.0|7866.0|8283.0|9823.0|11758.0|13626.0|15410.0|16142.0
 2014|F1390|65-69|W|SUI|3757|11|1783.0|3568.0|5319.0|7116.0|7524.0|9064.0|11078.0|13143.0|15248.0|16141.0
 2014|F4195|45-49|W|FRA|3756|667|1629.0|3310.0|5021.0|6780.0|7154.0|8824.0|10957.0|13148.0|15250.0|16141.0
 2014|F3689|H|W|GER|3755|539|1809.0|3632.0|5468.0|7311.0|7705.0|9147.0|11075.0|13104.0|15237.0|16141.0
 2014|F4140|H|W|GBR|3754|538|1854.0|3711.0|5587.0|7452.0|7869.0|9354.0|11289.0|13248.0|15272.0|16141.0
 2014|F694|40-44|W|GER|3753|754|1925.0|3788.0|5636.0|7480.0|7889.0|9368.0|11255.0|13147.0|15283.0|16141.0
 2014|F6853|35-39|W|DEN|3752|600|1766.0|3601.0|5520.0|7345.0|7734.0|9306.0|11377.0|13386.0|15347.0|16138.0
 2014|F2759|H|W|SUI|3751|537|1858.0|3750.0|5662.0|7573.0|7989.0|9491.0|11425.0|13345.0|15278.0|16136.0
 2014|F8125|45-49|W|DEN|3750|666|1793.0|3587.0|5369.0|7118.0|7508.0|8912.0|10746.0|12701.0|15139.0|16135.0
 2014|F9173|40-44|W|GER|3749|753|1673.0|3352.0|5065.0|6757.0|7140.0|9094.0|11113.0|13201.0|15258.0|16133.0
 2014|F7135|40-44|W|GER|3748|752|1908.0|3813.0|5755.0|7703.0|8189.0|9734.0|11632.0|13475.0|15323.0|16131.0
 2014|F9635|40-44|W|GER|3747|751|1861.0|3744.0|5656.0|7569.0|7984.0|9490.0|11423.0|13327.0|15252.0|16131.0
 2014|F9634|45-49|W|NED|3746|665|1861.0|3743.0|5655.0|7564.0|7983.0|9484.0|11416.0|13326.0|15252.0|16131.0
 2014|F6527|45-49|W|URU|3745|664|1835.0|3664.0|5482.0|7358.0|7766.0|9288.0|11241.0|13207.0|15227.0|16129.0
 2014|F721|35-39|W|COL|3743|599|1820.0|3697.0|5573.0|7430.0|7832.0|9325.0|11264.0|13190.0|15248.0|16129.0
 2014|F4456|45-49|W|FIN|3743|663|1866.0|3754.0|5683.0|7573.0|7981.0|9525.0|11485.0|13383.0|15306.0|16129.0
 2014|F8488|35-39|W|DEN|3742|598|1894.0|3651.0|5402.0|7184.0|7575.0|9016.0|10880.0|12934.0|15304.0|16126.0
 2014|F1558|45-49|W|GER|3740|662|1865.0|3739.0|5695.0|7565.0|7963.0|9477.0|11412.0|13357.0|15319.0|16124.0
 2014|F7192|40-44|W|GER|3740|750|1864.0|3739.0|5695.0|7565.0|7962.0|9477.0|11412.0|13358.0|15319.0|16124.0
 2014|F1425|30-34|W|GER|3739|609|1788.0|3605.0|5442.0|7307.0|7715.0|9236.0|11179.0|13179.0|15247.0|16121.0
 2014|F3579|H|W|SUI|3738|536|1832.0|3648.0|5422.0|7233.0|7635.0|9103.0|11044.0|13059.0|15217.0|16119.0
 2014|F441|65-69|W|GER|3737|10|1728.0|3507.0|5339.0|7180.0|7580.0|9036.0|10938.0|12940.0|15147.0|16119.0
 2014|F4338|30-34|W|CHI|3736|608|1835.0|3667.0|5481.0|7330.0|7734.0|9255.0|11221.0|13214.0|15238.0|16119.0
 2014|F3775|H|W|GER|3735|535|1848.0|3697.0|5582.0|7446.0|7849.0|9338.0|11259.0|13226.0|15256.0|16117.0
 2014|F6779|70-74|W|DEN|3734|4|1831.0|3766.0|5683.0|7551.0|7968.0|9465.0|11470.0|13367.0|15288.0|16117.0
 2014|F7929|30-34|W|GBR|3733|607|1763.0|3566.0|5445.0|7236.0|7626.0|9070.0|10997.0|12955.0|15185.0|16117.0
 2014|F5912|30-34|W|GER|3732|606|1910.0|3840.0|5739.0|7595.0|7990.0|9472.0|11390.0|13376.0|15328.0|16116.0
 2014|F7939|H|W|GER|3731|534|1877.0|3759.0|5672.0|7676.0|8103.0|9646.0|11526.0|13397.0|15318.0|16115.0
 2014|F3063|35-39|W|GBR|3730|597|1820.0|3670.0|5630.0|7475.0|7879.0|9341.0|11274.0|13194.0|15244.0|16113.0
 2014|F5512|40-44|W|FIN|3729|749|1684.0|3362.0|5096.0|6836.0|7215.0|8673.0|10652.0|12921.0|15219.0|16112.0
 2014|F5910|45-49|W|CZE|3728|661|1748.0|3663.0|5507.0|7337.0|7739.0|9256.0|11287.0|13303.0|15268.0|16109.0
 2014|F9014|H|W|GER|3727|533|1851.0|3744.0|5677.0|7580.0|7988.0|9494.0|11434.0|13336.0|15270.0|16107.0
 2014|F9676|H|W|GER|3726|532|2264.0|4074.0|5874.0|7684.0|8083.0|9540.0|11439.0|13372.0|15285.0|16107.0
 2014|F7218|45-49|W|SUI|3725|660|1712.0|3447.0|5228.0|7034.0|7434.0|8952.0|10988.0|13052.0|15296.0|16104.0
 2014|F7464|40-44|W|GER|3724|748|1853.0|3705.0|5553.0|7411.0|7820.0|9308.0|11273.0|13193.0|15201.0|16103.0
 2014|F9241|40-44|W|GER|3723|747|1801.0|3577.0|5362.0|7170.0|7564.0|9070.0|11071.0|13096.0|15180.0|16102.0
 2014|F4742|35-39|W|GER|3722|596|1837.0|3647.0|5471.0|7305.0|7705.0|9203.0|11140.0|13116.0|15179.0|16099.0
 2014|F4090|40-44|W|EST|3721|746|1676.0|3524.0|5421.0|7340.0|7742.0|9278.0|11265.0|13233.0|15242.0|16098.0
 2014|F4606|30-34|W|GER|3720|605|1890.0|3748.0|5637.0|7543.0|7966.0|9452.0|11393.0|13362.0|15286.0|16098.0
 2014|F7638|H|W|GER|3719|531|1806.0|3557.0|5338.0|7154.0|7557.0|8998.0|10954.0|13037.0|15202.0|16098.0
 2014|F4513|40-44|W|GER|3718|745|1833.0|3686.0|5545.0|7369.0|7762.0|9193.0|11088.0|12999.0|15137.0|16097.0
 2014|F4426|40-44|W|NED|3717|744|1739.0|3585.0|5352.0|7219.0|7629.0|9158.0|11149.0|13153.0|15203.0|16096.0
 2014|F2963|40-44|W|GBR|3716|743|1920.0|3804.0|5716.0|7661.0|8083.0|9593.0|11494.0|13387.0|15278.0|16096.0
 2014|F7288|40-44|W|GER|3715|742|1952.0|3928.0|5855.0|7784.0|8195.0|9714.0|11625.0|13486.0|15332.0|16096.0
 2014|F2276|45-49|W|GER|3714|659|1768.0|3598.0|5456.0|7293.0|7681.0|9221.0|11159.0|13134.0|15215.0|16093.0
 2014|F8083|H|W|GER|3713|530|1814.0|3579.0|5362.0|7193.0|7658.0|9143.0|11054.0|13077.0|15269.0|16093.0
 2014|F8307|45-49|W|GER|3712|658|1747.0|3538.0|5331.0|7172.0|7574.0|9080.0|11097.0|13138.0|15217.0|16090.0
 2014|F3649|35-39|W|NED|3711|595|1953.0|3880.0|5822.0|7765.0|8176.0|9653.0|11566.0|13441.0|15284.0|16089.0
 2014|F6206|50-54|W|HUN|3710|364|1773.0|3564.0|5358.0|7201.0|7610.0|9118.0|11082.0|13059.0|15177.0|16089.0
 2014|F8735|40-44|W|GER|3709|741|1835.0|3698.0|5553.0|7405.0|7821.0|9372.0|11325.0|13294.0|15247.0|16088.0
 2014|F7747|45-49|W|GER|3708|657|1947.0|3818.0|5815.0|7695.0|8102.0|9609.0|11532.0|13402.0|15283.0|16088.0
 2014|F7324|H|W|ENG|3707|529|1836.0|3677.0|5610.0|7536.0|7957.0|9497.0|11438.0|13323.0|15263.0|16087.0
 2014|F764|45-49|W|GER|3706|656|1866.0|3702.0|5520.0|7360.0|7762.0|9247.0|11127.0|13081.0|15226.0|16087.0
 2014|F2697|40-44|W|ITA|3705|740|1941.0|3883.0|5810.0|7781.0|8191.0|9668.0|11562.0|13433.0|15320.0|16086.0
 2014|F870|50-54|W|DEN|3704|363|1916.0|3784.0|5601.0|7430.0|7820.0|9310.0|11257.0|13209.0|15224.0|16086.0
 2014|F4663|30-34|W|POL|3703|604|1919.0|3872.0|5715.0|7648.0|8049.0|9505.0|11449.0|13283.0|15209.0|16086.0
 2014|F1467|H|W|GER|3702|528|1901.0|3811.0|5645.0|7467.0|7857.0|9298.0|11213.0|13157.0|15177.0|16085.0
 2014|F8753|35-39|W|ESP|3701|594|1734.0|3517.0|5318.0|7141.0|7555.0|9066.0|11066.0|13119.0|15203.0|16085.0
 2014|F2222|50-54|W|FRA|3700|362|1867.0|3739.0|5625.0|7527.0|7939.0|9417.0|11345.0|13268.0|15243.0|16082.0
 2014|F5393|40-44|W|LTU|3699|739|1745.0|3422.0|5106.0|6849.0|7244.0|8739.0|10877.0|12993.0|15174.0|16082.0
 2014|F3344|30-34|W|DEN|3698|603|1737.0|3505.0|5313.0|7152.0|7560.0|9065.0|11076.0|13125.0|15227.0|16080.0
 2014|F6320|40-44|W|DEN|3697|738|1901.0|3763.0|5645.0|7536.0|7936.0|9439.0|11358.0|13308.0|15261.0|16080.0
 2014|F9266|H|W|CAN|3696|527|1834.0|3608.0|5380.0|7190.0|7580.0|9025.0|10911.0|12852.0|15190.0|16079.0
 2014|F3786|50-54|W|GER|3695|361|1826.0|3635.0|5565.0|7419.0|7815.0|9354.0|11342.0|13306.0|15271.0|16076.0
 2014|F8575|40-44|W|GER|3694|737|1799.0|3587.0|5391.0|7224.0|7618.0|9064.0|11151.0|13157.0|15238.0|16076.0
 2014|F1021|H|W|DEN|3693|526|1772.0|3582.0|5374.0|7190.0|7599.0|9109.0|11080.0|13121.0|15193.0|16075.0
 2014|F3814|50-54|W|GER|3692|360|1802.0|3617.0|5432.0|7268.0|7669.0|9153.0|11101.0|13119.0|15201.0|16075.0
 2014|F3315|40-44|W|NED|3691|736|1815.0|3584.0|5345.0|7128.0|7515.0|8985.0|10944.0|12920.0|15165.0|16074.0
 2014|F3632|40-44|W|NED|3690|735|1928.0|3839.0|5747.0|7619.0|8025.0|9533.0|11445.0|13355.0|15245.0|16074.0
 2014|F3276|45-49|W|GER|3689|655|1860.0|3696.0|5537.0|7414.0|7825.0|9354.0|11287.0|13225.0|15221.0|16074.0
 2014|F2278|50-54|W|NED|3688|359|1638.0|3293.0|4985.0|6754.0|7137.0|8582.0|10626.0|12811.0|15168.0|16073.0
 2014|F1420|70-74|W|GER|3687|3|1821.0|3654.0|5490.0|7308.0|7717.0|9231.0|11176.0|13176.0|15187.0|16073.0
 2014|F3426|45-49|W|GER|3686|654|1782.0|3537.0|5338.0|7164.0|7546.0|9016.0|11021.0|13026.0|15126.0|16071.0
 2014|F4757|65-69|W|GER|3685|9|1685.0|3441.0|5302.0|7176.0|7588.0|9118.0|11191.0|13188.0|15212.0|16070.0
 2014|F7025|45-49|W|FIN|3684|653|1844.0|3664.0|5483.0|7331.0|7729.0|9204.0|11135.0|13100.0|15201.0|16069.0
 2014|F4232|45-49|W|DEN|3683|652|1750.0|3563.0|5332.0|7110.0|7490.0|8923.0|10773.0|12780.0|15071.0|16069.0
 2014|F6682|40-44|W|GER|3682|734|1799.0|3607.0|5424.0|7266.0|7663.0|9164.0|11114.0|13092.0|15203.0|16066.0
 2014|F8748|55-59|W|SUI|3681|144|1793.0|3628.0|5486.0|7322.0|7751.0|9251.0|11182.0|13175.0|15245.0|16066.0
 2014|F8737|30-34|W|AUT|3679|602|1968.0|3912.0|5874.0|7771.0|8186.0|9673.0|11604.0|13433.0|15254.0|16065.0
 2014|F2830|40-44|W|DEN|3679|733|1771.0|3605.0|5502.0|7294.0|7675.0|9102.0|10965.0|12937.0|15095.0|16065.0
 2014|F6604|30-34|W|FIN|3678|601|1910.0|3815.0|5641.0|7494.0|7891.0|9384.0|11416.0|13315.0|15238.0|16064.0
 2014|F547|H|W|SWE|3677|525|1798.0|3551.0|5298.0|7064.0|7490.0|9034.0|11121.0|13137.0|15208.0|16064.0
 2014|F9646|45-49|W|NED|3676|651|1886.0|3770.0|5618.0|7466.0|7866.0|9338.0|11210.0|13149.0|15145.0|16064.0
 2014|F9498|45-49|W|HKG|3675|650|1738.0|3575.0|5429.0|7285.0|7701.0|9314.0|11262.0|13194.0|15169.0|16061.0
 2014|F3435|H|W|GER|3674|524|1826.0|3680.0|5821.0|7753.0|8138.0|9660.0|11557.0|13421.0|15271.0|16061.0
 2014|F4981|45-49|W|NED|3673|649|1818.0|3714.0|5553.0|7428.0|7836.0|9389.0|11354.0|13291.0|15236.0|16061.0
 2014|F3988|40-44|W|HUN|3672|732|1630.0|3470.0|5207.0|6948.0|7320.0|8984.0|11086.0|13216.0|15250.0|16060.0
 2014|F1028|55-59|W|GER|3671|143|1801.0|3645.0|5511.0|7545.0|7962.0|9497.0|11330.0|13242.0|15205.0|16059.0
 2014|F7990|55-59|W|CAN|3670|142|1782.0|3573.0|5399.0|7233.0|7644.0|9182.0|11232.0|13197.0|15225.0|16059.0
 2014|F7882|50-54|W|GER|3669|358|1683.0|3453.0|5235.0|7051.0|7451.0|9005.0|11093.0|13125.0|15218.0|16059.0
 2014|F9402|50-54|W|FRA|3668|357|1658.0|3357.0|5065.0|6832.0|7230.0|8892.0|10921.0|13022.0|15173.0|16057.0
 2014|F7726|30-34|W|AUT|3667|600|1813.0|3691.0|5723.0|7563.0|7960.0|9446.0|11337.0|13248.0|15206.0|16056.0
 2014|F6889|55-59|W|GER|3666|141|1697.0|3459.0|5240.0|7007.0|7395.0|8850.0|10657.0|12576.0|15149.0|16055.0
 2014|F6970|45-49|W|GER|3664|648|1960.0|3850.0|5691.0|7550.0|7963.0|9468.0|11410.0|13264.0|15198.0|16051.0
 2014|F9411|40-44|W|GER|3664|731|1912.0|3825.0|5726.0|7600.0|8005.0|9469.0|11364.0|13301.0|15265.0|16051.0
 2014|F6232|45-49|W|ITA|3663|647|1897.0|3829.0|5713.0|7584.0|7979.0|9480.0|11447.0|13350.0|15271.0|16050.0
 2014|F1102|30-34|W|NOR|3662|599|1738.0|3547.0|5410.0|7189.0|7588.0|9025.0|10967.0|12963.0|15115.0|16050.0
 2014|F8038|45-49|W|ISR|3661|646|1985.0|3930.0|5786.0|7649.0|8047.0|9589.0|11449.0|13297.0|15241.0|16049.0
 2014|F8595|35-39|W|DEN|3660|593|1841.0|3750.0|5691.0|7560.0|7970.0|9478.0|11422.0|13316.0|15237.0|16048.0
 2014|F8517|45-49|W|FRA|3659|645|1778.0|3513.0|5245.0|7062.0|7444.0|9069.0|11243.0|13182.0|15201.0|16047.0
 2014|F5939|50-54|W|GER|3658|356|1816.0|3650.0|5489.0|7360.0|7757.0|9260.0|11197.0|13208.0|15190.0|16044.0
 2014|F8635|40-44|W|GER|3657|730|1816.0|3699.0|5601.0|7471.0|7884.0|9357.0|11308.0|13233.0|15172.0|16043.0
 2014|F6668|30-34|W|GER|3656|598|1761.0|3530.0|5343.0|7056.0|7431.0|9074.0|10912.0|13182.0|15218.0|16042.0
 2014|F9185|55-59|W|GER|3655|140|1773.0|3576.0|5417.0|7253.0|7659.0|9238.0|11204.0|13187.0|15172.0|16041.0
 2014|F8885|30-34|W|ITA|3654|597|1834.0|3672.0|5486.0|7305.0|7696.0|NaN|NaN|13137.0|15227.0|16041.0
 2014|F4342|30-34|W|GER|3653|596|1791.0|3510.0|5248.0|7100.0|7497.0|9111.0|11103.0|13115.0|15186.0|16041.0
 2014|F7277|45-49|W|FRA|3652|644|1615.0|3189.0|4927.0|6621.0|6994.0|8597.0|10730.0|12962.0|15189.0|16040.0
 2014|F2978|H|W|POL|3651|523|1676.0|3405.0|5126.0|6980.0|7375.0|8947.0|10962.0|13043.0|15190.0|16040.0
 2014|F1836|60-64|W|KOR|3650|52|1887.0|3715.0|5582.0|7524.0|7968.0|9503.0|11447.0|13303.0|15203.0|16039.0
 2014|F8160|H|W|USA|3649|522|1727.0|3427.0|5145.0|6932.0|7342.0|8818.0|10821.0|12943.0|15159.0|16039.0
 2014|F2267|45-49|W|GER|3648|643|1863.0|3827.0|5664.0|7506.0|7911.0|9377.0|11298.0|13208.0|15183.0|16039.0
 2014|F8549|35-39|W|BEL|3647|592|1825.0|3636.0|5405.0|7174.0|7553.0|8978.0|10883.0|12810.0|14892.0|16039.0
 2014|F4083|35-39|W|GBR|3646|591|1830.0|3698.0|5491.0|7259.0|7668.0|9163.0|11129.0|13124.0|15218.0|16038.0
 2014|F6391|35-39|W|DEN|3645|590|1929.0|3823.0|5737.0|7591.0|7987.0|9446.0|11344.0|13277.0|15209.0|16038.0
 2014|F3495|30-34|W|TUR|3644|595|1721.0|3492.0|5283.0|7111.0|7501.0|9113.0|11160.0|13184.0|15229.0|16036.0
 2014|F4402|30-34|W|GER|3643|594|1988.0|4030.0|6060.0|8191.0|8626.0|10261.0|12248.0|13919.0|15440.0|16035.0
 2014|F961|40-44|W|ESP|3642|729|1873.0|3761.0|5640.0|7528.0|7931.0|9433.0|11346.0|13249.0|15182.0|16035.0
 2014|F2771|40-44|W|GER|3641|728|1860.0|3726.0|5616.0|7519.0|7933.0|9427.0|11327.0|13199.0|15174.0|16035.0
 2014|F9519|50-54|W|GER|3640|355|1673.0|3392.0|5123.0|6992.0|7414.0|8924.0|11003.0|13061.0|15130.0|16033.0
 2014|F7656|35-39|W|GER|3639|589|1707.0|3461.0|5247.0|6999.0|7389.0|8868.0|10841.0|12909.0|15109.0|16033.0
 2014|F7367|50-54|W|GER|3638|354|1828.0|3640.0|5438.0|7250.0|7644.0|9153.0|11109.0|13150.0|15174.0|16033.0
 2014|F5243|50-54|W|GER|3637|353|1846.0|3705.0|5562.0|7421.0|7837.0|9316.0|11281.0|13203.0|15185.0|16032.0
 2014|F7967|45-49|W|NED|3636|642|1754.0|3516.0|5306.0|7094.0|7486.0|9111.0|10989.0|12922.0|15101.0|16031.0
 2014|F1855|40-44|W|DEN|3635|727|1803.0|3883.0|5669.0|7486.0|7880.0|9367.0|11283.0|13286.0|15221.0|16030.0
 2014|F7800|30-34|W|AUT|3634|593|1736.0|3439.0|5183.0|6983.0|7375.0|8849.0|10842.0|12910.0|15109.0|16029.0
 2014|F383|60-64|W|GER|3633|51|1741.0|3492.0|5287.0|7086.0|7485.0|8963.0|10996.0|13139.0|15188.0|16029.0
 2014|F3077|45-49|W|GER|3632|641|1672.0|3361.0|5090.0|6881.0|7270.0|8727.0|10710.0|12774.0|15006.0|16028.0
 2014|F6714|40-44|W|DEN|3631|726|1767.0|3591.0|5487.0|7278.0|7821.0|9286.0|11282.0|13260.0|15174.0|16028.0
 2014|F730|50-54|W|GBR|3630|352|1850.0|3742.0|5576.0|7432.0|7840.0|9325.0|11247.0|13199.0|15240.0|16028.0
 2014|F7606|40-44|W|ESP|3629|725|1805.0|3646.0|5556.0|7501.0|7919.0|9465.0|11421.0|13363.0|15242.0|16026.0
 2014|F752|45-49|W|SUI|3628|640|1735.0|3516.0|5347.0|7170.0|7575.0|9063.0|11027.0|13078.0|15131.0|16026.0
 2014|F2869|30-34|W|MEX|3627|592|1851.0|3684.0|5548.0|7408.0|7809.0|9303.0|11193.0|13122.0|15189.0|16025.0
 2014|F5361|40-44|W|DEN|3626|724|1918.0|3842.0|5753.0|7667.0|8076.0|9592.0|11540.0|13476.0|15283.0|16024.0
 2014|F3026|30-34|W|SWE|3625|591|1650.0|3298.0|5010.0|6931.0|7340.0|8864.0|10877.0|12867.0|15215.0|16024.0
 2014|F3107|50-54|W|SUI|3624|351|1837.0|3662.0|5463.0|7262.0|7651.0|9126.0|11112.0|13098.0|15144.0|16019.0
 2014|F956|40-44|W|ITA|3622|723|1652.0|3323.0|4983.0|6661.0|7028.0|8429.0|10376.0|12514.0|15004.0|16018.0
 2014|F4431|H|W|GBR|3622|521|1857.0|3723.0|5605.0|7490.0|7900.0|9375.0|11298.0|13238.0|15189.0|16018.0
 2014|F3728|30-34|W|SWE|3621|590|1936.0|3853.0|5735.0|7617.0|8023.0|9532.0|11489.0|13381.0|15252.0|16016.0
 2014|F5280|40-44|W|POL|3620|722|1921.0|3860.0|5742.0|7636.0|8043.0|9535.0|11451.0|13356.0|15237.0|16013.0
 2014|F3356|45-49|W|GER|3619|639|1706.0|3396.0|5098.0|6824.0|7197.0|8699.0|10649.0|12706.0|15017.0|16013.0
 2014|F7779|50-54|W|GER|3618|350|1706.0|3396.0|5087.0|6814.0|7197.0|8699.0|10648.0|12707.0|15018.0|16012.0
 2014|F3556|40-44|W|FIN|3617|721|1715.0|3488.0|5229.0|7063.0|7454.0|8972.0|11001.0|13025.0|15152.0|16012.0
 2014|F5117|45-49|W|GER|3616|638|1807.0|3608.0|5482.0|7324.0|7724.0|9225.0|11271.0|13214.0|15194.0|16011.0
 2014|F6516|35-39|W|NOR|3615|588|1831.0|3673.0|5506.0|7340.0|7744.0|9222.0|11174.0|13147.0|15160.0|16011.0
 2014|F7195|60-64|W|FIN|3614|50|1645.0|3365.0|5140.0|6959.0|7379.0|8925.0|10978.0|13050.0|15101.0|16011.0
 2014|F2994|40-44|W|DEN|3613|720|1725.0|3453.0|5233.0|7054.0|7453.0|9096.0|10938.0|12846.0|15086.0|16010.0
 2014|F1304|H|W|GER|3612|520|1700.0|3428.0|5191.0|7008.0|7416.0|8914.0|10889.0|13010.0|15048.0|16009.0
 2014|F1330|45-49|W|GER|3611|637|1891.0|3810.0|5758.0|7654.0|8058.0|9542.0|11446.0|13319.0|15202.0|16009.0
 2014|F1954|30-34|W|USA|3610|589|1831.0|3670.0|5514.0|7350.0|7752.0|9233.0|11133.0|13201.0|15147.0|16008.0
 2014|F2866|45-49|W|GER|3609|636|1838.0|3702.0|5545.0|7408.0|7806.0|9296.0|11208.0|13137.0|15131.0|16006.0
 2014|F9320|45-49|W|GER|3608|635|1823.0|3690.0|5543.0|7422.0|7855.0|9369.0|11295.0|13198.0|15136.0|16005.0
 2014|F6079|H|W|BRA|3607|519|1868.0|3727.0|5773.0|7620.0|8007.0|9412.0|11402.0|13276.0|15179.0|16005.0
 2014|F2339|45-49|W|FRA|3606|634|1742.0|3539.0|5374.0|7265.0|7659.0|9118.0|11039.0|13048.0|15144.0|16003.0
 2014|F1403|50-54|W|POL|3605|349|1953.0|3866.0|5768.0|7698.0|8129.0|9574.0|11485.0|13370.0|15231.0|16001.0
 2014|F3780|50-54|W|GER|3604|348|1671.0|3375.0|5199.0|6994.0|7379.0|9009.0|10991.0|12970.0|15062.0|15999.0
 2014|F4042|45-49|W|NED|3602|633|1891.0|3807.0|5736.0|7634.0|8048.0|9531.0|11427.0|13274.0|15182.0|15998.0
 2014|F2635|50-54|W|CAN|3602|347|1740.0|3552.0|5410.0|7306.0|7788.0|9316.0|11298.0|13221.0|15174.0|15998.0
 2014|F6117|50-54|W|SWE|3601|346|1725.0|3500.0|5308.0|7147.0|7549.0|9059.0|11029.0|13041.0|15105.0|15998.0
 2014|F6758|30-34|W|USA|3600|588|1889.0|3787.0|5611.0|7466.0|7872.0|9348.0|11287.0|13192.0|15171.0|15998.0
 2014|F9275|30-34|W|GBR|3599|587|1775.0|3546.0|5304.0|7044.0|7421.0|8879.0|10807.0|12926.0|15087.0|15997.0
 2014|F5921|45-49|W|USA|3598|632|1592.0|3245.0|4935.0|6697.0|7080.0|8546.0|10626.0|12692.0|15010.0|15997.0
 2014|F3663|50-54|W|GER|3597|345|1692.0|3381.0|5119.0|6835.0|7243.0|8682.0|10606.0|12707.0|15011.0|15997.0
 2014|F2033|30-34|W|CHI|3596|586|1837.0|3567.0|5339.0|7150.0|7539.0|9017.0|11088.0|13258.0|15230.0|15996.0
 2014|F5883|45-49|W|GER|3595|631|1752.0|3472.0|5153.0|6904.0|7287.0|8699.0|10601.0|12787.0|15086.0|15996.0
 2014|F5217|40-44|W|USA|3594|719|1733.0|3537.0|5451.0|7252.0|7654.0|9197.0|11175.0|13198.0|15165.0|15995.0
 2014|F3853|35-39|W|IRL|3593|587|1749.0|3483.0|5228.0|7022.0|7426.0|8910.0|10925.0|12961.0|15163.0|15994.0
 2014|F8564|30-34|W|GBR|3592|585|1696.0|3416.0|5139.0|6878.0|7265.0|8715.0|10763.0|12923.0|15046.0|15993.0
 2014|F3180|50-54|W|CHI|3591|344|1788.0|3580.0|5371.0|7170.0|7566.0|9024.0|10958.0|13007.0|15108.0|15991.0
 2014|F2169|55-59|W|NED|3590|139|1888.0|3698.0|5575.0|7435.0|7835.0|9352.0|11265.0|13227.0|15143.0|15991.0
 2014|F2337|40-44|W|IRL|3589|718|1715.0|3478.0|5251.0|7073.0|7476.0|8967.0|10931.0|12999.0|15112.0|15989.0
 2014|F4805|35-39|W|UKR|3588|586|1862.0|3761.0|5594.0|7455.0|7860.0|9374.0|11300.0|13173.0|15129.0|15986.0
 2014|F2684|30-34|W|IRL|3587|584|1697.0|3455.0|5219.0|6977.0|7385.0|8883.0|11199.0|13182.0|15137.0|15986.0
 2014|F6623|H|W|GBR|3586|518|1795.0|3578.0|5358.0|7164.0|7562.0|9052.0|11021.0|13046.0|15131.0|15984.0
 2014|F2934|50-54|W|GER|3585|343|1882.0|3695.0|5478.0|7338.0|7729.0|9188.0|11177.0|13056.0|15173.0|15983.0
 2014|F9339|55-59|W|USA|3584|138|1839.0|3675.0|5464.0|7266.0|7651.0|9102.0|10970.0|12968.0|15107.0|15983.0
 2014|F7829|50-54|W|NED|3583|342|1831.0|3781.0|5595.0|7434.0|7831.0|9359.0|11298.0|13269.0|15171.0|15981.0
 2014|F8012|30-34|W|RUS|3582|583|1938.0|3852.0|5755.0|7627.0|8033.0|9530.0|11426.0|13316.0|15189.0|15980.0
 2014|F6855|45-49|W|FIN|3581|630|1984.0|4010.0|5957.0|7979.0|8350.0|9771.0|11722.0|13467.0|15246.0|15980.0
 2014|F9335|40-44|W|GBR|3580|717|1817.0|3735.0|5594.0|7428.0|7820.0|9264.0|11178.0|13094.0|15121.0|15979.0
 2014|F1183|50-54|W|GER|3579|341|1867.0|3732.0|5552.0|7375.0|7764.0|9261.0|11182.0|13122.0|15145.0|15976.0
 2014|F7383|40-44|W|GER|3578|716|1796.0|3617.0|5469.0|7376.0|7792.0|9303.0|11273.0|13213.0|15152.0|15975.0
 2014|F223|55-59|W|GER|3577|137|1714.0|3463.0|5213.0|6967.0|7348.0|8839.0|10850.0|13137.0|15107.0|15975.0
 2014|F8942|H|W|NOR|3576|517|1866.0|3736.0|5638.0|7546.0|7965.0|9450.0|11368.0|13186.0|15135.0|15975.0
 2014|F6924|30-34|W|USA|3575|582|2046.0|3956.0|5876.0|7780.0|8205.0|9733.0|11584.0|13366.0|15165.0|15975.0
 2014|F7110|40-44|W|GER|3574|715|1841.0|3728.0|5599.0|7429.0|7839.0|9294.0|11180.0|13089.0|15090.0|15974.0
 2014|F5131|45-49|W|DEN|3573|629|1747.0|3468.0|5191.0|6964.0|7353.0|8903.0|10914.0|13007.0|15091.0|15974.0
 2014|F3981|45-49|W|GER|3572|628|1749.0|3461.0|5243.0|6973.0|7369.0|8782.0|10702.0|12712.0|15007.0|15974.0
 2014|F2837|45-49|W|FRA|3571|627|1747.0|3528.0|5333.0|7159.0|7551.0|8988.0|10915.0|12950.0|15052.0|15973.0
 2014|F6940|45-49|W|DEN|3570|626|1802.0|3714.0|5536.0|7378.0|7777.0|9280.0|11210.0|13126.0|15095.0|15971.0
 2014|F2013|35-39|W|ITA|3569|585|1827.0|3681.0|5601.0|7479.0|7882.0|9377.0|11322.0|13216.0|15155.0|15969.0
 2014|F8293|45-49|W|GER|3568|625|1833.0|3661.0|5500.0|7348.0|7752.0|9242.0|11174.0|13109.0|15096.0|15969.0
 2014|F3372|50-54|W|FRA|3567|340|1827.0|3681.0|5602.0|7480.0|7882.0|9378.0|11322.0|13217.0|15154.0|15968.0
 2014|F1691|50-54|W|GBR|3566|339|1742.0|3488.0|5349.0|7221.0|7619.0|9108.0|11066.0|13090.0|15085.0|15967.0
 2014|F7836|45-49|W|AUT|3565|624|1708.0|3389.0|5083.0|6800.0|7175.0|8663.0|10832.0|12861.0|15011.0|15967.0
 2014|F2594|50-54|W|SWE|3564|338|1817.0|3556.0|5321.0|7105.0|7497.0|8969.0|10894.0|12867.0|14991.0|15965.0
 2014|F8373|50-54|W|NOR|3563|337|1876.0|3728.0|5631.0|7547.0|7953.0|9439.0|11382.0|13255.0|15172.0|15965.0
 2014|F7951|30-34|W|GER|3562|581|1835.0|3660.0|5537.0|7332.0|7734.0|9183.0|11064.0|13009.0|15063.0|15963.0
 2014|F8371|45-49|W|GER|3561|623|1754.0|3497.0|5247.0|7070.0|7455.0|8850.0|10693.0|12686.0|14942.0|15963.0
 2014|F1650|50-54|W|BEL|3560|336|1879.0|3772.0|5704.0|7581.0|7990.0|9491.0|11417.0|13306.0|15172.0|15962.0
 2014|F2035|40-44|W|GER|3559|714|1764.0|3570.0|5393.0|7237.0|7634.0|9129.0|11153.0|13113.0|15126.0|15959.0
 2014|F5652|30-34|W|GER|3558|580|1697.0|3410.0|5193.0|6996.0|7394.0|8915.0|10949.0|13016.0|15111.0|15959.0
 2014|F5143|35-39|W|NOR|3557|584|1902.0|3772.0|5577.0|7323.0|7712.0|9154.0|11028.0|12973.0|15129.0|15957.0
 2014|F5956|50-54|W|ITA|3556|335|1705.0|3475.0|5261.0|7060.0|7464.0|8955.0|10944.0|12967.0|15045.0|15955.0
 2014|F4266|50-54|W|USA|3555|334|1753.0|3524.0|5298.0|7097.0|7495.0|9025.0|11016.0|13067.0|15117.0|15954.0
 2014|F5485|H|W|GBR|3554|516|1849.0|3685.0|5490.0|7359.0|7762.0|9249.0|11112.0|12974.0|15059.0|15953.0
 2014|F2200|40-44|W|CHI|3552|713|1894.0|3800.0|5683.0|7588.0|7994.0|9498.0|11403.0|13253.0|15108.0|15952.0
 2014|F3453|30-34|W|SWE|3552|579|1741.0|3538.0|5283.0|7031.0|7448.0|8961.0|10810.0|12867.0|15093.0|15952.0
 2014|F4259|50-54|W|DEN|3551|333|1789.0|3572.0|5370.0|7159.0|7547.0|8990.0|10953.0|12903.0|14990.0|15951.0
 2014|F6436|45-49|W|GER|3550|622|1787.0|3552.0|5332.0|7120.0|7518.0|8991.0|11055.0|13002.0|15042.0|15950.0
 2014|F4031|JA|W|GER|3549|12|1872.0|3770.0|5609.0|7450.0|7829.0|9208.0|11150.0|13125.0|15129.0|15950.0
 2014|F4150|40-44|W|BRA|3548|712|1901.0|3769.0|5622.0|7463.0|7874.0|9343.0|11258.0|13179.0|15120.0|15949.0
 2014|F6840|H|W|AUS|3547|515|1608.0|3243.0|4994.0|6851.0|7265.0|8748.0|10681.0|12810.0|15044.0|15948.0
 2014|F6660|35-39|W|TUR|3546|583|1707.0|3462.0|5217.0|7009.0|7411.0|8941.0|10904.0|12938.0|15039.0|15948.0
 2014|F7462|45-49|W|GBR|3545|621|1782.0|3577.0|5409.0|7247.0|7642.0|9103.0|11163.0|13140.0|15079.0|15947.0
 2014|F2640|H|W|GBR|3544|514|1701.0|3462.0|5248.0|7093.0|7504.0|9006.0|10940.0|12903.0|15042.0|15946.0
 2014|F4709|45-49|W|GER|3543|620|1884.0|3807.0|5758.0|7785.0|8206.0|9732.0|11610.0|13389.0|15189.0|15945.0
 2014|F3589|50-54|W|GER|3542|332|1798.0|3558.0|5340.0|7134.0|7530.0|9096.0|11051.0|13010.0|15062.0|15944.0
 2014|F2859|50-54|W|GBR|3541|331|1805.0|3591.0|5348.0|7126.0|7523.0|8985.0|10917.0|12867.0|14994.0|15944.0
 2014|F3350|45-49|W|ITA|3540|619|1649.0|3361.0|5041.0|6796.0|7190.0|8689.0|10719.0|12768.0|15009.0|15943.0
 2014|F9084|30-34|W|GER|3539|578|1823.0|3697.0|5556.0|7394.0|7794.0|9267.0|11290.0|13216.0|15148.0|15942.0
 2014|F3927|45-49|W|ENG|3538|618|1925.0|3790.0|5641.0|7510.0|7915.0|9421.0|11353.0|13192.0|15109.0|15942.0
 2014|F6933|55-59|W|USA|3537|136|1710.0|3440.0|5188.0|6953.0|7334.0|8798.0|10706.0|12822.0|15019.0|15942.0
 2014|F4617|45-49|W|GER|3536|617|1930.0|3804.0|5653.0|7563.0|7966.0|9419.0|11314.0|13209.0|15124.0|15942.0
 2014|F9080|35-39|W|GBR|3535|582|1841.0|3718.0|5592.0|7422.0|7823.0|9290.0|11169.0|12912.0|14944.0|15941.0
 2014|F6646|H|W|GER|3534|513|1894.0|3744.0|5534.0|7269.0|7653.0|9137.0|11006.0|12913.0|15006.0|15941.0
 2014|F2466|55-59|W|SWE|3533|135|1616.0|3335.0|5117.0|6880.0|7272.0|8766.0|10724.0|12836.0|15008.0|15940.0
 2014|F2931|45-49|W|ENG|3532|616|1842.0|3693.0|5518.0|7352.0|7751.0|9206.0|11075.0|13008.0|15000.0|15939.0
 2014|F1382|45-49|W|FRA|3531|615|1766.0|3600.0|5413.0|7244.0|7639.0|9097.0|11037.0|13006.0|15065.0|15939.0
 2014|F1877|45-49|W|CAN|3530|614|1748.0|3531.0|5331.0|7153.0|7529.0|9013.0|10899.0|12896.0|15064.0|15939.0
 2014|F7014|H|W|GER|3529|512|1768.0|3516.0|5378.0|7189.0|7575.0|9034.0|11067.0|13115.0|15104.0|15938.0
 2014|F8804|35-39|W|GER|3528|581|1900.0|3801.0|5664.0|7541.0|7947.0|9405.0|11269.0|13156.0|15113.0|15938.0
 2014|F9083|55-59|W|GER|3527|134|1692.0|3447.0|5205.0|7010.0|7418.0|8939.0|10998.0|13058.0|15058.0|15938.0
 2014|F6636|55-59|W|USA|3526|133|1785.0|3600.0|5368.0|7117.0|7508.0|9002.0|10974.0|12962.0|14993.0|15935.0
 2014|F4931|40-44|W|ITA|3525|711|1669.0|3412.0|5250.0|7085.0|7488.0|8985.0|10889.0|12878.0|15000.0|15935.0
 2014|F1026|45-49|W|GER|3524|613|1855.0|3714.0|5546.0|7408.0|7816.0|9304.0|11185.0|13120.0|15061.0|15930.0
 2014|F7018|35-39|W|ESP|3523|580|1726.0|3578.0|5420.0|7213.0|7604.0|9089.0|11021.0|12986.0|15019.0|15929.0
 2014|F9388|H|W|GER|3522|511|1351.0|2720.0|4107.0|5510.0|5825.0|6994.0|8708.0|10866.0|14880.0|15928.0
 2014|F9404|40-44|W|GER|3521|710|1917.0|3775.0|5580.0|7423.0|7816.0|9267.0|11160.0|13112.0|15091.0|15928.0
 2014|F373|50-54|W|GER|3520|330|1727.0|3520.0|5333.0|7133.0|7527.0|8985.0|10985.0|12954.0|15079.0|15927.0
 2014|F973|30-34|W|GBR|3518|577|1695.0|3417.0|5101.0|6853.0|7233.0|8715.0|10642.0|12764.0|14960.0|15925.0
 2014|F8503|H|W|GBR|3518|510|1849.0|3678.0|5522.0|7379.0|7779.0|9268.0|11204.0|13124.0|15092.0|15925.0
 2014|F3272|45-49|W|GBR|3517|612|1828.0|3637.0|5424.0|7281.0|7681.0|9156.0|11105.0|13108.0|15097.0|15924.0
 2014|F6159|40-44|W|GER|3516|709|1671.0|3392.0|5157.0|7000.0|7406.0|8998.0|10964.0|12989.0|15033.0|15924.0
 2014|F3990|45-49|W|GER|3515|611|1844.0|3669.0|5530.0|7414.0|7825.0|9330.0|11211.0|13121.0|15061.0|15924.0
 2014|F6728|40-44|W|FIN|3514|708|1919.0|3798.0|5678.0|7543.0|7956.0|9421.0|11296.0|13144.0|15110.0|15922.0
 2014|F1570|40-44|W|DEN|3513|707|1793.0|3579.0|5355.0|7172.0|7566.0|9034.0|10966.0|12941.0|15083.0|15921.0
 2014|F1438|45-49|W|BRA|3512|610|1923.0|3793.0|5659.0|7506.0|7912.0|9411.0|11342.0|13252.0|15138.0|15920.0
 2014|F3582|H|W|FRA|3511|509|1632.0|3273.0|4927.0|6635.0|7012.0|8437.0|10535.0|12469.0|14958.0|15919.0
 2014|F3581|50-54|W|FRA|3510|329|1632.0|3273.0|4927.0|6634.0|7012.0|8437.0|10535.0|12469.0|14958.0|15919.0
 2014|F6001|45-49|W|CAN|3509|609|1691.0|3437.0|5201.0|7048.0|7441.0|8988.0|11008.0|13039.0|15088.0|15917.0
 2014|F1950|35-39|W|GER|3508|579|1663.0|3393.0|5086.0|6803.0|7173.0|8608.0|10613.0|12619.0|15026.0|15917.0
 2014|F2555|H|W|AUT|3507|508|1694.0|3433.0|5189.0|6983.0|7385.0|8909.0|10878.0|13057.0|15061.0|15916.0
 2014|F1098|45-49|W|VEN|3506|608|1818.0|3719.0|5513.0|7298.0|7696.0|9131.0|10981.0|12949.0|15028.0|15916.0
 2014|F299|50-54|W|GER|3505|328|1637.0|3297.0|4990.0|6690.0|7068.0|8493.0|10439.0|12676.0|14979.0|15916.0
 2014|F3471|40-44|W|SUI|3504|706|1897.0|3781.0|5611.0|7494.0|7894.0|9367.0|11243.0|13116.0|15039.0|15916.0
 2014|F5348|40-44|W|GER|3503|705|1783.0|3538.0|5326.0|7178.0|7575.0|9012.0|10934.0|12953.0|14997.0|15916.0
 2014|F6323|35-39|W|DEN|3502|578|1964.0|3877.0|5767.0|7640.0|8040.0|9648.0|11500.0|13337.0|15184.0|15915.0
 2014|F2441|35-39|W|BRA|3501|577|1848.0|3744.0|5565.0|7404.0|7859.0|9324.0|11167.0|12999.0|14957.0|15915.0
 2014|F6482|40-44|W|NED|3500|704|1816.0|3595.0|5355.0|7155.0|7547.0|9001.0|10889.0|12806.0|14906.0|15914.0
 2014|F1577|H|W|GER|3499|507|1863.0|3629.0|5412.0|7245.0|7649.0|9136.0|11123.0|13112.0|15090.0|15914.0
 2014|F9648|50-54|W|GER|3498|327|1724.0|3501.0|5333.0|7150.0|7631.0|9124.0|11010.0|12906.0|15003.0|15913.0
 2014|F2586|45-49|W|DEN|3497|607|1743.0|3533.0|5349.0|7174.0|7578.0|9064.0|11032.0|13049.0|15062.0|15912.0
 2014|F6900|45-49|W|GER|3496|606|1809.0|3615.0|5396.0|7199.0|7592.0|9051.0|10949.0|12881.0|15142.0|15911.0
 2014|F8260|60-64|W|RSA|3495|49|1788.0|3609.0|5407.0|7305.0|7693.0|9162.0|11067.0|12961.0|15032.0|15910.0
 2014|F7546|40-44|W|RSA|3494|703|1861.0|3733.0|5600.0|7507.0|7927.0|9435.0|11370.0|13223.0|15115.0|15909.0
 2014|F8966|60-64|W|USA|3493|48|1694.0|3438.0|5244.0|7100.0|7510.0|9031.0|11085.0|13131.0|15091.0|15908.0
 2014|F7674|35-39|W|NED|3492|576|1886.0|3769.0|5619.0|7467.0|7866.0|9338.0|11169.0|13052.0|15026.0|15906.0
 2014|F4209|35-39|W|GER|3491|575|1920.0|3754.0|5584.0|7454.0|7855.0|9313.0|11207.0|13153.0|15087.0|15906.0
 2014|F6442|45-49|W|DEN|3489|605|1806.0|3679.0|5575.0|7406.0|7790.0|9290.0|11216.0|13091.0|15074.0|15906.0
 2014|F4361|35-39|W|DEN|3489|574|1660.0|3372.0|5093.0|6851.0|7225.0|8810.0|10666.0|12772.0|14966.0|15906.0
 2014|F5345|50-54|W|USA|3488|326|1759.0|3544.0|5266.0|7019.0|7409.0|8886.0|10908.0|13032.0|15082.0|15905.0
 2014|F1684|35-39|W|ITA|3487|573|1831.0|3664.0|5487.0|7328.0|7738.0|9209.0|11141.0|13084.0|15103.0|15905.0
 2014|F4602|H|W|GER|3485|506|1695.0|3378.0|5130.0|6938.0|7347.0|8891.0|10933.0|12991.0|15030.0|15905.0
 2014|F5781|30-34|W|GER|3485|576|1858.0|3739.0|5622.0|7513.0|7932.0|9483.0|11376.0|13245.0|15119.0|15905.0
 2014|F5678|30-34|W|POL|3483|574|1918.0|3748.0|5545.0|7296.0|7680.0|9185.0|11086.0|13067.0|15132.0|15904.0
 2014|F5580|30-34|W|DEN|3483|574|1785.0|3579.0|5397.0|7250.0|7637.0|9095.0|11034.0|12970.0|14991.0|15904.0
 2014|F4705|40-44|W|GER|3482|702|1855.0|3704.0|5518.0|7344.0|7743.0|9194.0|11078.0|12993.0|15039.0|15902.0
 2014|F1404|H|W|DEN|3481|505|1942.0|3846.0|5713.0|7600.0|8001.0|9499.0|11406.0|13249.0|15104.0|15901.0
 2014|F3465|H|W|DEN|3480|504|1941.0|3845.0|5713.0|7601.0|8000.0|9499.0|11408.0|13249.0|15104.0|15900.0
 2014|F6138|30-34|W|GER|3479|573|1811.0|3625.0|5443.0|7356.0|7748.0|9212.0|11107.0|13012.0|15034.0|15900.0
 2014|F3683|40-44|W|GER|3478|701|1812.0|3623.0|5407.0|7241.0|7647.0|9129.0|11100.0|13020.0|14977.0|15899.0
 2014|F3922|45-49|W|NOR|3477|604|1656.0|3354.0|5008.0|6751.0|7164.0|8678.0|10777.0|12839.0|14971.0|15899.0
 2014|F7306|45-49|W|GER|3476|603|1780.0|3623.0|5425.0|7197.0|7588.0|9022.0|10910.0|12870.0|14955.0|15898.0
 2014|F3404|H|W|NED|3475|503|1815.0|3595.0|5355.0|7154.0|7546.0|9000.0|10889.0|12805.0|14905.0|15896.0
 2014|F6101|45-49|W|DEN|3474|602|1683.0|3444.0|5156.0|6919.0|7294.0|8835.0|10818.0|12776.0|14850.0|15895.0
 2014|F5006|60-64|W|GER|3473|47|1656.0|3362.0|5120.0|6945.0|7345.0|8887.0|10797.0|12970.0|15041.0|15894.0
 2014|F7359|40-44|W|SUI|3472|700|1819.0|3619.0|5392.0|7144.0|7529.0|9007.0|10861.0|12732.0|14957.0|15893.0
 2014|F5018|45-49|W|NED|3471|601|1806.0|3630.0|5422.0|7249.0|7643.0|9115.0|11041.0|12977.0|15042.0|15892.0
 2014|F3635|40-44|W|NED|3470|699|1805.0|3631.0|5422.0|7249.0|7643.0|9115.0|11041.0|12977.0|15042.0|15892.0
 2014|F5961|40-44|W|BEL|3469|698|1907.0|3793.0|5610.0|7397.0|7786.0|9246.0|11166.0|13090.0|15075.0|15883.0
 2014|F3319|35-39|W|GER|3468|572|1875.0|3969.0|5812.0|7671.0|8076.0|9513.0|11338.0|13130.0|15052.0|15883.0
 2014|F3032|45-49|W|ITA|3467|600|1823.0|3663.0|5521.0|7406.0|7825.0|9330.0|11257.0|13165.0|15076.0|15883.0
 2014|F2739|40-44|W|USA|3466|697|1627.0|3313.0|5106.0|7021.0|7412.0|8903.0|10945.0|12971.0|15034.0|15882.0
 2014|F7663|45-49|W|GER|3465|599|1688.0|3294.0|5010.0|6869.0|7280.0|8783.0|10802.0|12864.0|14957.0|15881.0
 2014|F5841|30-34|W|USA|3464|572|2065.0|4085.0|5838.0|7615.0|8018.0|9450.0|11296.0|13121.0|15018.0|15879.0
 2014|F7047|45-49|W|SIN|3463|598|1676.0|3418.0|5208.0|7041.0|7435.0|8945.0|10888.0|12878.0|14980.0|15878.0
 2014|F8035|40-44|W|JPN|3462|696|1607.0|3321.0|5033.0|6862.0|7297.0|8927.0|11082.0|13216.0|15124.0|15874.0
 2014|F6663|35-39|W|POL|3461|571|1939.0|3892.0|5831.0|7756.0|8173.0|9647.0|11516.0|13344.0|15147.0|15872.0
 2014|F3898|35-39|W|GER|3460|570|1654.0|3382.0|5055.0|6737.0|7100.0|8622.0|10809.0|12814.0|15114.0|15871.0
 2014|F6564|35-39|W|IRL|3459|569|1829.0|3674.0|5506.0|7422.0|7826.0|9321.0|11224.0|13178.0|15135.0|15871.0
 2014|F5358|55-59|W|DEN|3458|132|1973.0|3911.0|5781.0|7657.0|8068.0|9545.0|11403.0|13234.0|15090.0|15870.0
 2014|F4181|45-49|W|USA|3457|597|1645.0|3274.0|4890.0|6510.0|6900.0|8307.0|10372.0|12669.0|14708.0|15870.0
 2014|F6144|50-54|W|SUI|3456|325|1717.0|3468.0|5198.0|6941.0|7327.0|8777.0|10731.0|12806.0|14983.0|15869.0
 2014|F3534|40-44|W|GER|3455|695|1996.0|3852.0|5706.0|7554.0|7951.0|9407.0|11227.0|13036.0|15101.0|15869.0
 2014|F2021|30-34|W|BRA|3454|571|1838.0|3732.0|5575.0|7450.0|7854.0|9325.0|11209.0|13107.0|15036.0|15864.0
 2014|F9045|45-49|W|GER|3453|596|1751.0|3522.0|5309.0|7108.0|7501.0|9014.0|11110.0|13009.0|15000.0|15863.0
 2014|F7713|70-74|W|GER|3452|2|1723.0|3478.0|5273.0|7105.0|7515.0|9021.0|11038.0|12922.0|14947.0|15862.0
 2014|F1986|45-49|W|GER|3451|595|1775.0|3569.0|5372.0|7135.0|7523.0|8988.0|10876.0|12848.0|14987.0|15861.0
 2014|F8881|55-59|W|GER|3450|131|1945.0|3828.0|5684.0|7529.0|7913.0|9397.0|11280.0|13157.0|15029.0|15858.0
 2014|F4080|H|W|DEN|3449|502|1738.0|3508.0|5251.0|7003.0|7400.0|8950.0|11177.0|13192.0|15161.0|15858.0
 2014|F606|45-49|W|BRA|3448|594|1711.0|3507.0|5232.0|7035.0|7411.0|8908.0|10862.0|12883.0|14988.0|15857.0
 2014|F5911|35-39|W|GER|3447|568|1790.0|3547.0|5331.0|7172.0|7573.0|9038.0|10965.0|12904.0|14936.0|15857.0
 2014|F1892|65-69|W|CAN|3446|8|1790.0|3631.0|5444.0|7290.0|7704.0|9173.0|11105.0|13070.0|15025.0|15855.0
 2014|F5296|50-54|W|DEN|3445|324|1791.0|3578.0|5341.0|7160.0|7555.0|9030.0|10999.0|12923.0|14959.0|15854.0
 2014|F2018|35-39|W|FRA|3444|567|1747.0|3489.0|5249.0|7018.0|7397.0|8818.0|10692.0|12710.0|14918.0|15853.0
 2014|F1728|45-49|W|BRA|3443|593|1803.0|3638.0|5431.0|7244.0|7640.0|9083.0|10914.0|12824.0|14922.0|15850.0
 2014|F6174|50-54|W|SUI|3442|323|1778.0|3599.0|5488.0|7339.0|7737.0|9208.0|11151.0|13135.0|15065.0|15850.0
 2014|F8879|40-44|W|SWE|3441|694|1713.0|3491.0|5283.0|7115.0|7510.0|9014.0|11073.0|13005.0|15006.0|15848.0
 2014|F7293|35-39|W|NED|3440|566|1998.0|4005.0|5912.0|7798.0|8231.0|9713.0|11545.0|13293.0|15073.0|15848.0
 2014|F8573|35-39|W|NED|3439|565|1997.0|4005.0|5911.0|7797.0|8230.0|9713.0|11544.0|13302.0|15073.0|15847.0
 2014|F4484|40-44|W|FIN|3438|693|1844.0|3692.0|5524.0|7363.0|7761.0|9241.0|11235.0|13132.0|15027.0|15847.0
 2014|F6176|30-34|W|GER|3437|570|1805.0|3681.0|5530.0|7395.0|7792.0|9248.0|11140.0|13027.0|14971.0|15846.0
 2014|F7334|30-34|W|GBR|3436|569|1664.0|3354.0|5194.0|6977.0|7365.0|8805.0|10841.0|12805.0|14970.0|15845.0
 2014|F4341|55-59|W|GER|3435|130|1640.0|3357.0|5065.0|6816.0|7214.0|8694.0|10650.0|12708.0|14926.0|15844.0
 2014|F9651|H|W|NED|3434|501|1840.0|3720.0|5626.0|7491.0|7895.0|9393.0|11290.0|13134.0|15022.0|15842.0
 2014|F3147|35-39|W|GER|3433|564|1830.0|3686.0|5500.0|7328.0|7748.0|9240.0|11157.0|13138.0|15019.0|15841.0
 2014|F617|H|W|MEX|3432|500|1881.0|3757.0|5626.0|7516.0|7927.0|9425.0|11291.0|13162.0|15057.0|15838.0
 2014|F5875|45-49|W|GER|3430|592|1875.0|3681.0|5444.0|7254.0|7637.0|9065.0|10971.0|12910.0|14969.0|15836.0
 2014|F6705|40-44|W|IRL|3430|692|1907.0|3754.0|5601.0|7535.0|7933.0|9428.0|11310.0|13168.0|15038.0|15836.0
 2014|F7299|55-59|W|NED|3429|129|1822.0|3658.0|5495.0|7329.0|7726.0|9217.0|11133.0|13085.0|15032.0|15836.0
 2014|F5906|50-54|W|BEL|3428|322|1818.0|3692.0|5530.0|7386.0|7784.0|9252.0|11177.0|13096.0|14995.0|15834.0
 2014|F3038|30-34|W|ITA|3427|568|1861.0|3715.0|5569.0|7436.0|7837.0|9311.0|11195.0|13083.0|14997.0|15833.0
 2014|F560|40-44|W|FIN|3426|691|1725.0|3518.0|5266.0|7053.0|7440.0|8882.0|10920.0|12940.0|14983.0|15833.0
 2014|F8384|35-39|W|GER|3425|563|1865.0|3737.0|5583.0|7429.0|7829.0|9290.0|11157.0|13040.0|14984.0|15833.0
 2014|F8654|55-59|W|GBR|3424|128|1777.0|3563.0|5412.0|7230.0|7621.0|9063.0|10996.0|12913.0|14970.0|15832.0
 2014|F9070|50-54|W|GER|3423|321|1695.0|3350.0|5072.0|6786.0|7168.0|8637.0|10645.0|12659.0|14877.0|15832.0
 2014|F754|30-34|W|NOR|3422|567|1764.0|3552.0|5354.0|7169.0|7561.0|9002.0|10877.0|12750.0|14858.0|15832.0
 2014|F2862|40-44|W|USA|3421|690|1769.0|3587.0|5398.0|7202.0|7590.0|9060.0|10950.0|12882.0|14913.0|15832.0
 2014|F6422|40-44|W|FRO|3419|688|1734.0|3593.0|5347.0|7122.0|7509.0|9050.0|10966.0|12942.0|14970.0|15827.0
 2014|F8606|40-44|W|NED|3419|688|1787.0|3535.0|5328.0|7136.0|7536.0|9021.0|10978.0|12946.0|14948.0|15827.0
 2014|F4982|45-49|W|GER|3418|591|1770.0|3532.0|5294.0|7114.0|7501.0|8972.0|10856.0|12814.0|14943.0|15826.0
 2014|F5195|40-44|W|GER|3417|687|1454.0|2881.0|4416.0|6102.0|6476.0|7953.0|10081.0|12428.0|14730.0|15826.0
 2014|F8532|35-39|W|SIN|3416|562|1573.0|3244.0|5007.0|6871.0|7277.0|8838.0|10940.0|12975.0|15015.0|15826.0
 2014|F594|45-49|W|ARG|3415|590|1784.0|3611.0|5414.0|7291.0|7682.0|9183.0|11154.0|13199.0|15049.0|15825.0
 2014|F7107|50-54|W|GER|3414|320|1825.0|3685.0|5634.0|7444.0|7847.0|9301.0|11196.0|13090.0|15005.0|15823.0
 2014|F5598|H|W|GER|3413|499|1863.0|3705.0|5511.0|7384.0|7788.0|9243.0|11154.0|13074.0|15001.0|15823.0
 2014|F3685|H|W|SWE|3412|498|1845.0|3857.0|5658.0|7456.0|7860.0|9296.0|11098.0|13028.0|14943.0|15821.0
 2014|F5645|40-44|W|GER|3411|686|1725.0|3570.0|5466.0|7476.0|7883.0|9375.0|11256.0|13253.0|15021.0|15820.0
 2014|F5681|H|W|BEL|3410|497|1814.0|3630.0|5414.0|7194.0|7581.0|9030.0|10951.0|12952.0|14959.0|15819.0
 2014|F7186|35-39|W|NED|3409|561|1812.0|3603.0|5427.0|7261.0|7670.0|9145.0|11043.0|12979.0|14922.0|15818.0
 2014|F6019|35-39|W|NOR|3408|560|1910.0|3909.0|5944.0|7808.0|8168.0|9543.0|11302.0|13136.0|15053.0|15818.0
 2014|F9029|45-49|W|GER|3407|589|1772.0|3589.0|5446.0|7226.0|7615.0|9070.0|11029.0|12984.0|14992.0|15817.0
 2014|F2254|45-49|W|ESP|3406|588|1756.0|3580.0|5410.0|7250.0|7655.0|9176.0|11089.0|13030.0|14988.0|15817.0
 2014|F5448|35-39|W|GER|3405|559|1795.0|3608.0|5404.0|7197.0|7586.0|9023.0|10910.0|12871.0|14891.0|15816.0
 2014|F2125|40-44|W|GBR|3404|685|1824.0|3639.0|5470.0|7312.0|7714.0|9163.0|11054.0|13019.0|14975.0|15814.0
 2014|F5343|50-54|W|GER|3403|319|1889.0|3733.0|5554.0|7424.0|7831.0|9294.0|11210.0|13107.0|15000.0|15814.0
 2014|F5872|55-59|W|GER|3402|127|1650.0|3324.0|5022.0|6724.0|7097.0|8484.0|10640.0|12792.0|14911.0|15813.0
 2014|F5527|40-44|W|FIN|3401|684|1856.0|3633.0|5412.0|7211.0|7612.0|9067.0|10960.0|12886.0|14917.0|15811.0
 2014|F6315|45-49|W|DEN|3400|587|1802.0|3567.0|5366.0|7184.0|7584.0|9092.0|11035.0|13037.0|15033.0|15811.0
 2014|F3057|45-49|W|GER|3399|586|1686.0|3507.0|5263.0|7021.0|7393.0|8936.0|10893.0|12929.0|14919.0|15810.0
 2014|F3816|30-34|W|GBR|3398|566|1920.0|3808.0|5677.0|7513.0|7899.0|9330.0|11148.0|13009.0|14973.0|15810.0
 2014|F5684|45-49|W|ITA|3397|585|1718.0|3624.0|5422.0|7224.0|7621.0|9092.0|11003.0|12953.0|14958.0|15810.0
 2014|F4300|45-49|W|GBR|3396|584|1810.0|3689.0|5474.0|7278.0|7681.0|9157.0|11083.0|13167.0|15040.0|15809.0
 2014|F5810|40-44|W|GBR|3395|683|1870.0|3756.0|5649.0|7590.0|7996.0|9490.0|11428.0|13246.0|15046.0|15809.0
 2014|F3628|40-44|W|GBR|3394|682|1810.0|3689.0|5474.0|7278.0|7681.0|9156.0|11083.0|13167.0|15040.0|15808.0
 2014|F7931|45-49|W|CAN|3393|583|1724.0|3476.0|5304.0|7040.0|7419.0|8813.0|10871.0|12911.0|14954.0|15806.0
 2014|F2405|H|W|USA|3392|496|1723.0|3503.0|5341.0|7223.0|7625.0|9104.0|11032.0|12931.0|14950.0|15805.0
 2014|F6410|45-49|W|LUX|3391|582|1848.0|3686.0|5576.0|7407.0|7805.0|9243.0|11120.0|13044.0|14970.0|15805.0
 2014|F1492|45-49|W|SWE|3390|581|1810.0|3656.0|5475.0|7337.0|7722.0|9190.0|11093.0|12952.0|14887.0|15802.0
 2014|F3824|55-59|W|GER|3389|126|1709.0|3428.0|5250.0|7147.0|7564.0|9100.0|11041.0|12958.0|14947.0|15799.0
 2014|F9556|45-49|W|GER|3388|580|1866.0|3702.0|5520.0|7359.0|7762.0|9221.0|11125.0|13082.0|14996.0|15799.0
 2014|F1289|30-34|W|GER|3387|565|1638.0|3310.0|5000.0|6747.0|7137.0|8602.0|10562.0|12677.0|14831.0|15798.0
 2014|F8481|50-54|W|SWE|3386|318|1703.0|3672.0|5412.0|7206.0|7590.0|9053.0|10963.0|12895.0|14947.0|15798.0
 2014|F6936|60-64|W|GBR|3385|46|1818.0|3631.0|5415.0|7213.0|7610.0|9057.0|10930.0|12875.0|14914.0|15797.0
 2014|F8919|40-44|W|FIN|3384|681|1696.0|3401.0|5088.0|6799.0|7231.0|8636.0|10599.0|12526.0|14802.0|15797.0
 2014|F2303|40-44|W|GBR|3383|680|1888.0|3788.0|5674.0|7576.0|7991.0|9510.0|11377.0|13231.0|15022.0|15797.0
 2014|F2372|65-69|W|DEN|3382|7|1809.0|3617.0|5501.0|7317.0|7705.0|9143.0|11103.0|12937.0|14950.0|15794.0
 2014|F8127|30-34|W|DEN|3381|564|1861.0|3699.0|5523.0|7313.0|7700.0|9120.0|11035.0|12898.0|14890.0|15788.0
 2014|F4358|50-54|W|DEN|3380|317|1647.0|3297.0|4960.0|6692.0|7094.0|8495.0|10393.0|12468.0|14897.0|15787.0
 2014|F7179|30-34|W|GER|3379|563|1889.0|3817.0|5699.0|7579.0|7984.0|9458.0|11327.0|13158.0|15010.0|15785.0
 2014|F4917|45-49|W|GER|3378|579|1869.0|3728.0|5581.0|7430.0|7832.0|9289.0|11173.0|13051.0|14954.0|15785.0
 2014|F9400|45-49|W|GER|3377|578|1786.0|3634.0|5469.0|7314.0|7721.0|9166.0|11023.0|12930.0|14905.0|15785.0
 2014|F8319|35-39|W|GER|3376|558|1847.0|3644.0|5435.0|7278.0|7692.0|9126.0|11023.0|12939.0|14918.0|15783.0
 2014|F1414|35-39|W|GER|3375|557|1869.0|3663.0|5442.0|7238.0|7624.0|9096.0|10992.0|12927.0|14916.0|15783.0
 2014|F954|50-54|W|MEX|3374|316|1605.0|3251.0|4939.0|6649.0|7019.0|8406.0|10220.0|12211.0|14808.0|15783.0
 2014|F4783|35-39|W|SLO|3373|556|1918.0|3856.0|5781.0|7637.0|8045.0|9499.0|11359.0|13146.0|15017.0|15781.0
 2014|F8859|55-59|W|GER|3372|125|1835.0|3688.0|5560.0|7433.0|7836.0|9327.0|11230.0|13123.0|14986.0|15780.0
 2014|F9594|55-59|W|SUI|3371|124|1621.0|3349.0|5057.0|6794.0|7206.0|8819.0|10752.0|12827.0|14960.0|15779.0
 2014|F792|40-44|W|SUI|3370|679|1719.0|3435.0|5133.0|6873.0|7252.0|8690.0|10674.0|12734.0|14845.0|15779.0
 2014|F1022|30-34|W|GER|3369|562|1715.0|3538.0|5361.0|7231.0|7646.0|9189.0|11121.0|13044.0|15012.0|15778.0
 2014|F3744|40-44|W|GER|3368|678|1820.0|3674.0|5473.0|7258.0|7643.0|9059.0|11004.0|12923.0|14887.0|15778.0
 2014|F5423|55-59|W|DEN|3367|123|1800.0|3609.0|5434.0|7259.0|7655.0|9144.0|11032.0|12981.0|14945.0|15777.0
 2014|F329|50-54|W|DEN|3366|315|1800.0|3608.0|5434.0|7259.0|7655.0|9143.0|11031.0|12981.0|14945.0|15777.0
 2014|F5256|35-39|W|GER|3365|555|1951.0|3826.0|5718.0|7662.0|8069.0|9584.0|11429.0|13253.0|15100.0|15777.0
 2014|F5735|H|W|ESP|3364|495|1668.0|3403.0|5199.0|7039.0|7451.0|8937.0|10847.0|12845.0|14865.0|15776.0
 2014|F3309|45-49|W|GER|3363|577|1756.0|3537.0|5319.0|7125.0|7519.0|8940.0|10863.0|12832.0|14872.0|15776.0
 2014|F8361|50-54|W|GER|3362|314|1904.0|3788.0|5666.0|7521.0|7929.0|9422.0|11301.0|13135.0|14983.0|15776.0
 2014|F4713|55-59|W|GER|3361|122|1700.0|3397.0|5109.0|6831.0|7212.0|8673.0|10622.0|12668.0|14887.0|15774.0
 2014|F7774|50-54|W|GER|3360|313|1998.0|4003.0|5917.0|7706.0|8086.0|9491.0|11293.0|13101.0|14930.0|15773.0
 2014|F8495|50-54|W|SWE|3359|312|1666.0|3339.0|5064.0|6849.0|7290.0|8766.0|10737.0|12742.0|14894.0|15772.0
 2014|F2673|30-34|W|GER|3358|561|1726.0|3364.0|5065.0|6821.0|7223.0|8765.0|10715.0|12658.0|14793.0|15770.0
 2014|F2347|H|W|AUS|3357|494|1789.0|3614.0|5425.0|7202.0|7594.0|9080.0|11019.0|12970.0|14952.0|15769.0
 2014|F3739|50-54|W|GER|3356|311|1723.0|3474.0|5290.0|7082.0|7477.0|8996.0|10933.0|12952.0|14940.0|15769.0
 2014|F1626|H|W|SWE|3355|493|1712.0|3459.0|5158.0|6982.0|7375.0|8872.0|10900.0|12887.0|14886.0|15767.0
 2014|F3255|40-44|W|NED|3354|677|1730.0|3520.0|5330.0|7158.0|7555.0|9011.0|10907.0|12829.0|14881.0|15767.0
 2014|F8707|30-34|W|RUS|3353|560|1400.0|2972.0|4549.0|6171.0|6555.0|8064.0|9847.0|12173.0|14734.0|15763.0
 2014|F3754|55-59|W|NED|3352|121|1651.0|3336.0|5051.0|6773.0|7152.0|8545.0|10507.0|12577.0|14816.0|15762.0
 2014|F6014|30-34|W|NED|3351|559|1887.0|3772.0|5585.0|7453.0|7856.0|9340.0|11215.0|13098.0|14986.0|15762.0
 2014|F1673|30-34|W|SWE|3350|558|1861.0|3709.0|5565.0|7401.0|7800.0|9295.0|11251.0|13186.0|15022.0|15761.0
 2014|F3795|30-34|W|GER|3349|557|1983.0|3931.0|5849.0|7845.0|8258.0|9698.0|11559.0|13301.0|15032.0|15761.0
 2014|F7861|H|W|SUI|3348|492|1748.0|3542.0|5400.0|7181.0|7579.0|9027.0|10970.0|12901.0|14890.0|15761.0
 2014|F1412|30-34|W|BRA|3347|556|1874.0|3704.0|5502.0|7277.0|7664.0|9099.0|11000.0|13000.0|14944.0|15761.0
 2014|F3742|50-54|W|GER|3346|310|1818.0|3677.0|5567.0|7453.0|7858.0|9342.0|11218.0|13077.0|14953.0|15758.0
 2014|F8242|35-39|W|BRA|3345|554|1862.0|3754.0|5580.0|7441.0|7840.0|9384.0|11278.0|13112.0|14954.0|15758.0
 2014|F2477|30-34|W|DEN|3344|555|1847.0|3625.0|5401.0|7191.0|7624.0|9066.0|10941.0|13018.0|14918.0|15757.0
 2014|F3737|40-44|W|BEL|3343|676|1814.0|3679.0|5526.0|7372.0|7780.0|9242.0|11141.0|13052.0|14944.0|15756.0
 2014|F3583|45-49|W|GER|3342|576|1861.0|3709.0|5526.0|7412.0|7792.0|9177.0|10997.0|12849.0|14890.0|15755.0
 2014|F5888|30-34|W|CHI|3341|554|1745.0|3494.0|5296.0|7138.0|7529.0|9009.0|10947.0|12918.0|14895.0|15751.0
 2014|F4545|55-59|W|GER|3340|120|1877.0|3685.0|5522.0|7365.0|7765.0|9314.0|11189.0|13045.0|14955.0|15750.0
 2014|F3083|50-54|W|NED|3339|309|1751.0|3474.0|5229.0|6970.0|7351.0|NaN|NaN|NaN|14811.0|15749.0
 2014|F3167|40-44|W|GER|3338|675|1770.0|3556.0|5350.0|7159.0|7559.0|9036.0|10977.0|12962.0|14907.0|15748.0
 2014|F6851|45-49|W|NED|3337|575|1869.0|3700.0|5537.0|7346.0|7733.0|9200.0|11108.0|12995.0|14938.0|15748.0
 2014|F2443|30-34|W|GBR|3336|553|1736.0|3476.0|5210.0|6984.0|7376.0|8829.0|10819.0|12915.0|14914.0|15748.0
 2014|F5629|H|W|GER|3335|491|1869.0|3663.0|5442.0|7238.0|7624.0|9096.0|10992.0|12927.0|14916.0|15746.0
 2014|F4182|40-44|W|LTU|3334|674|1694.0|3420.0|5151.0|6936.0|7335.0|8804.0|10757.0|12733.0|14825.0|15746.0
 2014|F3261|H|W|USA|3333|490|1832.0|3771.0|5553.0|7357.0|7737.0|9191.0|11089.0|13003.0|15005.0|15745.0
 2014|F7577|45-49|W|ITA|3332|574|1775.0|3479.0|5158.0|6850.0|7233.0|8590.0|10434.0|12375.0|14618.0|15745.0
 2014|F6611|50-54|W|GBR|3331|308|1801.0|3588.0|5369.0|7192.0|7587.0|9066.0|10998.0|12947.0|14948.0|15745.0
 2014|F816|40-44|W|GER|3330|673|1860.0|3717.0|5492.0|7282.0|7672.0|9146.0|10966.0|12785.0|14787.0|15744.0
 2014|F6031|35-39|W|SWE|3329|553|1834.0|3739.0|5574.0|7457.0|7855.0|9309.0|11184.0|13031.0|14915.0|15743.0
 2014|F3802|H|W|ITA|3328|489|1933.0|3806.0|5628.0|7463.0|7865.0|9348.0|11213.0|13040.0|14929.0|15741.0
 2014|F3641|H|W|NED|3327|488|1796.0|3566.0|5443.0|7227.0|7609.0|9060.0|10942.0|12876.0|14872.0|15741.0
 2014|F5420|55-59|W|GER|3326|119|1772.0|3507.0|5275.0|7031.0|7413.0|8860.0|10718.0|12621.0|14800.0|15739.0
 2014|F6113|45-49|W|GER|3325|573|1683.0|3365.0|5078.0|6824.0|7210.0|8784.0|10825.0|12848.0|14865.0|15739.0
 2014|F1856|50-54|W|DEN|3324|307|1642.0|3409.0|5207.0|7173.0|7568.0|9090.0|11080.0|13050.0|14961.0|15739.0
 2014|F2805|40-44|W|GER|3323|672|1793.0|3570.0|5378.0|7200.0|7597.0|9083.0|11103.0|12987.0|14916.0|15739.0
 2014|F2589|45-49|W|DEN|3322|572|1776.0|3565.0|5346.0|7144.0|7539.0|9036.0|10945.0|12881.0|14880.0|15738.0
 2014|F8114|40-44|W|DEN|3321|671|1756.0|3583.0|5369.0|7170.0|7566.0|9056.0|10939.0|12911.0|14904.0|15736.0
 2014|F1482|35-39|W|POL|3320|552|1652.0|3430.0|5253.0|7109.0|7529.0|9038.0|10964.0|12946.0|14965.0|15736.0
 2014|F8196|40-44|W|NOR|3319|670|1697.0|3435.0|5198.0|7040.0|7420.0|8992.0|11015.0|12989.0|14906.0|15735.0
 2014|F4573|30-34|W|DEN|3318|552|1779.0|3615.0|5401.0|7149.0|7528.0|8945.0|10808.0|12732.0|14824.0|15735.0
 2014|F6317|30-34|W|INA|3317|551|1699.0|3437.0|5186.0|6974.0|7376.0|8943.0|10945.0|12795.0|14816.0|15734.0
 2014|F6140|45-49|W|GER|3316|571|1712.0|3472.0|5290.0|7190.0|7586.0|9081.0|11091.0|12981.0|14940.0|15732.0
 2014|F5753|30-34|W|GER|3315|550|1880.0|3753.0|5630.0|7495.0|7895.0|9343.0|11211.0|13059.0|14862.0|15731.0
 2014|F2334|35-39|W|GBR|3314|551|1808.0|3576.0|5318.0|7092.0|7476.0|8948.0|10859.0|12857.0|14895.0|15730.0
 2014|F7312|35-39|W|PAR|3312|549|2044.0|4016.0|5881.0|7745.0|8148.0|9581.0|11407.0|13169.0|14937.0|15729.0
 2014|F8995|35-39|W|RUS|3312|549|1778.0|3565.0|5343.0|7128.0|7514.0|8957.0|10866.0|12777.0|14820.0|15729.0
 2014|F2355|45-49|W|USA|3311|570|1860.0|3797.0|5666.0|7522.0|7918.0|9413.0|11285.0|13089.0|14922.0|15729.0
 2014|F802|H|W|BEL|3310|487|1830.0|3593.0|5341.0|7103.0|7496.0|8914.0|10746.0|12682.0|14773.0|15728.0
 2014|F6501|40-44|W|DEN|3309|669|1746.0|3578.0|5390.0|7224.0|7619.0|9213.0|11131.0|13010.0|14954.0|15726.0
 2014|F7731|JA|W|GER|3308|11|1846.0|3712.0|5558.0|7409.0|7811.0|9266.0|11129.0|12981.0|14886.0|15726.0
 2014|F579|H|W|FRA|3307|486|1922.0|3620.0|5308.0|7021.0|7398.0|8827.0|10761.0|12743.0|14789.0|15726.0
 2014|F4422|H|W|GER|3306|485|1869.0|3747.0|5622.0|7517.0|7931.0|9415.0|11290.0|13129.0|14953.0|15724.0
 2014|F4276|H|W|DEN|3305|484|1643.0|3341.0|5170.0|7075.0|7450.0|8908.0|10895.0|12886.0|14893.0|15723.0
 2014|F2768|50-54|W|SUI|3304|306|1801.0|3589.0|5365.0|7169.0|7571.0|9033.0|10974.0|12929.0|14877.0|15721.0
 2014|F7086|40-44|W|SWE|3303|668|1637.0|3332.0|5081.0|6845.0|7214.0|8772.0|10662.0|12797.0|14910.0|15721.0
 2014|F8095|35-39|W|GER|3302|548|1716.0|3442.0|5197.0|7002.0|7397.0|8860.0|10811.0|12821.0|14843.0|15720.0
 2014|F7540|H|W|FIN|3301|483|1830.0|3662.0|5565.0|7403.0|7814.0|9300.0|11157.0|12997.0|14893.0|15719.0
 2014|F7246|45-49|W|BRA|3300|569|1854.0|3717.0|5587.0|7445.0|7847.0|9334.0|11201.0|13030.0|14886.0|15719.0
 2014|F2320|35-39|W|GER|3299|547|1890.0|3818.0|5700.0|7579.0|7985.0|9459.0|11328.0|13158.0|15010.0|15718.0
 2014|F3965|30-34|W|GER|3298|549|1670.0|3386.0|5128.0|6904.0|7291.0|8734.0|10699.0|12734.0|14861.0|15716.0
 2014|F9050|35-39|W|FIN|3297|546|1753.0|3726.0|5498.0|7316.0|7713.0|9160.0|10984.0|12816.0|14770.0|15714.0
 2014|F1507|55-59|W|GER|3296|118|1783.0|3557.0|5318.0|7113.0|7505.0|8928.0|10823.0|12790.0|14851.0|15711.0
 2014|F7458|55-59|W|FRA|3295|117|1685.0|3360.0|5071.0|6859.0|7243.0|8754.0|10633.0|12545.0|14736.0|15711.0
 2014|F2214|35-39|W|GBR|3294|545|1913.0|3696.0|5492.0|7427.0|7787.0|9228.0|11141.0|12964.0|14899.0|15710.0
 2014|F7764|35-39|W|GER|3293|544|1831.0|3654.0|5482.0|7346.0|7742.0|9195.0|11088.0|12967.0|14895.0|15708.0
 2014|F7268|50-54|W|GER|3292|305|1828.0|3640.0|5438.0|7250.0|7641.0|9061.0|10921.0|12816.0|14863.0|15707.0
 2014|F7301|45-49|W|FRA|3291|568|1806.0|3611.0|5481.0|7302.0|7703.0|9183.0|11055.0|12923.0|14865.0|15706.0
 2014|F7482|40-44|W|NOR|3290|667|1803.0|3692.0|5581.0|7468.0|7893.0|9414.0|11353.0|13231.0|14994.0|15706.0
 2014|F5247|45-49|W|DEN|3289|567|1718.0|3426.0|5160.0|6918.0|7353.0|8678.0|10557.0|12520.0|14736.0|15701.0
 2014|F9384|H|W|GBR|3288|482|1745.0|3530.0|5325.0|7142.0|7548.0|9046.0|10993.0|12945.0|14892.0|15701.0
 2014|F2940|H|W|AUT|3287|481|1782.0|3510.0|5248.0|7077.0|7483.0|8954.0|10869.0|12792.0|14841.0|15700.0
 2014|F4610|45-49|W|RSA|3286|566|1916.0|3794.0|5628.0|7482.0|7875.0|9375.0|11266.0|13059.0|14877.0|15699.0
 2014|F6981|35-39|W|GBR|3285|543|1713.0|3476.0|5218.0|7039.0|7433.0|8921.0|10921.0|12854.0|14838.0|15699.0
 2014|F7347|45-49|W|BRA|3284|565|1707.0|3428.0|5152.0|6914.0|7288.0|8723.0|10729.0|12698.0|14814.0|15699.0
 2014|F2264|H|W|GER|3283|480|1740.0|3522.0|5324.0|7171.0|7569.0|9026.0|10942.0|12916.0|14881.0|15696.0
 2014|F8951|50-54|W|FRA|3282|304|1852.0|3702.0|5600.0|7460.0|7864.0|9350.0|11217.0|13074.0|14922.0|15695.0
 2014|F4810|35-39|W|DEN|3281|542|1679.0|3420.0|5183.0|6967.0|7364.0|8968.0|10940.0|12895.0|14843.0|15692.0
 2014|F2116|50-54|W|GER|3280|303|1806.0|3606.0|5492.0|7282.0|7671.0|9117.0|11072.0|13019.0|14864.0|15692.0
 2014|F4661|40-44|W|LUX|3279|666|1847.0|3699.0|5514.0|7356.0|7769.0|9267.0|11117.0|12994.0|14882.0|15692.0
 2014|F2932|45-49|W|DEN|3278|564|1805.0|3584.0|5390.0|7176.0|7558.0|9066.0|10970.0|12860.0|14838.0|15691.0
 2014|F6313|45-49|W|DEN|3277|563|1829.0|3651.0|5427.0|7226.0|7605.0|9176.0|11058.0|12968.0|14896.0|15690.0
 2014|F5467|50-54|W|GER|3276|302|1647.0|3321.0|4986.0|6705.0|7092.0|8486.0|10528.0|12622.0|14807.0|15690.0
 2014|F4045|50-54|W|NED|3275|301|1911.0|3763.0|5625.0|7489.0|7895.0|9360.0|11242.0|13104.0|14907.0|15689.0
 2014|F2468|35-39|W|DEN|3274|541|1773.0|3562.0|5387.0|7234.0|7634.0|9119.0|11041.0|12947.0|14893.0|15688.0
 2014|F6220|30-34|W|BRA|3273|548|1840.0|3718.0|5543.0|7373.0|7769.0|9212.0|11084.0|12955.0|14869.0|15686.0
 2014|F8223|35-39|W|DEN|3272|540|1805.0|3642.0|5433.0|7230.0|7607.0|9027.0|10908.0|12827.0|14843.0|15686.0
 2014|F7562|30-34|W|BRA|3271|547|1697.0|3399.0|5092.0|6820.0|7201.0|8604.0|10464.0|12435.0|14657.0|15686.0
 2014|F3208|60-64|W|GBR|3270|45|1816.0|3615.0|5461.0|7314.0|7707.0|9188.0|11037.0|12912.0|14862.0|15686.0
 2014|F1563|45-49|W|SUI|3269|562|1644.0|3309.0|5010.0|6736.0|7113.0|8568.0|10490.0|12516.0|14707.0|15683.0
 2014|F2974|50-54|W|GER|3268|300|1810.0|3603.0|5425.0|7258.0|7658.0|9105.0|10993.0|12870.0|14837.0|15683.0
 2014|F2512|35-39|W|SWE|3267|539|1769.0|3509.0|5337.0|7132.0|7520.0|9042.0|10927.0|12945.0|14891.0|15682.0
 2014|F8933|45-49|W|GER|3266|561|1903.0|3774.0|5615.0|7451.0|7849.0|9291.0|11181.0|13021.0|14877.0|15681.0
 2014|F2151|40-44|W|ITA|3265|665|1687.0|3325.0|5013.0|6734.0|7105.0|8484.0|10344.0|12374.0|14678.0|15678.0
 2014|F6314|40-44|W|DEN|3264|664|1801.0|3634.0|5475.0|7287.0|7676.0|9201.0|11046.0|12895.0|14822.0|15677.0
 2014|F8439|40-44|W|GER|3263|663|1927.0|3786.0|5603.0|7404.0|7795.0|9222.0|11084.0|12918.0|14848.0|15677.0
 2014|F4918|45-49|W|GER|3262|560|1820.0|3672.0|5603.0|7443.0|7839.0|9304.0|11206.0|13023.0|14866.0|15677.0
 2014|F6635|40-44|W|TPE|3261|662|1806.0|3583.0|5391.0|7174.0|7569.0|9054.0|10971.0|12878.0|14827.0|15675.0
 2014|F4011|45-49|W|COL|3260|559|1778.0|3579.0|5373.0|7153.0|7537.0|8963.0|10807.0|12690.0|14774.0|15673.0
 2014|F1989|40-44|W|BRA|3259|661|1727.0|3543.0|5480.0|7384.0|7782.0|9288.0|11170.0|13010.0|14866.0|15672.0
 2014|F8128|30-34|W|DEN|3258|546|1824.0|3698.0|5528.0|7352.0|7754.0|9206.0|11053.0|12905.0|14839.0|15671.0
 2014|F6264|40-44|W|GER|3256|660|1723.0|3446.0|5170.0|6934.0|7316.0|8739.0|10724.0|12682.0|14774.0|15669.0
 2014|F7608|35-39|W|ITA|3256|538|1741.0|3584.0|5334.0|7113.0|7496.0|8942.0|10864.0|12884.0|14804.0|15669.0
 2014|F2296|30-34|W|GBR|3255|545|1679.0|3290.0|4976.0|6673.0|7051.0|8457.0|10396.0|12615.0|14845.0|15669.0
 2014|F4057|H|W|GER|3254|479|1699.0|3269.0|4875.0|6611.0|6992.0|8494.0|10464.0|12589.0|14744.0|15669.0
 2014|F9274|H|W|GBR|3253|478|1686.0|3418.0|5195.0|7040.0|7450.0|8974.0|10959.0|12956.0|14900.0|15669.0
 2014|F1893|30-34|W|GBR|3252|544|1595.0|3304.0|5056.0|6892.0|7302.0|8794.0|10856.0|12783.0|14805.0|15669.0
 2014|F7862|55-59|W|GER|3249|115|1735.0|3538.0|5282.0|7069.0|7464.0|8917.0|10811.0|12762.0|14779.0|15667.0
 2014|F6277|55-59|W|AUT|3249|115|1799.0|3556.0|5346.0|7154.0|7549.0|9014.0|10949.0|12864.0|14813.0|15667.0
 2014|F2499|35-39|W|GER|3249|537|1784.0|3548.0|5350.0|7114.0|7501.0|8928.0|10827.0|12764.0|14820.0|15667.0
 2014|F5021|50-54|W|GER|3248|299|1862.0|3724.0|5525.0|7330.0|7713.0|9135.0|10970.0|12843.0|14819.0|15664.0
 2014|F6310|40-44|W|PAR|3247|659|1886.0|3685.0|5571.0|7379.0|7766.0|9254.0|11128.0|12996.0|14825.0|15664.0
 2014|F7730|50-54|W|GER|3246|298|1669.0|3469.0|5358.0|7141.0|7541.0|8984.0|10890.0|12828.0|14829.0|15663.0
 2014|F1397|H|W|GBR|3244|477|1885.0|3748.0|5568.0|7424.0|7832.0|9287.0|11129.0|12996.0|14867.0|15663.0
 2014|F6002|45-49|W|BRA|3244|558|1841.0|3702.0|5554.0|7465.0|7859.0|9303.0|11190.0|12985.0|14831.0|15663.0
 2014|F3128|35-39|W|DEN|3243|536|1753.0|3519.0|5289.0|7085.0|7481.0|8963.0|10876.0|12777.0|14759.0|15661.0
 2014|F8290|40-44|W|GER|3242|658|1775.0|3519.0|5269.0|7058.0|7447.0|8906.0|10801.0|12756.0|14800.0|15660.0
 2014|F3165|40-44|W|BRA|3241|657|1726.0|3479.0|5292.0|7117.0|7568.0|9018.0|10917.0|12887.0|14821.0|15660.0
 2014|F8177|50-54|W|POL|3240|297|1761.0|3569.0|5406.0|7194.0|7574.0|9083.0|11033.0|12938.0|14845.0|15660.0
 2014|F6872|40-44|W|GER|3239|656|1807.0|3620.0|5403.0|7165.0|7543.0|8961.0|10780.0|12624.0|14804.0|15660.0
 2014|F6994|H|W|FRA|3238|476|1806.0|3629.0|5378.0|7132.0|7509.0|8993.0|10917.0|12791.0|14810.0|15660.0
 2014|F6375|30-34|W|USA|3237|543|1892.0|3766.0|5647.0|7515.0|7919.0|9394.0|11230.0|13098.0|14897.0|15659.0
 2014|F5960|35-39|W|GER|3236|535|1777.0|3544.0|5307.0|7127.0|7517.0|8954.0|10869.0|12845.0|14840.0|15658.0
 2014|F6226|40-44|W|JPN|3235|655|1859.0|3758.0|5630.0|7511.0|7919.0|9393.0|11224.0|12972.0|14828.0|15657.0
 2014|F224|55-59|W|DEN|3234|114|1721.0|3444.0|5204.0|6980.0|7368.0|8893.0|10846.0|12810.0|14825.0|15657.0
 2014|F5936|50-54|W|GER|3233|296|1816.0|3644.0|5465.0|7273.0|7664.0|9099.0|10966.0|12829.0|14796.0|15656.0
 2014|F8216|50-54|W|GER|3232|295|1703.0|3397.0|5107.0|6878.0|7267.0|8757.0|10761.0|12645.0|14747.0|15656.0
 2014|F9328|50-54|W|GER|3231|294|1738.0|3467.0|5167.0|6882.0|7256.0|8625.0|10396.0|12530.0|14705.0|15655.0
 2014|F6655|H|W|GBR|3230|475|1763.0|3569.0|5400.0|7233.0|7624.0|9040.0|10927.0|12841.0|14813.0|15655.0
 2014|F734|30-34|W|ESP|3229|542|1865.0|3716.0|5534.0|7400.0|7816.0|9316.0|11209.0|13081.0|14901.0|15653.0
 2014|F1104|45-49|W|SWE|3228|557|1770.0|3559.0|5339.0|7139.0|7521.0|8969.0|10867.0|12778.0|14811.0|15653.0
 2014|F1241|30-34|W|NED|3227|541|1856.0|3691.0|5499.0|7331.0|7725.0|9144.0|11046.0|12931.0|14880.0|15652.0
 2014|F924|40-44|W|GER|3226|654|1916.0|3820.0|5703.0|7646.0|8054.0|9548.0|11477.0|13300.0|14949.0|15652.0
 2014|F7607|H|W|CHI|3225|474|1575.0|3146.0|4700.0|6273.0|6624.0|7934.0|9822.0|12015.0|14567.0|15652.0
 2014|F8417|30-34|W|RSA|3224|540|1784.0|3605.0|5444.0|7299.0|7684.0|9127.0|10999.0|12909.0|14841.0|15651.0
 2014|F412|45-49|W|GER|3223|556|1746.0|3543.0|5329.0|7134.0|7513.0|8973.0|10840.0|12781.0|14812.0|15650.0
 2014|F9225|35-39|W|GER|3222|534|1729.0|3468.0|5181.0|7012.0|7384.0|8865.0|10784.0|12710.0|14790.0|15650.0
 2014|F2243|45-49|W|BEL|3221|555|1806.0|3647.0|5469.0|7280.0|7671.0|9084.0|10962.0|12857.0|14810.0|15649.0
 2014|F2607|30-34|W|GER|3220|539|1844.0|3715.0|5476.0|7223.0|7595.0|8969.0|10811.0|12812.0|14821.0|15648.0
 2014|F1316|40-44|W|POL|3219|653|1764.0|3492.0|5254.0|7001.0|7396.0|8817.0|10686.0|12665.0|14736.0|15646.0
 2014|F2163|40-44|W|BEL|3218|652|1738.0|3469.0|5202.0|6973.0|7355.0|8803.0|10703.0|12654.0|14794.0|15645.0
 2014|F4412|40-44|W|FIN|3217|651|1694.0|3377.0|5095.0|6845.0|7251.0|8813.0|10795.0|12707.0|14840.0|15645.0
 2014|F7119|35-39|W|DEN|3216|533|1777.0|3538.0|5257.0|7075.0|7460.0|8942.0|10881.0|12811.0|14824.0|15643.0
 2014|F6814|H|W|GER|3215|473|1799.0|3609.0|5409.0|7219.0|7618.0|9076.0|10977.0|12907.0|14821.0|15642.0
 2014|F2905|50-54|W|NED|3214|293|1615.0|3256.0|5142.0|6933.0|7326.0|8866.0|10819.0|12798.0|14797.0|15641.0
 2014|F7666|50-54|W|GER|3213|292|1813.0|3577.0|5357.0|7164.0|7558.0|8998.0|10861.0|12759.0|14744.0|15640.0
 2014|F439|40-44|W|GER|3212|650|1636.0|3302.0|5000.0|6717.0|7097.0|8567.0|10648.0|12664.0|14788.0|15640.0
 2014|F7016|45-49|W|GER|3211|554|1825.0|3641.0|5463.0|7267.0|7655.0|9228.0|11083.0|12913.0|14808.0|15638.0
 2014|F5586|35-39|W|DEN|3210|532|1806.0|3623.0|5604.0|7374.0|7844.0|9274.0|11129.0|12933.0|14840.0|15636.0
 2014|F6573|H|W|DEN|3209|472|1810.0|3626.0|5452.0|7294.0|7682.0|9102.0|10963.0|12851.0|14764.0|15635.0
 2014|F6321|50-54|W|DEN|3208|291|1814.0|3594.0|5383.0|7177.0|7568.0|9068.0|10931.0|12837.0|14797.0|15634.0
 2014|F6217|30-34|W|SWE|3207|538|1873.0|3714.0|5478.0|7337.0|7734.0|9205.0|11050.0|12851.0|14800.0|15634.0
 2014|F7907|40-44|W|GER|3206|649|1835.0|3647.0|5452.0|7273.0|7673.0|9117.0|10987.0|12863.0|14822.0|15634.0
 2014|F3127|H|W|NOR|3205|471|1836.0|3690.0|5503.0|7318.0|7711.0|9135.0|10994.0|12854.0|14798.0|15633.0
 2014|F7696|H|W|GER|3204|470|1821.0|3653.0|5482.0|7311.0|7699.0|9181.0|11047.0|12921.0|14843.0|15632.0
 2014|F1215|40-44|W|TUR|3203|648|1800.0|3687.0|5415.0|7165.0|7554.0|8983.0|10862.0|12774.0|14795.0|15632.0
 2014|F955|40-44|W|GER|3202|647|1609.0|3296.0|5128.0|6925.0|7328.0|8852.0|10778.0|12733.0|14764.0|15631.0
 2014|F7499|30-34|W|MEX|3201|537|1854.0|3618.0|5388.0|7179.0|7566.0|9106.0|11014.0|12947.0|14856.0|15631.0
 2014|F3692|55-59|W|DEN|3200|113|1770.0|3525.0|5266.0|7021.0|7399.0|8817.0|10683.0|12643.0|14775.0|15631.0
 2014|F7755|50-54|W|AUT|3199|290|1617.0|3206.0|4837.0|6696.0|7126.0|8574.0|10309.0|12151.0|14587.0|15628.0
 2014|F2263|60-64|W|AUS|3198|44|1842.0|3669.0|5432.0|7176.0|7566.0|9040.0|10909.0|12771.0|14746.0|15628.0
 2014|F9639|40-44|W|MEX|3197|646|1814.0|3685.0|5517.0|7392.0|7775.0|9226.0|11075.0|12927.0|14825.0|15627.0
 2014|F6932|30-34|W|ROU|3196|536|1802.0|3676.0|5467.0|7297.0|7701.0|9146.0|10989.0|12869.0|14816.0|15627.0
 2014|F7797|H|W|SUI|3195|469|1731.0|3485.0|5202.0|6876.0|7239.0|8584.0|10300.0|12321.0|14685.0|15624.0
 2014|F4854|H|W|DEN|3194|468|1646.0|3296.0|5009.0|6744.0|7111.0|8483.0|10374.0|12416.0|14643.0|15623.0
 2014|F7781|45-49|W|GER|3193|553|1814.0|3609.0|5412.0|7236.0|7635.0|9096.0|10973.0|12848.0|14738.0|15621.0
 2014|F7114|H|W|DEN|3192|467|1658.0|3327.0|5048.0|6794.0|7162.0|8562.0|10484.0|12561.0|14738.0|15621.0
 2014|F5847|60-64|W|CAN|3191|43|1888.0|3733.0|5559.0|7387.0|7796.0|9258.0|11113.0|12975.0|14835.0|15621.0
 2014|F9526|30-34|W|GER|3190|535|1967.0|3957.0|5857.0|7740.0|8143.0|9589.0|11520.0|13307.0|14942.0|15618.0
 2014|F9509|40-44|W|FRA|3189|645|1710.0|3428.0|5133.0|6964.0|7360.0|8856.0|10809.0|12775.0|14757.0|15618.0
 2014|F5899|40-44|W|MEX|3188|644|1771.0|3532.0|5329.0|7095.0|7478.0|8892.0|10803.0|12701.0|14756.0|15617.0
 2014|F3833|H|W|GER|3187|466|1656.0|3384.0|5151.0|6937.0|7345.0|8827.0|10846.0|12819.0|14772.0|15617.0
 2014|F4135|H|W|GBR|3186|465|1710.0|3469.0|5258.0|7121.0|7531.0|8993.0|10881.0|12812.0|14780.0|15614.0
 2014|F1629|40-44|W|GBR|3185|643|1852.0|3664.0|5456.0|7275.0|7675.0|9117.0|10980.0|12838.0|14810.0|15613.0
 2014|F3878|35-39|W|AUT|3184|531|1919.0|3769.0|5553.0|7303.0|7677.0|9029.0|10771.0|12534.0|14666.0|15612.0
 2014|F7017|40-44|W|ESP|3183|642|1797.0|3577.0|5335.0|7127.0|7523.0|8953.0|10875.0|12804.0|14755.0|15612.0
 2014|F3515|50-54|W|DEN|3182|289|1719.0|3467.0|5233.0|6993.0|7369.0|8865.0|10765.0|12679.0|14757.0|15611.0
 2014|F8852|45-49|W|NED|3181|552|1822.0|3654.0|5457.0|7257.0|7655.0|9108.0|10996.0|12872.0|14808.0|15610.0
 2014|F4211|40-44|W|GBR|3180|641|1945.0|3832.0|5630.0|7439.0|7828.0|9264.0|11104.0|12937.0|14819.0|15609.0
 2014|F896|35-39|W|DEN|3179|530|1645.0|3341.0|5050.0|6845.0|7233.0|8726.0|10654.0|12689.0|14730.0|15607.0
 2014|F6235|40-44|W|ROU|3178|640|1898.0|3726.0|5522.0|7324.0|7718.0|9173.0|11018.0|12906.0|14818.0|15607.0
 2014|F658|45-49|W|DEN|3177|551|1703.0|3376.0|5046.0|6716.0|7075.0|8457.0|10378.0|12494.0|14701.0|15607.0
 2014|F5822|35-39|W|GBR|3176|529|1787.0|3600.0|5366.0|7174.0|7576.0|9058.0|10950.0|12833.0|14776.0|15606.0
 2014|F1048|35-39|W|DEN|3175|528|1659.0|3306.0|4947.0|6606.0|6973.0|8427.0|10228.0|12155.0|14498.0|15605.0
 2014|F7571|40-44|W|USA|3174|639|1598.0|3186.0|4785.0|6380.0|6727.0|7973.0|9571.0|11585.0|14539.0|15605.0
 2014|F2256|30-34|W|MEX|3173|534|1896.0|3735.0|5550.0|7355.0|7748.0|9171.0|11002.0|12853.0|14756.0|15604.0
 2014|F3393|45-49|W|GER|3172|550|1803.0|3665.0|5479.0|7398.0|7789.0|9222.0|11070.0|12891.0|14789.0|15601.0
 2014|F2498|35-39|W|SWE|3171|527|1718.0|3452.0|5187.0|6935.0|7303.0|8718.0|10698.0|12659.0|14744.0|15600.0
 2014|F5816|35-39|W|IRL|3170|526|1989.0|4045.0|5812.0|7522.0|7894.0|9296.0|11062.0|12834.0|14775.0|15598.0
 2014|F9052|45-49|W|GER|3169|549|1856.0|3692.0|5550.0|7386.0|7785.0|9213.0|11135.0|13015.0|14808.0|15597.0
 2014|F7865|45-49|W|GER|3168|548|1660.0|3363.0|5096.0|6880.0|7267.0|8709.0|10599.0|12568.0|14682.0|15594.0
 2014|F3721|30-34|W|GER|3167|533|1730.0|3500.0|5303.0|7075.0|7468.0|8951.0|10857.0|12827.0|14776.0|15594.0
 2014|F4146|50-54|W|DEN|3166|288|1750.0|3590.0|5393.0|7215.0|7602.0|9054.0|10895.0|12775.0|14734.0|15594.0
 2014|F3592|40-44|W|GER|3165|638|1760.0|3540.0|5367.0|7177.0|7573.0|9033.0|10869.0|12721.0|14741.0|15593.0
 2014|F7244|40-44|W|RSA|3164|637|1808.0|3636.0|5426.0|7304.0|7693.0|9237.0|11304.0|13027.0|14795.0|15592.0
 2014|F7623|45-49|W|GER|3163|547|1830.0|3684.0|5605.0|7459.0|7867.0|9354.0|11263.0|13041.0|14819.0|15592.0
 2014|F5902|45-49|W|GER|3162|546|1718.0|3441.0|5210.0|7056.0|7457.0|8950.0|10881.0|12771.0|14712.0|15591.0
 2014|F9681|30-34|W|GER|3161|532|1794.0|3580.0|5433.0|7307.0|7710.0|9182.0|11024.0|12889.0|14787.0|15591.0
 2014|F4499|30-34|W|USA|3160|531|1934.0|3794.0|5616.0|7410.0|7806.0|9232.0|11086.0|12927.0|14812.0|15590.0
 2014|F925|35-39|W|CRC|3159|525|1911.0|3836.0|5691.0|7568.0|7968.0|9469.0|11322.0|13135.0|14835.0|15590.0
 2014|F7196|40-44|W|GER|3158|636|1788.0|3551.0|5285.0|7007.0|7381.0|8755.0|10554.0|12528.0|14731.0|15589.0
 2014|F2057|35-39|W|GER|3157|524|1779.0|3541.0|5298.0|7089.0|7484.0|8916.0|10775.0|12735.0|14716.0|15587.0
 2014|F3902|30-34|W|GER|3156|530|1832.0|NaN|5481.0|7282.0|7677.0|9111.0|10967.0|12841.0|14772.0|15586.0
 2014|F2642|45-49|W|FRA|3155|545|1705.0|3382.0|5078.0|6830.0|7230.0|8702.0|10672.0|12653.0|14707.0|15585.0
 2014|F4881|50-54|W|GER|3154|287|1712.0|3441.0|5151.0|6875.0|7262.0|8728.0|10734.0|12744.0|14763.0|15584.0
 2014|F2783|45-49|W|GER|3153|544|1932.0|3774.0|5645.0|7466.0|7869.0|9328.0|11192.0|13016.0|14810.0|15583.0
 2014|F6393|40-44|W|NOR|3152|635|1850.0|3852.0|5618.0|7388.0|7808.0|9217.0|11056.0|12869.0|14771.0|15580.0
 2014|F4273|45-49|W|SWE|3151|543|1747.0|3449.0|5165.0|6890.0|7269.0|8658.0|10770.0|12776.0|14785.0|15580.0
 2014|F7274|H|W|GER|3150|464|1982.0|3946.0|5816.0|7667.0|8065.0|9518.0|11359.0|13131.0|14847.0|15579.0
 2014|F9130|H|W|GER|3149|463|1639.0|3299.0|4978.0|6664.0|7046.0|8426.0|10243.0|12334.0|14605.0|15575.0
 2014|F6803|35-39|W|GER|3148|523|1599.0|3234.0|4861.0|6534.0|6898.0|8276.0|10066.0|12047.0|14555.0|15575.0
 2014|F732|50-54|W|CRC|3147|286|1768.0|3526.0|5375.0|7258.0|7655.0|9107.0|10967.0|12831.0|14745.0|15574.0
 2014|F1220|60-64|W|NZL|3146|42|1739.0|3515.0|5219.0|6966.0|7340.0|8749.0|10613.0|12559.0|14685.0|15571.0
 2014|F8694|45-49|W|GER|3145|542|1724.0|3461.0|5304.0|7057.0|7441.0|8886.0|10900.0|12823.0|14743.0|15571.0
 2014|F2829|45-49|W|CAN|3144|541|1644.0|3272.0|4915.0|6636.0|7120.0|8526.0|10426.0|12452.0|14776.0|15570.0
 2014|F9662|H|W|GER|3143|462|1772.0|3509.0|5255.0|6992.0|7373.0|8837.0|10711.0|12614.0|14668.0|15567.0
 2014|F7592|55-59|W|NOR|3142|112|1845.0|3714.0|5515.0|7322.0|7722.0|9159.0|10982.0|12814.0|14713.0|15567.0
 2014|F9076|35-39|W|GBR|3141|522|1851.0|3664.0|5479.0|7340.0|7741.0|9210.0|11107.0|12957.0|14788.0|15563.0
 2014|F605|30-34|W|GER|3139|529|1771.0|3565.0|5350.0|7145.0|7530.0|8976.0|10840.0|12729.0|14690.0|15563.0
 2014|F6395|35-39|W|USA|3139|521|1810.0|3674.0|5508.0|7382.0|7778.0|9379.0|11367.0|13153.0|14887.0|15563.0
 2014|F8080|30-34|W|GER|3138|528|1726.0|3450.0|5201.0|6949.0|7337.0|8839.0|10741.0|12689.0|14704.0|15560.0
 2014|F1636|30-34|W|NED|3137|527|1849.0|3650.0|5435.0|7220.0|7606.0|9026.0|10846.0|12762.0|14705.0|15559.0
 2014|F9599|30-34|W|POL|3136|526|1842.0|3672.0|5438.0|7170.0|7578.0|8935.0|10763.0|12612.0|14755.0|15558.0
 2014|F3492|40-44|W|ENG|3135|634|1854.0|3676.0|5480.0|7259.0|7646.0|9050.0|10854.0|12760.0|14716.0|15558.0
 2014|F2434|30-34|W|NOR|3134|525|1768.0|3524.0|5529.0|7477.0|7900.0|9383.0|11227.0|13023.0|14816.0|15558.0
 2014|F2059|30-34|W|USA|3133|524|1624.0|3313.0|5066.0|6921.0|7354.0|8842.0|10825.0|12711.0|14698.0|15557.0
 2014|F3639|45-49|W|GER|3132|540|1796.0|3493.0|5237.0|7021.0|7409.0|8840.0|10709.0|12605.0|14642.0|15555.0
 2014|F1178|30-34|W|ITA|3131|523|1804.0|3602.0|5383.0|7212.0|7620.0|9104.0|10992.0|12890.0|14788.0|15554.0
 2014|F8199|40-44|W|USA|3130|633|1825.0|3665.0|5480.0|7307.0|7700.0|9132.0|10975.0|12852.0|14730.0|15553.0
 2014|F862|30-34|W|SWE|3129|522|1691.0|3378.0|5062.0|6831.0|7238.0|8836.0|10748.0|12685.0|14735.0|15551.0
 2014|F6336|40-44|W|DEN|3128|632|1710.0|3436.0|5131.0|6840.0|7231.0|8723.0|10560.0|12550.0|14525.0|15551.0
 2014|F3123|H|W|FRA|3127|461|1810.0|3612.0|5381.0|7153.0|7533.0|8928.0|10732.0|12606.0|14680.0|15549.0
 2014|F5477|45-49|W|CHN|3126|539|1821.0|3595.0|5336.0|7165.0|7592.0|9100.0|10987.0|12904.0|14750.0|15548.0
 2014|F5606|50-54|W|GER|3125|285|1774.0|3580.0|5357.0|7181.0|7577.0|8981.0|10797.0|12606.0|14674.0|15547.0
 2014|F6944|H|W|GER|3124|460|1780.0|3547.0|5285.0|7056.0|7441.0|8892.0|10795.0|12733.0|14692.0|15545.0
 2014|F7925|H|W|GER|3123|459|1861.0|3821.0|5718.0|7516.0|7890.0|9297.0|11093.0|12935.0|14754.0|15544.0
 2014|F7843|35-39|W|GER|3122|520|1607.0|3271.0|4972.0|6743.0|7150.0|8637.0|10623.0|12664.0|14750.0|15543.0
 2014|F1944|30-34|W|GBR|3121|521|1744.0|3491.0|5347.0|7477.0|7939.0|NaN|NaN|NaN|10780.0|15540.0
 2014|F5016|55-59|W|GER|3120|111|1756.0|3525.0|5207.0|6933.0|7317.0|8740.0|10703.0|12654.0|14687.0|15537.0
 2014|F4178|35-39|W|CHN|3119|519|1600.0|3280.0|4949.0|6695.0|7070.0|8406.0|10302.0|12431.0|14592.0|15533.0
 2014|F2061|35-39|W|ISR|3118|518|1870.0|3639.0|5404.0|7173.0|7560.0|8971.0|10846.0|12702.0|14657.0|15531.0
 2014|F8719|30-34|W|BEL|3117|520|1783.0|3543.0|5346.0|7128.0|7519.0|9006.0|10911.0|12802.0|14690.0|15529.0
 2014|F7558|55-59|W|MEX|3116|110|1696.0|3419.0|5165.0|6962.0|7365.0|8890.0|10870.0|12809.0|14733.0|15529.0
 2014|F2925|45-49|W|GER|3115|538|1712.0|3464.0|5221.0|6994.0|7387.0|8833.0|10786.0|12746.0|14742.0|15525.0
 2014|F7061|H|W|GER|3114|458|1709.0|3447.0|5182.0|6964.0|7343.0|8741.0|10581.0|12508.0|14582.0|15525.0
 2014|F5041|45-49|W|NED|3112|537|1820.0|3658.0|5492.0|7286.0|7675.0|9085.0|11041.0|12868.0|14729.0|15524.0
 2014|F7346|50-54|W|BRA|3112|284|1803.0|3637.0|5430.0|7242.0|7640.0|9081.0|10912.0|12743.0|14634.0|15524.0
 2014|F4591|35-39|W|USA|3111|517|1584.0|3249.0|4918.0|6659.0|7057.0|8544.0|10485.0|12508.0|14617.0|15523.0
 2014|F9476|50-54|W|JPN|3110|283|1785.0|3549.0|5257.0|7020.0|7405.0|8860.0|10734.0|12656.0|14681.0|15523.0
 2014|F2102|35-39|W|GER|3109|516|1585.0|3142.0|4700.0|6301.0|6643.0|7954.0|9722.0|11885.0|14477.0|15519.0
 2014|F8788|50-54|W|ITA|3108|282|1615.0|3257.0|4927.0|6682.0|7075.0|8521.0|10495.0|12554.0|14596.0|15515.0
 2014|F2651|40-44|W|ITA|3107|631|1729.0|3470.0|5130.0|6780.0|7153.0|8663.0|10706.0|12601.0|14620.0|15514.0
 2014|F6643|40-44|W|ITA|3106|630|1785.0|3554.0|5317.0|7085.0|7473.0|8899.0|10738.0|12601.0|14635.0|15514.0
 2014|F2877|35-39|W|GER|3105|515|1666.0|3335.0|5005.0|6708.0|7091.0|8535.0|10449.0|12495.0|14618.0|15513.0
 2014|F5672|40-44|W|GBR|3104|629|1609.0|3246.0|4901.0|6616.0|6993.0|8439.0|10378.0|12437.0|14572.0|15512.0
 2014|F4856|35-39|W|DEN|3103|514|1771.0|3748.0|5482.0|7213.0|7589.0|8974.0|10733.0|12579.0|14659.0|15512.0
 2014|F4486|50-54|W|NED|3102|281|1744.0|3501.0|5272.0|7069.0|7469.0|8911.0|10767.0|12659.0|14612.0|15511.0
 2014|F8461|30-34|W|FRA|3101|519|1650.0|3273.0|4936.0|6630.0|7005.0|8456.0|10390.0|12399.0|14593.0|15509.0
 2014|F8412|55-59|W|GER|3100|109|1738.0|3444.0|5175.0|6942.0|7329.0|8786.0|10640.0|12601.0|14615.0|15506.0
 2014|F3673|50-54|W|GER|3099|280|1721.0|3492.0|5260.0|7052.0|7442.0|8873.0|10763.0|12664.0|14645.0|15506.0
 2014|F455|55-59|W|GER|3098|108|1782.0|3599.0|5395.0|7171.0|7558.0|8995.0|10876.0|12756.0|14662.0|15506.0
 2014|F1960|40-44|W|GBR|3097|628|1734.0|3466.0|5216.0|7015.0|7410.0|8873.0|10786.0|12707.0|14664.0|15505.0
 2014|F7133|40-44|W|GER|3096|627|1780.0|3573.0|5451.0|7249.0|7628.0|9352.0|11261.0|13055.0|14792.0|15503.0
 2014|F6335|H|W|DEN|3095|457|1783.0|3585.0|5361.0|7165.0|7556.0|8972.0|10894.0|12786.0|14723.0|15501.0
 2014|F827|H|W|BRA|3094|456|1722.0|3460.0|5209.0|6988.0|7375.0|8822.0|10738.0|12795.0|14733.0|15500.0
 2014|F8818|40-44|W|GER|3093|626|1730.0|3493.0|5256.0|7074.0|7461.0|8907.0|10800.0|12726.0|14661.0|15500.0
 2014|F5115|55-59|W|GER|3092|107|1829.0|3613.0|5374.0|7146.0|7534.0|9035.0|10865.0|12712.0|14652.0|15499.0
 2014|F3186|35-39|W|MEX|3091|513|1738.0|3507.0|5196.0|6945.0|7329.0|8756.0|10645.0|12523.0|14593.0|15498.0
 2014|F6789|50-54|W|DEN|3090|279|1762.0|3624.0|5515.0|7331.0|7713.0|9188.0|11100.0|12927.0|14732.0|15496.0
 2014|F2593|55-59|W|SWE|3089|106|1645.0|3320.0|5036.0|6784.0|7164.0|8583.0|10440.0|12404.0|14563.0|15496.0
 2014|F1637|H|W|MEX|3088|455|1690.0|3403.0|5114.0|6873.0|7265.0|8821.0|10785.0|12671.0|14659.0|15494.0
 2014|F6887|H|W|ESP|3087|454|1665.0|3394.0|5171.0|6969.0|7364.0|8854.0|10812.0|12760.0|14695.0|15494.0
 2014|F5707|50-54|W|DEN|3086|278|1751.0|3448.0|5161.0|6897.0|7275.0|8806.0|10663.0|12567.0|14621.0|15493.0
 2014|F3618|55-59|W|USA|3085|105|1839.0|3675.0|5464.0|7266.0|7651.0|9102.0|10969.0|12786.0|14680.0|15488.0
 2014|F4382|35-39|W|DEN|3084|512|1819.0|3649.0|5451.0|7240.0|7626.0|9055.0|10876.0|12698.0|14601.0|15488.0
 2014|F6553|30-34|W|GER|3083|518|1732.0|3468.0|5242.0|7053.0|7451.0|8946.0|10857.0|12768.0|14693.0|15487.0
 2014|F3308|45-49|W|ESP|3082|536|1791.0|3618.0|5493.0|7307.0|7703.0|9155.0|11035.0|12883.0|14722.0|15487.0
 2014|F1329|H|W|GER|3081|453|1763.0|3511.0|5300.0|7126.0|7517.0|8990.0|10901.0|12776.0|14675.0|15487.0
 2014|F2879|50-54|W|GER|3080|277|1671.0|3363.0|5111.0|6900.0|7290.0|8771.0|10630.0|12580.0|14632.0|15486.0
 2014|F561|35-39|W|DEN|3079|511|1801.0|3601.0|5413.0|7196.0|7578.0|8991.0|10831.0|12711.0|14658.0|15486.0
 2014|F843|H|W|ITA|3078|452|1847.0|3718.0|5537.0|7382.0|7778.0|9237.0|11122.0|12917.0|14723.0|15486.0
 2014|F5646|45-49|W|GER|3077|535|1795.0|3588.0|5361.0|7144.0|7538.0|8996.0|10850.0|12732.0|14601.0|15485.0
 2014|F5012|55-59|W|SUI|3076|104|1731.0|3473.0|5259.0|6994.0|7368.0|8762.0|10596.0|12431.0|14558.0|15484.0
 2014|F8175|45-49|W|FIN|3075|534|1788.0|3536.0|5303.0|7120.0|7509.0|8940.0|10829.0|12744.0|14691.0|15484.0
 2014|F3791|60-64|W|GER|3074|41|1692.0|3393.0|5109.0|6881.0|7275.0|8703.0|10600.0|12584.0|14594.0|15484.0
 2014|F1583|35-39|W|UKR|3073|510|1791.0|3540.0|5328.0|7106.0|7498.0|8956.0|10845.0|12727.0|14643.0|15483.0
 2014|F3757|45-49|W|GER|3072|533|1944.0|3892.0|5719.0|7509.0|7908.0|9370.0|11159.0|12922.0|14702.0|15482.0
 2014|F9011|H|W|GER|3071|451|1606.0|3220.0|4847.0|6498.0|6868.0|8263.0|10182.0|12627.0|14701.0|15481.0
 2014|F7436|H|W|USA|3070|450|1869.0|3715.0|5522.0|7368.0|7773.0|9195.0|11033.0|12871.0|14707.0|15481.0
 2014|F6135|35-39|W|GUA|3069|509|1788.0|3590.0|5368.0|7143.0|7527.0|8928.0|10808.0|12705.0|14658.0|15479.0
 2014|F3118|40-44|W|ITA|3068|625|1763.0|3470.0|5223.0|7013.0|7407.0|8876.0|10754.0|12684.0|14655.0|15478.0
 2014|F5067|H|W|GBR|3067|449|1650.0|3322.0|5041.0|6834.0|7216.0|8711.0|10660.0|12626.0|14638.0|15477.0
 2014|F6773|45-49|W|BRA|3066|532|1804.0|3638.0|5432.0|7243.0|7640.0|9082.0|10916.0|12744.0|14634.0|15477.0
 2014|F3578|35-39|W|GER|3065|508|1721.0|3460.0|5258.0|7053.0|7441.0|8900.0|10771.0|12727.0|14645.0|15476.0
 2014|F7472|35-39|W|VEN|3064|507|1859.0|3995.0|5792.0|7469.0|7932.0|9280.0|11053.0|12843.0|14681.0|15476.0
 2014|F7226|35-39|W|GER|3063|506|1567.0|3146.0|4705.0|6291.0|6635.0|7911.0|9712.0|12020.0|14497.0|15476.0
 2014|F3053|H|W|GER|3062|448|1773.0|3574.0|5377.0|7171.0|7561.0|8981.0|10840.0|12746.0|14649.0|15474.0
 2014|F749|35-39|W|USA|3061|505|1819.0|3706.0|5536.0|7340.0|7738.0|9210.0|11065.0|12890.0|14703.0|15472.0
 2014|F4134|30-34|W|GBR|3060|517|1828.0|3640.0|5426.0|7209.0|7591.0|9028.0|10878.0|12753.0|14698.0|15472.0
 2014|F8131|35-39|W|DEN|3059|504|1802.0|3602.0|5414.0|7196.0|7578.0|8992.0|10833.0|12711.0|14658.0|15472.0
 2014|F8102|50-54|W|DEN|3058|276|1784.0|3597.0|5470.0|7268.0|7662.0|9121.0|11004.0|12832.0|14680.0|15471.0
 2014|F1625|30-34|W|SUI|3057|516|1747.0|3542.0|5399.0|7190.0|7578.0|9026.0|10970.0|12898.0|14734.0|15471.0
 2014|F6455|H|W|GBR|3056|447|1647.0|3310.0|4979.0|6631.0|6993.0|8414.0|10488.0|12519.0|14615.0|15471.0
 2014|F6780|45-49|W|ESP|3055|531|1870.0|3683.0|5410.0|7188.0|7569.0|8986.0|10780.0|12594.0|14613.0|15470.0
 2014|F2236|30-34|W|NED|3054|515|1832.0|3618.0|5424.0|7235.0|7623.0|9044.0|10913.0|12787.0|14673.0|15470.0
 2014|F9363|40-44|W|GBR|3053|624|1782.0|3595.0|5402.0|7223.0|7614.0|9039.0|10875.0|12721.0|14605.0|15467.0
 2014|F2628|30-34|W|CRC|3052|514|1689.0|3364.0|5039.0|6762.0|7152.0|8577.0|10512.0|12320.0|14468.0|15467.0
 2014|F1142|35-39|W|FRA|3051|503|1834.0|3622.0|5412.0|7182.0|7581.0|8995.0|10878.0|12831.0|14696.0|15466.0
 2014|F3989|H|W|GBR|3049|446|1754.0|3418.0|5098.0|6899.0|7272.0|8724.0|10629.0|12541.0|14589.0|15466.0
 2014|F1410|45-49|W|GER|3049|530|1860.0|3698.0|5458.0|7249.0|7642.0|9063.0|10875.0|12711.0|14649.0|15466.0
 2014|F4329|35-39|W|DEN|3048|502|1865.0|3702.0|5485.0|7252.0|7637.0|9054.0|10895.0|12745.0|14630.0|15465.0
 2014|F1653|30-34|W|MEX|3047|513|1693.0|3402.0|5225.0|6989.0|7383.0|8862.0|10768.0|12614.0|14577.0|15464.0
 2014|F6759|H|W|GER|3046|445|1835.0|3652.0|5404.0|7161.0|7543.0|8951.0|10754.0|12620.0|14592.0|15462.0
 2014|F8625|30-34|W|GER|3045|512|1636.0|3306.0|4972.0|6648.0|7020.0|8374.0|10498.0|12609.0|14662.0|15458.0
 2014|F5476|30-34|W|ESP|3044|511|1808.0|3566.0|5331.0|7103.0|7489.0|8904.0|10751.0|12638.0|14594.0|15457.0
 2014|F4219|30-34|W|GER|3043|510|1628.0|3288.0|4992.0|6718.0|7101.0|8508.0|10415.0|12312.0|14539.0|15457.0
 2014|F9148|30-34|W|POL|3042|509|1867.0|3747.0|5602.0|7457.0|7847.0|9305.0|11125.0|12933.0|14707.0|15457.0
 2014|F2840|35-39|W|SWE|3039|501|1752.0|3525.0|5301.0|7177.0|7597.0|9100.0|10973.0|12836.0|14668.0|15454.0
 2014|F3160|H|W|GER|3039|444|1838.0|3734.0|5536.0|7358.0|7752.0|9175.0|11013.0|12794.0|14692.0|15454.0
 2014|F2662|30-34|W|AUT|3039|508|1804.0|3607.0|5387.0|7206.0|7608.0|9057.0|10937.0|12816.0|14663.0|15454.0
 2014|F2382|30-34|W|POL|3038|507|1947.0|3839.0|5647.0|7429.0|7841.0|9211.0|11041.0|12797.0|14648.0|15454.0
 2014|F836|45-49|W|DEN|3037|529|1750.0|3563.0|5332.0|7110.0|7490.0|8923.0|10770.0|12679.0|14603.0|15453.0
 2014|F1588|H|W|GER|3036|443|1654.0|3325.0|5011.0|6726.0|7106.0|8496.0|10355.0|12420.0|14565.0|15451.0
 2014|F6152|H|W|GER|3035|442|1671.0|3371.0|5067.0|6816.0|7200.0|8650.0|10597.0|12585.0|14630.0|15449.0
 2014|F1160|40-44|W|HUN|3034|623|1830.0|3592.0|5331.0|7131.0|7525.0|8969.0|10847.0|12742.0|14657.0|15448.0
 2014|F6105|55-59|W|DEN|3033|103|1682.0|3396.0|5096.0|6778.0|7145.0|8552.0|10364.0|12400.0|14541.0|15448.0
 2014|F4540|30-34|W|GER|3032|506|1782.0|3560.0|5335.0|7147.0|7545.0|9009.0|10882.0|12758.0|14640.0|15447.0
 2014|F7463|40-44|W|IRL|3030|622|1795.0|3547.0|5339.0|7101.0|7481.0|8908.0|10750.0|12624.0|14628.0|15445.0
 2014|F3244|45-49|W|GER|3030|528|1863.0|3745.0|5576.0|7427.0|7821.0|9296.0|11098.0|12871.0|14670.0|15445.0
 2014|F7083|H|W|GBR|3029|441|1827.0|3707.0|5540.0|7374.0|7775.0|9228.0|11089.0|12908.0|14693.0|15444.0
 2014|F9107|50-54|W|GER|3028|275|1780.0|3591.0|5441.0|7288.0|7689.0|9134.0|10997.0|12846.0|14662.0|15444.0
 2014|F4703|45-49|W|GER|3027|527|1648.0|3359.0|5123.0|6913.0|7302.0|8731.0|10600.0|12579.0|14564.0|15443.0
 2014|F533|35-39|W|GBR|3026|500|1676.0|3360.0|5029.0|6795.0|7186.0|8678.0|10597.0|12568.0|14622.0|15441.0
 2014|F2359|H|W|SWE|3025|440|1841.0|3639.0|5460.0|7255.0|7640.0|9057.0|10914.0|12817.0|14715.0|15440.0
 2014|F5273|55-59|W|FRA|3024|102|1808.0|3606.0|5404.0|7231.0|7624.0|9084.0|10942.0|12793.0|14631.0|15439.0
 2014|F7223|40-44|W|GER|3023|621|1721.0|3419.0|5130.0|6895.0|7275.0|8747.0|10666.0|12618.0|14591.0|15439.0
 2014|F2387|35-39|W|MEX|3022|499|1618.0|3234.0|4901.0|6600.0|6974.0|8398.0|10265.0|12358.0|14522.0|15438.0
 2014|F6120|50-54|W|SUI|3021|274|1784.0|3578.0|5376.0|7167.0|7555.0|9000.0|10874.0|12736.0|14622.0|15437.0
 2014|F2426|45-49|W|SUI|3020|526|1783.0|3578.0|5376.0|7166.0|7555.0|9000.0|10873.0|12735.0|14622.0|15437.0
 2014|F4136|H|W|GBR|3019|439|1832.0|3627.0|5473.0|7191.0|7566.0|8953.0|10791.0|12614.0|14606.0|15435.0
 2014|F6939|40-44|W|FIN|3018|620|1682.0|3380.0|5056.0|6778.0|7152.0|8715.0|10625.0|12664.0|14597.0|15435.0
 2014|F812|40-44|W|CRC|3017|619|1832.0|3650.0|5476.0|7295.0|7690.0|9121.0|10940.0|12778.0|14653.0|15434.0
 2014|F4793|50-54|W|GER|3016|273|1804.0|3667.0|5477.0|7296.0|7691.0|9146.0|10997.0|12830.0|14657.0|15434.0
 2014|F5729|35-39|W|DEN|3015|498|1762.0|3517.0|5296.0|7080.0|7466.0|8895.0|10712.0|12596.0|14547.0|15433.0
 2014|F6615|35-39|W|DEN|3014|497|1673.0|3387.0|5104.0|6851.0|7252.0|8680.0|10638.0|12580.0|14542.0|15432.0
 2014|F1277|40-44|W|BRA|3013|618|1809.0|3637.0|5463.0|7299.0|7699.0|9126.0|10967.0|12808.0|14637.0|15432.0
 2014|F4924|H|W|DEN|3012|438|1833.0|3749.0|5558.0|7380.0|7778.0|9225.0|11145.0|13005.0|14712.0|15428.0
 2014|F5523|45-49|W|GER|3011|525|1770.0|3541.0|5356.0|7170.0|7561.0|8966.0|10787.0|12637.0|14561.0|15427.0
 2014|F5416|H|W|GER|3010|437|1898.0|3791.0|5626.0|7461.0|7853.0|9284.0|11112.0|12921.0|14689.0|15427.0
 2014|F3274|35-39|W|GER|3009|496|1767.0|3514.0|5269.0|7049.0|7438.0|8867.0|10737.0|12670.0|14631.0|15426.0
 2014|F9121|30-34|W|CHN|3008|505|1731.0|3426.0|5120.0|6887.0|7272.0|8774.0|10719.0|12578.0|14596.0|15424.0
 2014|F8527|35-39|W|JPN|3007|495|1658.0|3322.0|4990.0|6654.0|7020.0|8450.0|10286.0|12288.0|14551.0|15424.0
 2014|F8702|45-49|W|SUI|3006|524|1815.0|3611.0|5405.0|7201.0|7597.0|9012.0|10810.0|12723.0|14595.0|15424.0
 2014|F6141|45-49|W|GER|3005|523|1765.0|3564.0|5412.0|7160.0|7534.0|8983.0|10812.0|12661.0|14595.0|15422.0
 2014|F777|45-49|W|NED|3004|522|1789.0|3592.0|5401.0|7195.0|7591.0|9031.0|10884.0|12772.0|14647.0|15422.0
 2014|F9514|55-59|W|GER|3003|101|1700.0|3416.0|5111.0|6838.0|7223.0|8673.0|10610.0|12564.0|14561.0|15421.0
 2014|F1888|30-34|W|GER|3002|504|1653.0|3349.0|5121.0|6897.0|7327.0|8765.0|10663.0|12570.0|14536.0|15419.0
 2014|F8205|30-34|W|GER|3001|503|1636.0|3321.0|4970.0|6664.0|7043.0|8453.0|10340.0|12605.0|14614.0|15419.0
 2014|F2614|30-34|W|USA|3000|502|1774.0|3483.0|5274.0|7054.0|7449.0|8849.0|10708.0|12732.0|14676.0|15417.0
 2014|F6414|45-49|W|GER|2999|521|1811.0|3646.0|5480.0|7260.0|7666.0|9115.0|10960.0|12772.0|14631.0|15417.0
 2014|F5304|30-34|W|USA|2998|501|1671.0|3393.0|5062.0|6739.0|7118.0|8507.0|10456.0|12787.0|14709.0|15417.0
 2014|F7019|45-49|W|NED|2997|520|1759.0|3547.0|5299.0|7034.0|7404.0|8797.0|10603.0|12564.0|14580.0|15416.0
 2014|F8133|H|W|RUS|2996|436|1540.0|3116.0|4802.0|6622.0|7011.0|8547.0|10513.0|12569.0|14611.0|15415.0
 2014|F9583|50-54|W|GER|2995|272|1757.0|3526.0|5290.0|7075.0|7472.0|8900.0|10774.0|12638.0|14553.0|15413.0
 2014|F407|40-44|W|GER|2994|617|1737.0|3478.0|5252.0|7122.0|7517.0|9027.0|10926.0|12806.0|14661.0|15412.0
 2014|F1204|45-49|W|SUI|2993|519|1722.0|3435.0|5159.0|6924.0|7320.0|8765.0|10641.0|12557.0|14562.0|15412.0
 2014|F3036|45-49|W|GER|2992|518|1759.0|3484.0|5176.0|6859.0|7228.0|8613.0|10549.0|12454.0|14498.0|15410.0
 2014|F6628|45-49|W|DEN|2991|517|1822.0|3646.0|5429.0|7230.0|7694.0|9095.0|10926.0|12795.0|14660.0|15409.0
 2014|F3243|30-34|W|NOR|2990|500|1845.0|3714.0|5516.0|7322.0|7723.0|9159.0|10981.0|12815.0|14640.0|15408.0
 2014|F9309|35-39|W|NED|2989|494|1646.0|3270.0|4880.0|6549.0|6921.0|8343.0|10354.0|12388.0|14566.0|15405.0
 2014|F7229|45-49|W|DEN|2988|516|1590.0|3241.0|4926.0|6687.0|7072.0|8537.0|10422.0|12387.0|14508.0|15405.0
 2014|F1418|45-49|W|GER|2987|515|1690.0|3408.0|5137.0|6880.0|7259.0|8718.0|10630.0|12585.0|14535.0|15404.0
 2014|F2217|30-34|W|ENG|2986|499|1865.0|3771.0|5695.0|7542.0|7932.0|9394.0|11258.0|13003.0|14696.0|15403.0
 2014|F3612|40-44|W|GBR|2985|616|1748.0|3417.0|5126.0|6877.0|7255.0|8690.0|10573.0|12493.0|14486.0|15403.0
 2014|F2040|35-39|W|GBR|2984|493|1747.0|3406.0|5125.0|6877.0|7254.0|8689.0|10571.0|12492.0|14485.0|15402.0
 2014|F7060|H|W|RUS|2983|435|1704.0|3392.0|5105.0|6995.0|7403.0|8878.0|10742.0|12721.0|14621.0|15401.0
 2014|F8456|30-34|W|GBR|2982|498|1796.0|3790.0|5550.0|7326.0|7710.0|9101.0|10876.0|12634.0|14579.0|15400.0
 2014|F5673|50-54|W|GER|2981|271|1763.0|3534.0|5295.0|7048.0|7430.0|8832.0|10663.0|12539.0|14558.0|15399.0
 2014|F4104|50-54|W|DEN|2980|270|1761.0|3526.0|5291.0|7083.0|7470.0|8914.0|10761.0|12643.0|14565.0|15398.0
 2014|F9086|30-34|W|POL|2979|497|1612.0|3273.0|4999.0|6717.0|7094.0|8534.0|10486.0|12527.0|14584.0|15396.0
 2014|F3724|30-34|W|SWE|2978|496|1741.0|3538.0|5283.0|7031.0|7447.0|8959.0|10810.0|12813.0|14627.0|15396.0
 2014|F4340|H|W|GER|2977|434|1645.0|3331.0|5033.0|6812.0|7213.0|8652.0|10581.0|12544.0|14562.0|15395.0
 2014|F8521|40-44|W|JPN|2976|615|1577.0|3171.0|4811.0|6585.0|6957.0|8500.0|10588.0|12614.0|14594.0|15395.0
 2014|F1399|40-44|W|FRA|2975|614|1656.0|3322.0|4988.0|6667.0|7044.0|8721.0|10938.0|12743.0|14612.0|15395.0
 2014|F5176|40-44|W|SWE|2974|613|1954.0|3943.0|5750.0|7553.0|7949.0|9343.0|11109.0|12913.0|14674.0|15394.0
 2014|F8908|40-44|W|CRC|2973|612|1832.0|3650.0|5476.0|7296.0|7690.0|9120.0|10942.0|12777.0|14614.0|15392.0
 2014|F8178|30-34|W|POL|2972|495|1715.0|3464.0|5224.0|6973.0|7362.0|8785.0|10676.0|12612.0|14576.0|15392.0
 2014|F9246|35-39|W|GER|2971|492|1673.0|3392.0|5193.0|7047.0|7441.0|8914.0|10824.0|12684.0|14583.0|15391.0
 2014|F4877|50-54|W|GER|2970|269|1754.0|3566.0|5365.0|7138.0|7518.0|8935.0|10766.0|12634.0|14561.0|15391.0
 2014|F7382|35-39|W|SWE|2969|491|1626.0|3409.0|5140.0|6924.0|7331.0|8758.0|10596.0|12517.0|14547.0|15391.0
 2014|F4780|H|W|DEN|2968|433|1804.0|3587.0|5365.0|7173.0|7569.0|8994.0|10837.0|12681.0|14570.0|15391.0
 2014|F8339|40-44|W|EST|2967|611|1696.0|3444.0|5187.0|6953.0|7339.0|8760.0|10658.0|12559.0|14535.0|15391.0
 2014|F9097|35-39|W|USA|2965|490|1704.0|3401.0|5068.0|6720.0|7087.0|8411.0|10221.0|12102.0|14436.0|15390.0
 2014|F1235|60-64|W|GER|2965|40|2743.0|5493.0|NaN|NaN|NaN|NaN|NaN|NaN|14149.0|15390.0
 2014|F7531|35-39|W|FIN|2964|489|1800.0|3548.0|5278.0|7052.0|7439.0|8890.0|10770.0|12621.0|14543.0|15390.0
 2014|F5128|45-49|W|CAN|2962|514|1662.0|3382.0|5125.0|6906.0|7271.0|8824.0|10695.0|12582.0|14559.0|15389.0
 2014|F8613|30-34|W|NED|2962|494|1878.0|3728.0|5535.0|7362.0|7780.0|9212.0|11049.0|12866.0|14664.0|15389.0
 2014|F8605|H|W|GER|2961|432|1527.0|3160.0|4882.0|6624.0|7008.0|8422.0|10381.0|12544.0|14573.0|15388.0
 2014|F6820|H|W|GER|2960|431|1788.0|3524.0|5250.0|7027.0|7405.0|8869.0|10740.0|12515.0|14580.0|15388.0
 2014|F8758|40-44|W|MEX|2959|610|1811.0|3645.0|5441.0|7282.0|7678.0|9129.0|10962.0|12807.0|14641.0|15387.0
 2014|F7296|70-74|W|USA|2958|1|1737.0|3535.0|5342.0|7171.0|7558.0|8997.0|10895.0|12739.0|14588.0|15386.0
 2014|F1386|H|W|NED|2957|430|1783.0|3559.0|5307.0|7065.0|7454.0|8886.0|10720.0|12618.0|14560.0|15385.0
 2014|F8418|45-49|W|GER|2956|513|1926.0|3811.0|5676.0|7490.0|7877.0|9307.0|11124.0|12888.0|14631.0|15384.0
 2014|F4844|50-54|W|NED|2955|268|1688.0|3413.0|5172.0|6941.0|7335.0|8786.0|10681.0|12572.0|14532.0|15384.0
 2014|F9237|45-49|W|GER|2954|512|1871.0|3685.0|5482.0|7281.0|7682.0|9115.0|10930.0|12726.0|14575.0|15384.0
 2014|F2233|45-49|W|GER|2953|511|1721.0|3483.0|5233.0|6961.0|7329.0|8747.0|10645.0|12511.0|14569.0|15382.0
 2014|F9180|55-59|W|USA|2952|100|1692.0|3462.0|5274.0|7113.0|7513.0|9003.0|10875.0|12724.0|14594.0|15381.0
 2014|F8994|45-49|W|DEN|2951|510|1620.0|3294.0|4984.0|6736.0|7115.0|8542.0|10410.0|12243.0|14395.0|15378.0
 2014|F3869|30-34|W|GER|2950|493|1861.0|3709.0|5527.0|7412.0|7792.0|9177.0|10997.0|12848.0|14639.0|15377.0
 2014|F6727|50-54|W|FIN|2949|267|1816.0|3637.0|5440.0|7254.0|7649.0|9070.0|10887.0|12678.0|14603.0|15376.0
 2014|F9649|45-49|W|GER|2948|509|1724.0|3550.0|5263.0|6963.0|7359.0|8815.0|10655.0|12546.0|14539.0|15371.0
 2014|F3701|40-44|W|NED|2947|609|1830.0|3615.0|5388.0|7153.0|7532.0|8952.0|10798.0|12658.0|14540.0|15370.0
 2014|F2465|H|W|GER|2946|429|1749.0|3519.0|5253.0|7074.0|7455.0|8871.0|10729.0|12614.0|14512.0|15370.0
 2014|F8588|50-54|W|NED|2945|266|1676.0|3380.0|5072.0|6820.0|7177.0|8562.0|10416.0|12436.0|14557.0|15369.0
 2014|F5782|50-54|W|GER|2944|265|1808.0|3616.0|5437.0|7259.0|7649.0|9082.0|10931.0|12737.0|14556.0|15368.0
 2014|F9263|45-49|W|GBR|2943|508|1692.0|3352.0|5009.0|6698.0|7071.0|8572.0|10442.0|12487.0|14522.0|15368.0
 2014|F8064|35-39|W|INA|2942|488|1604.0|3301.0|5036.0|6859.0|7244.0|8728.0|10720.0|12616.0|14546.0|15366.0
 2014|F845|40-44|W|RUS|2941|608|1661.0|3323.0|5002.0|6718.0|7105.0|8570.0|10434.0|12478.0|14486.0|15366.0
 2014|F6076|40-44|W|ESP|2939|607|1773.0|3577.0|5368.0|7153.0|7540.0|8971.0|10809.0|12646.0|14544.0|15364.0
 2014|F5495|H|W|GER|2939|428|1796.0|3635.0|5472.0|7293.0|7690.0|9135.0|10971.0|12797.0|14620.0|15364.0
 2014|F2868|35-39|W|DEN|2938|487|1772.0|3576.0|5368.0|7153.0|7539.0|8970.0|10808.0|12645.0|14543.0|15363.0
 2014|F3930|H|W|GBR|2936|427|1786.0|3543.0|5318.0|7126.0|7513.0|8921.0|10754.0|12624.0|14529.0|15363.0
 2014|F8873|40-44|W|GER|2936|606|1663.0|3342.0|4993.0|6647.0|7026.0|8358.0|10173.0|12262.0|14528.0|15363.0
 2014|F7413|30-34|W|CAN|2935|492|1779.0|3570.0|5421.0|7221.0|7607.0|9038.0|10883.0|12809.0|14637.0|15363.0
 2014|F4680|45-49|W|NED|2934|507|1768.0|3527.0|5309.0|7113.0|7502.0|8896.0|10712.0|12537.0|14528.0|15362.0
 2014|F5814|45-49|W|USA|2933|506|1759.0|3521.0|5318.0|7131.0|7531.0|8968.0|10799.0|12658.0|14531.0|15361.0
 2014|F1032|H|W|GER|2932|426|1762.0|3594.0|5413.0|7305.0|7695.0|9123.0|10944.0|12799.0|14598.0|15360.0
 2014|F5953|55-59|W|ITA|2931|99|1808.0|3577.0|5339.0|7147.0|7527.0|8933.0|10751.0|12617.0|14519.0|15355.0
 2014|F8305|35-39|W|PAN|2930|486|1775.0|3554.0|5377.0|7182.0|7567.0|9006.0|10845.0|12664.0|14552.0|15354.0
 2014|F6242|45-49|W|ESP|2929|505|1663.0|3353.0|5052.0|6762.0|7128.0|8503.0|10394.0|12477.0|14524.0|15352.0
 2014|F9554|40-44|W|GER|2928|605|1786.0|3618.0|5440.0|7212.0|7590.0|8991.0|10810.0|12680.0|14562.0|15352.0
 2014|F4008|45-49|W|ENG|2927|504|1728.0|3407.0|5101.0|6804.0|7304.0|8667.0|10578.0|12508.0|14567.0|15350.0
 2014|F2514|45-49|W|SWE|2926|503|1697.0|3423.0|5129.0|6875.0|7254.0|8693.0|10556.0|12508.0|14495.0|15347.0
 2014|F1378|45-49|W|RSA|2925|502|1706.0|3480.0|5338.0|7152.0|7543.0|8944.0|10737.0|12574.0|14488.0|15347.0
 2014|F942|45-49|W|GER|2924|501|1709.0|3445.0|5165.0|6917.0|7305.0|8736.0|10617.0|12513.0|14503.0|15346.0
 2014|F624|40-44|W|GBR|2923|604|1616.0|3230.0|4872.0|6610.0|6989.0|8425.0|10293.0|12202.0|14419.0|15345.0
 2014|F4940|40-44|W|GER|2922|603|1886.0|3741.0|5564.0|7381.0|7770.0|9191.0|11036.0|12822.0|14591.0|15343.0
 2014|F2473|45-49|W|DEN|2921|500|1716.0|3458.0|5210.0|6983.0|7378.0|8817.0|10692.0|12637.0|14543.0|15340.0
 2014|F6273|35-39|W|GER|2920|485|1796.0|3572.0|5413.0|7198.0|7580.0|8996.0|10802.0|12588.0|14482.0|15340.0
 2014|F868|H|W|GBR|2919|425|1833.0|3628.0|5372.0|7144.0|7533.0|8953.0|10792.0|12614.0|14523.0|15339.0
 2014|F8478|30-34|W|CZE|2918|491|1799.0|3563.0|5318.0|7076.0|7460.0|8876.0|10734.0|12615.0|14534.0|15339.0
 2014|F4701|40-44|W|GER|2917|602|1759.0|3539.0|5347.0|7149.0|7543.0|8965.0|10794.0|12623.0|14526.0|15339.0
 2014|F6963|40-44|W|ITA|2916|601|1768.0|3544.0|5334.0|7106.0|7494.0|8886.0|10803.0|12620.0|14514.0|15338.0
 2014|F4612|35-39|W|GER|2915|484|1730.0|3494.0|5215.0|6884.0|7258.0|8678.0|10554.0|12498.0|14513.0|15338.0
 2014|F3648|45-49|W|GER|2914|499|1790.0|3633.0|5407.0|7189.0|7578.0|9006.0|10846.0|12704.0|14558.0|15337.0
 2014|F7591|45-49|W|GBR|2913|498|1599.0|3231.0|4908.0|6650.0|7034.0|8543.0|10485.0|12403.0|14471.0|15337.0
 2014|F4864|40-44|W|GER|2912|600|1700.0|3377.0|5023.0|6700.0|7067.0|8463.0|10250.0|12229.0|14435.0|15336.0
 2014|F9615|40-44|W|POR|2911|599|1606.0|3274.0|5012.0|6784.0|7182.0|8659.0|10609.0|12571.0|14519.0|15336.0
 2014|F1440|H|W|GER|2910|424|1723.0|3438.0|5165.0|6943.0|7334.0|8724.0|10627.0|12535.0|14490.0|15333.0
 2014|F8647|45-49|W|GER|2909|497|1702.0|3397.0|5078.0|6827.0|7221.0|8682.0|10704.0|12572.0|14500.0|15330.0
 2014|F8805|50-54|W|SWE|2908|264|1815.0|3630.0|5433.0|7222.0|7621.0|9048.0|10855.0|12670.0|14533.0|15330.0
 2014|F5022|H|W|EST|2907|423|1741.0|3463.0|5201.0|6967.0|7355.0|8783.0|10648.0|12550.0|14503.0|15329.0
 2014|F4380|30-34|W|POL|2906|490|1816.0|3601.0|5326.0|7045.0|7424.0|8840.0|10751.0|12605.0|14544.0|15329.0
 2014|F8835|H|W|GBR|2905|422|1711.0|3437.0|5145.0|6854.0|7230.0|8574.0|10416.0|12337.0|14504.0|15326.0
 2014|F3188|30-34|W|MEX|2904|489|1788.0|3525.0|5346.0|7195.0|7592.0|9048.0|10904.0|12753.0|14570.0|15326.0
 2014|F7002|H|W|GER|2903|421|1714.0|3455.0|5164.0|6893.0|7279.0|8742.0|10669.0|12602.0|14535.0|15324.0
 2014|F2769|H|W|GER|2902|420|1932.0|3795.0|5594.0|7418.0|7795.0|9199.0|10958.0|12748.0|14514.0|15322.0
 2014|F8785|30-34|W|USA|2901|488|1669.0|3351.0|5079.0|6843.0|7226.0|8745.0|10684.0|12617.0|14500.0|15318.0
 2014|F4017|35-39|W|USA|2900|483|1651.0|3374.0|5078.0|6800.0|7185.0|8612.0|10550.0|12455.0|14494.0|15318.0
 2014|F4109|45-49|W|GER|2899|496|1717.0|3395.0|5069.0|6777.0|7151.0|8855.0|10719.0|12651.0|14539.0|15315.0
 2014|F4577|40-44|W|NED|2898|598|1951.0|3834.0|5587.0|7326.0|7704.0|9083.0|10870.0|12654.0|14504.0|15314.0
 2014|F7078|30-34|W|SWE|2897|487|1779.0|3661.0|5440.0|7216.0|7604.0|9024.0|10833.0|12643.0|14512.0|15314.0
 2014|F671|55-59|W|SWE|2896|98|1691.0|3413.0|5139.0|6917.0|7293.0|8701.0|10571.0|12460.0|14434.0|15313.0
 2014|F9443|H|W|GER|2895|419|1726.0|3470.0|5210.0|6973.0|7360.0|8792.0|10640.0|12559.0|14492.0|15313.0
 2014|F2946|40-44|W|GER|2894|597|1731.0|3414.0|5117.0|6821.0|7194.0|8569.0|10413.0|12312.0|14336.0|15312.0
 2014|F1010|40-44|W|BEL|2893|596|1755.0|3537.0|5310.0|7125.0|7589.0|9025.0|10915.0|12753.0|14536.0|15312.0
 2014|F1024|H|W|GER|2892|418|1680.0|3357.0|5074.0|6785.0|7167.0|8574.0|10483.0|12441.0|14457.0|15311.0
 2014|F1325|40-44|W|AUS|2891|595|1686.0|3414.0|5117.0|6830.0|7211.0|8680.0|10549.0|12547.0|14498.0|15310.0
 2014|F9499|40-44|W|SIN|2890|594|1624.0|3240.0|4895.0|6582.0|6929.0|8332.0|10281.0|12311.0|14405.0|15308.0
 2014|F2650|50-54|W|FRO|2889|263|1782.0|3541.0|5278.0|6996.0|7370.0|8763.0|10688.0|12592.0|14497.0|15308.0
 2014|F7358|45-49|W|ESP|2888|495|1745.0|3479.0|5273.0|7055.0|7439.0|8876.0|10770.0|12627.0|14496.0|15308.0
 2014|F4859|35-39|W|DEN|2887|482|1704.0|3445.0|5170.0|6922.0|7305.0|8743.0|10613.0|12500.0|14456.0|15304.0
 2014|F878|30-34|W|GER|2886|486|1831.0|3739.0|5502.0|7232.0|7689.0|9100.0|10896.0|12675.0|14545.0|15304.0
 2014|F7633|50-54|W|SUI|2885|262|1799.0|3618.0|5398.0|7179.0|7561.0|8958.0|10784.0|12622.0|14465.0|15304.0
 2014|F6346|35-39|W|GER|2884|481|1765.0|3580.0|5452.0|7230.0|7618.0|9041.0|10989.0|12761.0|14545.0|15303.0
 2014|F6110|50-54|W|SUI|2883|261|1765.0|3532.0|5293.0|7046.0|7432.0|8874.0|10724.0|12566.0|14483.0|15303.0
 2014|F6485|40-44|W|POL|2882|593|1807.0|3643.0|5449.0|7235.0|7627.0|9020.0|10836.0|12680.0|14533.0|15301.0
 2014|F4537|35-39|W|IRL|2881|480|1603.0|3254.0|4920.0|6653.0|7022.0|8482.0|10360.0|12321.0|14421.0|15299.0
 2014|F4972|50-54|W|GER|2880|260|1738.0|3484.0|5236.0|6996.0|7373.0|8788.0|10733.0|12531.0|14502.0|15298.0
 2014|F3181|40-44|W|ESP|2879|592|1751.0|3527.0|5325.0|7125.0|7570.0|9181.0|11085.0|12761.0|14525.0|15296.0
 2014|F553|35-39|W|ESP|2878|479|1729.0|3407.0|5083.0|6750.0|7126.0|8476.0|10241.0|12054.0|14248.0|15295.0
 2014|F5137|45-49|W|DEN|2877|494|1749.0|3455.0|5163.0|6861.0|7248.0|8687.0|10540.0|12428.0|14437.0|15294.0
 2014|F1062|40-44|W|FRA|2876|591|1667.0|3367.0|5062.0|6814.0|7205.0|8656.0|10546.0|12463.0|14462.0|15294.0
 2014|F7092|50-54|W|GBR|2875|259|1827.0|3620.0|5423.0|7214.0|7603.0|9021.0|10843.0|12638.0|14486.0|15293.0
 2014|F2578|30-34|W|GBR|2874|485|1951.0|3831.0|5699.0|7517.0|7917.0|9360.0|11151.0|12886.0|14564.0|15293.0
 2014|F7350|45-49|W|FRA|2873|493|1684.0|3404.0|5111.0|6835.0|7215.0|8648.0|10546.0|12517.0|14474.0|15293.0
 2014|F3610|35-39|W|GBR|2872|478|1703.0|3441.0|5199.0|6960.0|7344.0|8752.0|10750.0|12600.0|14481.0|15292.0
 2014|F7033|45-49|W|ROU|2871|492|1781.0|3592.0|5398.0|7194.0|7591.0|9040.0|10881.0|12713.0|14521.0|15292.0
 2014|F8913|35-39|W|ROU|2870|477|1781.0|3592.0|5398.0|7193.0|7590.0|9041.0|10880.0|12714.0|14521.0|15292.0
 2014|F246|60-64|W|GER|2869|39|1810.0|3587.0|5351.0|7112.0|7497.0|8911.0|10732.0|12586.0|14472.0|15291.0
 2014|F1328|35-39|W|FRA|2868|476|1794.0|3560.0|5324.0|7132.0|7518.0|8929.0|10757.0|12603.0|14474.0|15291.0
 2014|F5552|35-39|W|DEN|2867|475|1800.0|3591.0|5351.0|7106.0|7477.0|8870.0|10676.0|12513.0|14485.0|15290.0
 2014|F5268|40-44|W|GER|2866|590|1870.0|3677.0|5482.0|7310.0|7701.0|9124.0|10939.0|12726.0|14506.0|15289.0
 2014|F6528|H|W|GBR|2865|417|1629.0|3297.0|4958.0|6767.0|7126.0|8657.0|10753.0|12569.0|14433.0|15288.0
 2014|F4496|45-49|W|GER|2864|491|1740.0|3487.0|5257.0|7041.0|7432.0|8834.0|10690.0|12565.0|14462.0|15287.0
 2014|F650|35-39|W|DEN|2863|474|1719.0|3456.0|5177.0|6867.0|7228.0|8640.0|10417.0|12319.0|14412.0|15286.0
 2014|F3907|H|W|GER|2862|416|2144.0|4303.0|6488.0|8784.0|9282.0|NaN|NaN|NaN|NaN|15285.0
 2014|F9613|H|W|GER|2861|415|1768.0|3499.0|5250.0|7031.0|7420.0|8866.0|10689.0|12538.0|14443.0|15285.0
 2014|F1303|30-34|W|GER|2860|484|1716.0|3441.0|5197.0|7002.0|7397.0|8861.0|10752.0|12588.0|14487.0|15285.0
 2014|F4694|40-44|W|NED|2859|589|1827.0|3624.0|5394.0|7215.0|7610.0|9032.0|10822.0|12619.0|14480.0|15280.0
 2014|F5887|30-34|W|EST|2858|483|1790.0|3570.0|5337.0|7120.0|7511.0|8936.0|10793.0|12659.0|14475.0|15280.0
 2014|F7372|H|W|GER|2857|414|1781.0|3594.0|5382.0|7133.0|7514.0|8947.0|10774.0|12604.0|14489.0|15279.0
 2014|F835|40-44|W|NOR|2856|588|1721.0|3484.0|5266.0|7056.0|7451.0|8878.0|10729.0|12577.0|14453.0|15279.0
 2014|F9301|40-44|W|ISR|2855|587|1984.0|3930.0|5786.0|7619.0|7985.0|9313.0|11037.0|12743.0|14492.0|15278.0
 2014|F761|40-44|W|ARG|2854|586|1757.0|3515.0|5256.0|7002.0|7389.0|8799.0|10633.0|12480.0|14413.0|15278.0
 2014|F8440|45-49|W|SUI|2853|490|1760.0|3487.0|5245.0|7017.0|7405.0|8841.0|10706.0|12537.0|14432.0|15277.0
 2014|F966|30-34|W|BRA|2852|482|1832.0|3646.0|5436.0|7246.0|7631.0|9027.0|10818.0|12638.0|14493.0|15277.0
 2014|F9153|40-44|W|GER|2851|585|1720.0|3419.0|5114.0|6861.0|7250.0|8680.0|10515.0|12397.0|14388.0|15276.0
 2014|F3185|40-44|W|MEX|2850|584|1797.0|3605.0|5354.0|7095.0|7471.0|8895.0|10684.0|12539.0|14467.0|15275.0
 2014|F953|45-49|W|ISR|2849|489|1859.0|3774.0|5733.0|7507.0|8005.0|9342.0|11125.0|12824.0|14567.0|15274.0
 2014|F4279|30-34|W|FRO|2848|481|1662.0|3320.0|5015.0|6717.0|7094.0|8479.0|10408.0|12373.0|14408.0|15274.0
 2014|F8599|60-64|W|CAN|2847|38|1760.0|3533.0|5317.0|7115.0|7508.0|8940.0|10779.0|12637.0|14496.0|15271.0
 2014|F7541|30-34|W|GER|2846|480|1828.0|3584.0|5326.0|7068.0|7457.0|8887.0|10751.0|12566.0|14453.0|15270.0
 2014|F8198|40-44|W|AUT|2845|583|1679.0|3507.0|5298.0|7117.0|7508.0|8939.0|10766.0|12643.0|14480.0|15270.0
 2014|F2638|45-49|W|GBR|2843|488|1799.0|3599.0|5390.0|7228.0|7619.0|9053.0|10905.0|12692.0|14545.0|15269.0
 2014|F9570|50-54|W|GER|2843|258|1759.0|3523.0|5361.0|7076.0|7440.0|8810.0|10722.0|12603.0|14487.0|15269.0
 2014|F6443|50-54|W|GER|2842|257|1707.0|3412.0|5109.0|6836.0|7208.0|8671.0|10495.0|12520.0|14432.0|15269.0
 2014|F4299|30-34|W|CAN|2841|479|1715.0|3401.0|5092.0|6806.0|7177.0|8543.0|10404.0|12338.0|14377.0|15268.0
 2014|F7256|H|W|USA|2840|413|1763.0|3610.0|5461.0|7221.0|7608.0|9032.0|10847.0|12613.0|14430.0|15268.0
 2014|F6028|50-54|W|DEN|2839|256|1620.0|3341.0|5238.0|6965.0|7333.0|8797.0|10659.0|12498.0|14450.0|15267.0
 2014|F2273|H|W|DEN|2838|412|1718.0|3415.0|5126.0|6894.0|7293.0|8726.0|10600.0|12503.0|14429.0|15266.0
 2014|F1354|40-44|W|USA|2837|582|1771.0|3686.0|5435.0|7237.0|7625.0|9177.0|11012.0|12777.0|14560.0|15266.0
 2014|F9527|40-44|W|AUT|2836|581|1769.0|3541.0|5332.0|7130.0|7516.0|8973.0|10830.0|12651.0|14489.0|15264.0
 2014|F890|30-34|W|GER|2835|478|1782.0|3556.0|5312.0|7089.0|7471.0|8902.0|10769.0|12610.0|14525.0|15262.0
 2014|F8364|30-34|W|GBR|2834|477|1625.0|3253.0|4864.0|6597.0|6967.0|8417.0|10327.0|12247.0|14321.0|15262.0
 2014|F4413|40-44|W|RUS|2833|580|1674.0|3376.0|5082.0|6804.0|7180.0|8591.0|10484.0|12405.0|14411.0|15262.0
 2014|F4785|40-44|W|SUI|2831|579|1768.0|3522.0|5302.0|7102.0|7498.0|8924.0|10794.0|12685.0|14489.0|15260.0
 2014|F9307|30-34|W|USA|2831|476|1533.0|3140.0|4744.0|6381.0|6768.0|8214.0|10046.0|11993.0|14287.0|15260.0
 2014|F3457|45-49|W|GER|2830|487|1690.0|3372.0|5070.0|6783.0|7159.0|8558.0|10408.0|12368.0|14437.0|15259.0
 2014|F5421|30-34|W|SWE|2829|475|1734.0|3456.0|5189.0|6977.0|7361.0|8801.0|10651.0|12537.0|14427.0|15258.0
 2014|F7650|40-44|W|GER|2828|578|1780.0|3535.0|5302.0|7129.0|7520.0|8941.0|10756.0|12613.0|14468.0|15258.0
 2014|F7737|45-49|W|GER|2827|486|1731.0|3460.0|5201.0|6956.0|7332.0|8747.0|10642.0|12446.0|14326.0|15256.0
 2014|F8430|55-59|W|DEN|2826|97|1722.0|3422.0|5170.0|7119.0|7498.0|8886.0|10719.0|12570.0|14462.0|15256.0
 2014|F5714|45-49|W|MEX|2825|485|1845.0|3670.0|5500.0|7261.0|7643.0|9090.0|10932.0|12749.0|14525.0|15255.0
 2014|F7172|50-54|W|GER|2824|255|1620.0|3255.0|4901.0|6647.0|7021.0|8489.0|10530.0|12472.0|14420.0|15255.0
 2014|F4989|45-49|W|NED|2823|484|1745.0|3419.0|5068.0|6733.0|7104.0|8547.0|10335.0|12228.0|14310.0|15254.0
 2014|F552|35-39|W|NED|2822|473|1695.0|3404.0|5099.0|6802.0|7178.0|8526.0|10242.0|11993.0|14154.0|15253.0
 2014|F7932|40-44|W|GBR|2821|577|1762.0|3572.0|5388.0|7199.0|7596.0|9028.0|10877.0|12695.0|14495.0|15252.0
 2014|F5952|55-59|W|BRA|2820|96|1744.0|3636.0|5389.0|7173.0|7556.0|8988.0|10848.0|12659.0|14468.0|15252.0
 2014|F2340|50-54|W|BRA|2819|254|1743.0|3636.0|5388.0|7172.0|7556.0|8988.0|10848.0|12658.0|14467.0|15252.0
 2014|F8923|H|W|NED|2817|411|1733.0|3453.0|5167.0|6900.0|7283.0|8693.0|10526.0|12395.0|14333.0|15251.0
 2014|F9252|50-54|W|GER|2817|253|1965.0|3811.0|5710.0|7551.0|7934.0|9335.0|11068.0|12768.0|14503.0|15251.0
 2014|F9631|45-49|W|GER|2816|483|1817.0|3596.0|5385.0|7220.0|7612.0|9068.0|10886.0|NaN|NaN|15250.0
 2014|F5122|30-34|W|GER|2815|474|1735.0|3446.0|5202.0|6964.0|7364.0|8766.0|10584.0|12510.0|14442.0|15249.0
 2014|F3112|45-49|W|IRL|2814|482|1765.0|3569.0|5460.0|7269.0|7667.0|9142.0|10976.0|12772.0|14499.0|15248.0
 2014|F7342|40-44|W|FRA|2813|576|1795.0|3552.0|5296.0|7039.0|7425.0|8833.0|10668.0|12501.0|14458.0|15247.0
 2014|F6116|50-54|W|SWE|2812|252|1736.0|3478.0|5337.0|7109.0|7497.0|8919.0|10752.0|12563.0|14427.0|15247.0
 2014|F3126|H|W|NOR|2811|410|1673.0|3350.0|5076.0|6858.0|7256.0|8707.0|10639.0|12526.0|14424.0|15247.0
 2014|F8576|30-34|W|FIN|2810|473|1822.0|3646.0|5395.0|7180.0|7566.0|8962.0|10770.0|12605.0|14463.0|15246.0
 2014|F5901|30-34|W|GER|2809|472|1895.0|3786.0|5645.0|7461.0|7847.0|9258.0|11019.0|12712.0|14446.0|15246.0
 2014|F5766|45-49|W|GER|2808|481|1762.0|3506.0|5274.0|7098.0|7490.0|8909.0|10794.0|12650.0|14490.0|15245.0
 2014|F4825|35-39|W|POL|2807|472|1919.0|4016.0|5943.0|7782.0|8161.0|9518.0|11180.0|12829.0|14513.0|15244.0
 2014|F4794|45-49|W|GER|2806|480|1652.0|3334.0|5044.0|6782.0|7169.0|8593.0|10451.0|12376.0|14374.0|15241.0
 2014|F3402|50-54|W|GER|2805|251|1509.0|3089.0|4783.0|6532.0|6917.0|8390.0|10357.0|12310.0|14371.0|15241.0
 2014|F7818|30-34|W|GER|2804|471|1571.0|3130.0|4728.0|6399.0|6760.0|8070.0|10455.0|12706.0|14476.0|15239.0
 2014|F9039|JA|W|GER|2803|10|1778.0|3564.0|5382.0|7181.0|7572.0|8992.0|10818.0|12664.0|14495.0|15238.0
 2014|F6807|35-39|W|GER|2802|471|1778.0|3601.0|5467.0|7274.0|7662.0|9085.0|10896.0|12686.0|14476.0|15236.0
 2014|F4116|40-44|W|FRA|2801|575|1785.0|3634.0|5440.0|7203.0|7595.0|8945.0|10675.0|12395.0|14428.0|15236.0
 2014|F8031|35-39|W|RUS|2800|470|1676.0|3380.0|5071.0|6766.0|7144.0|8709.0|10667.0|12545.0|14452.0|15236.0
 2014|F5721|35-39|W|BRA|2799|469|1748.0|3555.0|5349.0|7163.0|7561.0|9005.0|11006.0|12759.0|14469.0|15236.0
 2014|F3743|40-44|W|FRA|2798|574|1740.0|3469.0|5200.0|6951.0|7316.0|8724.0|10525.0|12272.0|14326.0|15235.0
 2014|F9463|30-34|W|GBR|2797|470|1720.0|3446.0|5148.0|6808.0|7178.0|8507.0|10218.0|12031.0|14253.0|15235.0
 2014|F9176|45-49|W|DEN|2796|479|1696.0|3462.0|5366.0|7132.0|7513.0|8914.0|10815.0|12631.0|14437.0|15235.0
 2014|F3306|35-39|W|ITA|2795|468|1594.0|3223.0|4857.0|6569.0|6938.0|8358.0|10220.0|12168.0|14334.0|15235.0
 2014|F8754|30-34|W|GER|2794|469|1743.0|3500.0|5229.0|6983.0|7364.0|8755.0|10644.0|12553.0|14441.0|15234.0
 2014|F8437|35-39|W|FRA|2793|467|1698.0|3421.0|5160.0|6926.0|7304.0|8705.0|10543.0|12404.0|14372.0|15233.0
 2014|F1868|H|W|GBR|2792|409|1681.0|3453.0|5222.0|6980.0|7365.0|8771.0|10591.0|12457.0|14393.0|15232.0
 2014|F9282|40-44|W|GBR|2791|573|1813.0|3636.0|5466.0|7280.0|7666.0|9075.0|10885.0|12704.0|14498.0|15232.0
 2014|F590|65-69|W|CAN|2790|6|1797.0|3595.0|5477.0|7233.0|7620.0|9013.0|10791.0|12589.0|14437.0|15229.0
 2014|F3458|H|W|DEN|2789|408|1709.0|3432.0|5160.0|6854.0|7231.0|8726.0|10637.0|12582.0|14444.0|15227.0
 2014|F6289|40-44|W|AUS|2788|572|1640.0|3292.0|4959.0|6641.0|7007.0|8371.0|10114.0|12130.0|14257.0|15227.0
 2014|F9013|30-34|W|NED|2787|468|1737.0|3461.0|5218.0|6969.0|7360.0|8797.0|10661.0|12531.0|14440.0|15227.0
 2014|F4453|H|W|POL|2786|407|1890.0|3698.0|5508.0|7290.0|7676.0|9073.0|10881.0|12679.0|14489.0|15226.0
 2014|F9496|30-34|W|USA|2784|467|1934.0|3793.0|5614.0|7409.0|7805.0|9184.0|10962.0|12730.0|14495.0|15226.0
 2014|F6746|45-49|W|MEX|2784|478|1690.0|3455.0|5133.0|6861.0|7232.0|8605.0|10451.0|12297.0|14381.0|15226.0
 2014|F5239|55-59|W|GER|2783|95|1768.0|3598.0|5366.0|7147.0|7573.0|8993.0|10807.0|12639.0|14439.0|15226.0
 2014|F1919|55-59|W|GER|2782|94|1723.0|3446.0|5192.0|6932.0|7313.0|8732.0|10540.0|12455.0|14356.0|15225.0
 2014|F2720|35-39|W|BRA|2781|466|1786.0|3574.0|5337.0|7105.0|7486.0|8898.0|10692.0|12518.0|14398.0|15225.0
 2014|F6479|35-39|W|GER|2780|465|1642.0|3297.0|4934.0|6609.0|6983.0|8532.0|10434.0|12423.0|14418.0|15224.0
 2014|F8675|H|W|DEN|2778|405|1662.0|3345.0|5031.0|6715.0|7086.0|8444.0|10222.0|12315.0|14469.0|15224.0
 2014|F3662|H|W|GER|2778|405|1819.0|3633.0|5401.0|7144.0|7543.0|8972.0|10796.0|12595.0|14462.0|15224.0
 2014|F3706|45-49|W|NED|2777|477|1854.0|3696.0|5493.0|7301.0|7697.0|9123.0|10936.0|12707.0|14488.0|15223.0
 2014|F2847|35-39|W|NOR|2776|464|1819.0|3612.0|5384.0|7147.0|7527.0|8933.0|10725.0|12591.0|14426.0|15222.0
 2014|F318|45-49|W|GER|2775|476|1751.0|3528.0|5312.0|7081.0|7470.0|8858.0|10689.0|12580.0|14437.0|15221.0
 2014|F2753|H|W|GER|2774|404|1595.0|3207.0|4842.0|6558.0|6936.0|8385.0|10412.0|12353.0|14337.0|15220.0
 2014|F8774|60-64|W|GER|2773|37|1743.0|3457.0|5188.0|6951.0|7339.0|8744.0|10663.0|12519.0|14397.0|15219.0
 2014|F5147|35-39|W|DEN|2772|463|1800.0|3621.0|5421.0|7213.0|7602.0|9005.0|10817.0|12624.0|14457.0|15218.0
 2014|F3920|35-39|W|GER|2771|462|1759.0|3461.0|5181.0|6901.0|7272.0|8659.0|10589.0|12487.0|14417.0|15218.0
 2014|F7639|50-54|W|TUR|2770|250|1670.0|3376.0|5121.0|6865.0|7253.0|8729.0|10593.0|12425.0|14397.0|15217.0
 2014|F4190|40-44|W|NED|2769|571|1787.0|3533.0|5273.0|7036.0|7422.0|8850.0|10695.0|12497.0|14412.0|15217.0
 2014|F8915|35-39|W|FIN|2768|461|1788.0|3551.0|5439.0|7201.0|7583.0|8990.0|10777.0|12569.0|14411.0|15216.0
 2014|F6249|40-44|W|GER|2767|570|1864.0|3644.0|5348.0|7072.0|7449.0|8803.0|10583.0|12390.0|14324.0|15215.0
 2014|F334|50-54|W|GER|2766|249|1712.0|3403.0|5102.0|6820.0|7191.0|8618.0|10457.0|12400.0|14402.0|15215.0
 2014|F7866|30-34|W|GER|2765|466|1775.0|3547.0|5387.0|7225.0|7650.0|9125.0|10954.0|12730.0|14481.0|15214.0
 2014|F9590|30-34|W|GER|2764|465|1745.0|3431.0|5104.0|6870.0|7251.0|8646.0|10529.0|12482.0|14415.0|15214.0
 2014|F1258|45-49|W|GER|2763|475|1668.0|3338.0|5029.0|6766.0|7150.0|8552.0|10435.0|12365.0|14381.0|15213.0
 2014|F5771|30-34|W|GER|2762|464|1814.0|3588.0|5352.0|7114.0|7500.0|8886.0|10727.0|12601.0|14475.0|15213.0
 2014|F680|H|W|FRA|2761|403|1858.0|3686.0|5462.0|7203.0|7580.0|8947.0|10689.0|12398.0|14351.0|15213.0
 2014|F7406|H|W|GER|2760|402|1691.0|3409.0|5136.0|6892.0|7280.0|8727.0|10537.0|12421.0|14355.0|15213.0
 2014|F9223|H|W|GER|2759|401|1776.0|3461.0|5124.0|6824.0|7198.0|8610.0|10410.0|12348.0|14352.0|15212.0
 2014|F8898|45-49|W|NED|2758|474|1929.0|3758.0|5593.0|7390.0|7775.0|9162.0|10907.0|12674.0|14432.0|15212.0
 2014|F2546|45-49|W|DEN|2757|473|1718.0|3465.0|5169.0|6888.0|7266.0|8679.0|10494.0|12409.0|14366.0|15212.0
 2014|F8468|45-49|W|CAN|2756|472|1783.0|3538.0|5289.0|7036.0|7417.0|8845.0|10702.0|12549.0|14413.0|15211.0
 2014|F5686|50-54|W|ITA|2755|248|1808.0|3644.0|5446.0|7215.0|7603.0|9032.0|10834.0|12629.0|14448.0|15211.0
 2014|F5401|35-39|W|MEX|2754|460|1739.0|3439.0|5115.0|6853.0|7237.0|8669.0|10522.0|12349.0|14305.0|15211.0
 2014|F4120|40-44|W|ESP|2753|569|1802.0|3577.0|5416.0|7183.0|7571.0|8982.0|10765.0|12564.0|14407.0|15210.0
 2014|F2996|50-54|W|ITA|2752|247|1699.0|3410.0|5145.0|6876.0|7259.0|8721.0|10566.0|12420.0|14352.0|15209.0
 2014|F9234|40-44|W|SWE|2751|568|1749.0|3608.0|5426.0|7167.0|7540.0|8937.0|10727.0|12550.0|14383.0|15208.0
 2014|F9261|H|W|SWE|2750|400|1783.0|3567.0|5356.0|7177.0|7618.0|9005.0|10757.0|12565.0|14484.0|15207.0
 2014|F1483|30-34|W|POL|2749|463|1795.0|3588.0|5359.0|7112.0|7500.0|8911.0|10707.0|12541.0|14427.0|15207.0
 2014|F2617|50-54|W|SUI|2748|246|1784.0|3568.0|5319.0|7082.0|7465.0|8876.0|10695.0|12537.0|14430.0|15206.0
 2014|F1060|40-44|W|ITA|2747|567|1878.0|3674.0|5427.0|7183.0|7570.0|9001.0|10770.0|12562.0|14404.0|15206.0
 2014|F8973|30-34|W|DEN|2746|462|1672.0|3385.0|5091.0|6836.0|7210.0|8652.0|10630.0|12510.0|14413.0|15206.0
 2014|F8214|40-44|W|DEN|2745|566|1822.0|3659.0|5458.0|7261.0|7650.0|9019.0|10769.0|12509.0|14299.0|15206.0
 2014|F8407|45-49|W|GER|2744|471|1770.0|3483.0|5173.0|6966.0|7356.0|8751.0|10634.0|12452.0|14391.0|15206.0
 2014|F4048|45-49|W|NED|2743|470|1754.0|3514.0|5235.0|6988.0|7380.0|8814.0|10671.0|12533.0|14413.0|15205.0
 2014|F3367|H|W|GER|2742|399|1674.0|3401.0|5132.0|6879.0|7256.0|8608.0|10426.0|12409.0|14349.0|15204.0
 2014|F5116|H|W|GBR|2741|398|1828.0|3629.0|5324.0|7010.0|7385.0|8862.0|10656.0|12505.0|14397.0|15204.0
 2014|F8704|45-49|W|GER|2740|469|1745.0|3553.0|5333.0|7145.0|7535.0|8950.0|10736.0|12563.0|14404.0|15204.0
 2014|F1646|45-49|W|ITA|2739|468|1810.0|3580.0|5371.0|7136.0|7529.0|8935.0|10755.0|12571.0|14411.0|15203.0
 2014|F7659|30-34|W|GER|2738|461|1784.0|3545.0|5287.0|7010.0|7393.0|8774.0|10558.0|12401.0|14330.0|15202.0
 2014|F7712|35-39|W|AUT|2737|459|1661.0|3276.0|4961.0|6687.0|7066.0|8439.0|10853.0|12604.0|14386.0|15202.0
 2014|F3477|35-39|W|NOR|2736|458|1544.0|3149.0|4787.0|6500.0|6875.0|8272.0|10123.0|12125.0|14257.0|15201.0
 2014|F3203|H|W|GBR|2735|397|1752.0|3486.0|5188.0|6891.0|7268.0|8649.0|10479.0|12363.0|14314.0|15200.0
 2014|F875|50-54|W|FRA|2734|245|1759.0|3506.0|5256.0|7012.0|7391.0|8797.0|10611.0|12440.0|14376.0|15200.0
 2014|F3328|45-49|W|GER|2733|467|1765.0|3451.0|5114.0|6808.0|7191.0|8615.0|10487.0|12411.0|14388.0|15197.0
 2014|F6340|40-44|W|FIN|2732|565|1729.0|3472.0|5206.0|6948.0|7326.0|8734.0|10564.0|12434.0|14348.0|15196.0
 2014|F1255|45-49|W|GER|2731|466|1724.0|3480.0|5200.0|6925.0|7304.0|8691.0|10540.0|12417.0|14343.0|15194.0
 2014|F7265|45-49|W|GER|2729|465|1661.0|3352.0|5139.0|6916.0|7306.0|8746.0|10624.0|12511.0|14390.0|15194.0
 2014|F7327|50-54|W|GBR|2729|244|1589.0|3202.0|4834.0|6475.0|6835.0|8131.0|9859.0|11774.0|14218.0|15194.0
 2014|F9267|30-34|W|ENG|2728|460|1689.0|3415.0|5119.0|6857.0|7242.0|8663.0|10485.0|12402.0|14362.0|15192.0
 2014|F2749|40-44|W|GBR|2727|564|1575.0|3222.0|4834.0|6519.0|6899.0|8432.0|10237.0|12006.0|14303.0|15191.0
 2014|F791|35-39|W|GER|2726|457|1846.0|3682.0|5476.0|7246.0|7630.0|9056.0|10866.0|12636.0|14421.0|15191.0
 2014|F7344|30-34|W|BRA|2725|459|1867.0|3617.0|5350.0|7103.0|7485.0|8872.0|10689.0|12501.0|14409.0|15190.0
 2014|F8941|40-44|W|BEL|2724|563|1837.0|3561.0|5310.0|7075.0|7455.0|8875.0|10737.0|12545.0|14378.0|15188.0
 2014|F6292|35-39|W|IRL|2723|456|1650.0|3334.0|4992.0|6657.0|7021.0|8540.0|10359.0|12382.0|14350.0|15188.0
 2014|F7744|45-49|W|DEN|2722|464|1746.0|3635.0|5386.0|7141.0|7528.0|8934.0|10733.0|12557.0|14390.0|15188.0
 2014|F2044|30-34|W|BRA|2721|458|1797.0|3629.0|5398.0|7201.0|7592.0|8994.0|10806.0|12617.0|14426.0|15186.0
 2014|F1969|35-39|W|FRA|2720|455|1744.0|3472.0|5205.0|6914.0|7289.0|8664.0|10453.0|12275.0|14310.0|15185.0
 2014|F7950|H|W|GER|2719|396|1942.0|3886.0|5714.0|7500.0|7884.0|9259.0|11018.0|12750.0|14460.0|15184.0
 2014|F5767|H|W|RUS|2718|395|1605.0|3221.0|4847.0|6533.0|6934.0|8463.0|10611.0|12319.0|14394.0|15184.0
 2014|F6707|45-49|W|FRA|2717|463|1829.0|3607.0|5362.0|7162.0|7556.0|9020.0|10866.0|12638.0|14433.0|15184.0
 2014|F7847|50-54|W|GER|2716|243|1683.0|3402.0|5109.0|6824.0|7199.0|8590.0|10466.0|12356.0|14299.0|15183.0
 2014|F2755|35-39|W|GER|2714|454|1809.0|3600.0|5358.0|7074.0|7446.0|8818.0|10579.0|12446.0|14359.0|15182.0
 2014|F2265|45-49|W|GER|2714|462|1761.0|3524.0|5360.0|7169.0|7559.0|8992.0|10793.0|12590.0|14395.0|15182.0
 2014|F7586|35-39|W|CRC|2713|453|1711.0|3451.0|5176.0|6899.0|7276.0|8728.0|10585.0|12413.0|14340.0|15178.0
 2014|F409|40-44|W|GER|2712|562|1726.0|3450.0|5204.0|6979.0|7357.0|8759.0|10539.0|12408.0|14363.0|15177.0
 2014|F9220|45-49|W|DEN|2711|461|1718.0|3478.0|5203.0|6917.0|7298.0|8712.0|10580.0|12483.0|14385.0|15177.0
 2014|F1190|40-44|W|GER|2710|561|1733.0|3483.0|5220.0|6967.0|7354.0|8769.0|10550.0|12375.0|14339.0|15176.0
 2014|F3384|65-69|W|GER|2709|5|2275.0|5174.0|7694.0|10148.0|10682.0|NaN|NaN|NaN|13827.0|15176.0
 2014|F4615|50-54|W|GBR|2708|242|1563.0|3113.0|4812.0|6451.0|6825.0|8298.0|10240.0|12217.0|14279.0|15174.0
 2014|F7519|30-34|W|POL|2707|457|1709.0|3445.0|5140.0|6857.0|7237.0|8596.0|10431.0|12337.0|14315.0|15173.0
 2014|F2793|55-59|W|CAN|2705|93|1860.0|3712.0|5574.0|7458.0|7862.0|9329.0|11136.0|12847.0|14469.0|15172.0
 2014|F4292|45-49|W|DEN|2705|460|1742.0|3498.0|5230.0|6981.0|7357.0|8747.0|10538.0|12379.0|14318.0|15172.0
 2014|F944|30-34|W|AUS|2704|456|1661.0|3354.0|5051.0|6764.0|7215.0|8565.0|10382.0|12302.0|14350.0|15172.0
 2014|F5097|35-39|W|DEN|2703|452|1840.0|3672.0|5474.0|7268.0|7657.0|9096.0|10931.0|12747.0|14452.0|15171.0
 2014|F4339|35-39|W|DEN|2702|451|1709.0|3428.0|5136.0|6837.0|7205.0|8584.0|10420.0|12312.0|14301.0|15171.0
 2014|F5326|55-59|W|GER|2701|92|1802.0|3593.0|5339.0|7128.0|7502.0|8917.0|10746.0|12573.0|14405.0|15171.0
 2014|F5034|60-64|W|USA|2700|36|1790.0|3520.0|5231.0|6995.0|7367.0|8740.0|10556.0|12388.0|14316.0|15169.0
 2014|F6490|30-34|W|NED|2699|455|1773.0|3460.0|5184.0|6934.0|7315.0|8704.0|10541.0|12374.0|14339.0|15168.0
 2014|F4889|50-54|W|ARG|2698|241|1770.0|3559.0|5356.0|7178.0|7570.0|9018.0|10838.0|12639.0|14421.0|15168.0
 2014|F2630|60-64|W|GER|2697|35|1706.0|3449.0|5164.0|6908.0|7288.0|8660.0|10478.0|12326.0|14283.0|15167.0
 2014|F1594|35-39|W|NED|2696|450|1664.0|3313.0|4964.0|6653.0|7030.0|8485.0|10384.0|12299.0|14295.0|15167.0
 2014|F4625|30-34|W|DEN|2695|454|1601.0|3239.0|4869.0|6521.0|6890.0|8234.0|10028.0|11997.0|14195.0|15166.0
 2014|F6545|30-34|W|GBR|2694|453|1641.0|3309.0|5004.0|6784.0|7160.0|8550.0|10395.0|12369.0|14401.0|15166.0
 2014|F9093|50-54|W|USA|2693|240|1718.0|3429.0|5098.0|6823.0|7190.0|8643.0|10624.0|12548.0|14408.0|15165.0
 2014|F1430|H|W|GER|2692|394|1598.0|3223.0|4814.0|6455.0|6824.0|8163.0|10173.0|12247.0|14322.0|15165.0
 2014|F3886|40-44|W|GER|2691|560|1711.0|3420.0|5154.0|6899.0|7279.0|8677.0|10522.0|12421.0|14340.0|15165.0
 2014|F6669|45-49|W|GER|2690|459|1707.0|3446.0|5223.0|7017.0|7402.0|8831.0|10646.0|12447.0|14340.0|15164.0
 2014|F7870|40-44|W|GER|2689|559|1757.0|3510.0|5284.0|7057.0|7444.0|8910.0|10750.0|12542.0|14373.0|15164.0
 2014|F6918|45-49|W|ITA|2688|458|1899.0|3888.0|5973.0|7799.0|8167.0|9514.0|11177.0|12818.0|14467.0|15162.0
 2014|F3501|30-34|W|GER|2687|452|1679.0|3376.0|5070.0|6786.0|7159.0|8548.0|10427.0|12332.0|14304.0|15162.0
 2014|F8947|40-44|W|BEL|2686|558|1810.0|3584.0|5329.0|7072.0|7449.0|8834.0|10624.0|12473.0|14360.0|15161.0
 2014|F4599|45-49|W|GER|2685|457|1683.0|3392.0|5085.0|6846.0|7228.0|8625.0|10452.0|12349.0|14351.0|15161.0
 2014|F6793|30-34|W|GER|2684|451|1881.0|3808.0|5788.0|7862.0|8314.0|9574.0|11213.0|12822.0|14431.0|15159.0
 2014|F8365|50-54|W|GBR|2683|239|1686.0|3353.0|5049.0|6755.0|7126.0|8630.0|10492.0|12427.0|14402.0|15158.0
 2014|F1774|35-39|W|MEX|2682|449|1633.0|3283.0|4941.0|6646.0|7017.0|8397.0|10314.0|12298.0|14319.0|15156.0
 2014|F9214|55-59|W|GER|2681|91|1687.0|3379.0|5142.0|6850.0|7216.0|8686.0|10573.0|12529.0|14354.0|15155.0
 2014|F3029|30-34|W|AUT|2680|450|1717.0|3411.0|5155.0|6928.0|7311.0|8646.0|10489.0|12366.0|14320.0|15155.0
 2014|F7094|45-49|W|POR|2679|456|1783.0|3595.0|5393.0|7193.0|7588.0|9005.0|10807.0|12602.0|14400.0|15155.0
 2014|F1759|50-54|W|SUI|2678|238|1824.0|3680.0|5470.0|7247.0|7629.0|9015.0|10868.0|12624.0|14404.0|15154.0
 2014|F2424|H|W|FRA|2677|393|1957.0|3953.0|5646.0|7253.0|7598.0|8904.0|10585.0|12383.0|14361.0|15154.0
 2014|F8349|H|W|GER|2676|392|1868.0|3668.0|5446.0|7217.0|7598.0|8987.0|10764.0|12583.0|14397.0|15150.0
 2014|F6907|H|W|NED|2675|391|1700.0|3397.0|5073.0|6792.0|7175.0|8598.0|10476.0|12391.0|14304.0|15150.0
 2014|F991|30-34|W|FRA|2674|449|1794.0|3497.0|5243.0|6940.0|7304.0|8697.0|10529.0|12383.0|14307.0|15150.0
 2014|F8476|40-44|W|DEN|2673|557|1894.0|3651.0|5402.0|7183.0|7575.0|9015.0|10845.0|12651.0|14413.0|15148.0
 2014|F7587|45-49|W|DEN|2672|455|1650.0|3267.0|4916.0|6612.0|6987.0|8386.0|10267.0|12203.0|14238.0|15147.0
 2014|F987|H|W|GER|2671|390|1719.0|3371.0|5037.0|6792.0|7164.0|8513.0|10417.0|12361.0|14337.0|15147.0
 2014|F3762|H|W|MEX|2670|389|1818.0|3648.0|5441.0|7233.0|7618.0|9024.0|10788.0|12523.0|14358.0|15146.0
 2014|F7791|55-59|W|SUI|2669|90|1731.0|3470.0|5275.0|7004.0|7394.0|8831.0|10695.0|12526.0|14350.0|15144.0
 2014|F6752|H|W|ROU|2668|388|1691.0|3389.0|5124.0|6853.0|7224.0|8690.0|10810.0|12545.0|14470.0|15144.0
 2014|F3936|35-39|W|DEN|2667|448|1780.0|3586.0|5376.0|7173.0|7556.0|8962.0|10747.0|12548.0|14361.0|15143.0
 2014|F8236|50-54|W|GER|2666|237|1588.0|3202.0|4852.0|6548.0|6955.0|8334.0|10172.0|12058.0|14232.0|15143.0
 2014|F5592|H|W|BEL|2665|387|1839.0|3596.0|5347.0|7102.0|7480.0|8867.0|10672.0|12504.0|14375.0|15143.0
 2014|F5076|35-39|W|GER|2664|447|1566.0|3150.0|4772.0|6470.0|6850.0|8263.0|10218.0|12202.0|14255.0|15142.0
 2014|F5776|30-34|W|GBR|2663|448|1727.0|3417.0|5095.0|6819.0|7201.0|8604.0|10437.0|12334.0|14280.0|15139.0
 2014|F4543|35-39|W|NED|2662|446|1873.0|3709.0|5505.0|7286.0|7666.0|9057.0|10813.0|12565.0|14369.0|15138.0
 2014|F2220|30-34|W|BEL|2661|447|1749.0|3465.0|5190.0|6907.0|7330.0|8740.0|10571.0|12437.0|14310.0|15136.0
 2014|F935|35-39|W|GER|2660|445|1729.0|3465.0|5215.0|6994.0|7386.0|8816.0|10668.0|12499.0|14338.0|15135.0
 2014|F6022|35-39|W|GER|2659|444|1707.0|3394.0|5086.0|6798.0|7164.0|8509.0|10252.0|12091.0|14186.0|15134.0
 2014|F4750|60-64|W|AUT|2658|34|1769.0|3483.0|5179.0|6875.0|7243.0|8674.0|10470.0|12297.0|14249.0|15134.0
 2014|F8515|40-44|W|FRA|2657|556|1683.0|3394.0|5091.0|6810.0|7183.0|8578.0|10390.0|12268.0|14268.0|15133.0
 2014|F5382|45-49|W|NED|2656|454|1717.0|3429.0|5143.0|6895.0|7279.0|8656.0|10609.0|12462.0|14313.0|15133.0
 2014|F888|40-44|W|SLO|2654|555|1774.0|3480.0|5265.0|6993.0|7377.0|8758.0|10681.0|12520.0|14360.0|15133.0
 2014|F8029|60-64|W|CAN|2654|33|1765.0|3575.0|5334.0|7090.0|7496.0|8928.0|10740.0|12549.0|14396.0|15133.0
 2014|F6950|H|W|GER|2652|386|1756.0|3516.0|5232.0|6971.0|7349.0|8728.0|10497.0|12340.0|14252.0|15132.0
 2014|F3069|40-44|W|GER|2652|554|1639.0|3299.0|4978.0|6665.0|7046.0|8427.0|10243.0|12170.0|14252.0|15132.0
 2014|F9272|40-44|W|ENG|2651|553|1875.0|3696.0|5474.0|7273.0|7660.0|9079.0|10926.0|12717.0|14456.0|15132.0
 2014|F6037|55-59|W|SUI|2650|89|1688.0|3439.0|5200.0|6943.0|7311.0|8780.0|10705.0|12539.0|14334.0|15131.0
 2014|F3485|30-34|W|USA|2649|446|1791.0|3584.0|5374.0|7157.0|7547.0|8990.0|10771.0|12503.0|14342.0|15131.0
 2014|F7908|50-54|W|GER|2648|236|1676.0|3381.0|5095.0|6840.0|7225.0|8659.0|10517.0|12366.0|14289.0|15129.0
 2014|F5330|30-34|W|GER|2647|445|1620.0|3258.0|4920.0|6587.0|6958.0|8505.0|10415.0|12465.0|14345.0|15129.0
 2014|F431|45-49|W|GER|2646|453|1656.0|3563.0|5232.0|6945.0|7376.0|8763.0|10769.0|12525.0|14365.0|15128.0
 2014|F1623|30-34|W|DEN|2645|444|1679.0|3361.0|5013.0|6688.0|7048.0|8432.0|10260.0|12090.0|14048.0|15128.0
 2014|F8243|30-34|W|GER|2644|443|1763.0|3525.0|5292.0|7109.0|7498.0|8942.0|10760.0|12587.0|14357.0|15128.0
 2014|F8858|H|W|GER|2643|385|1686.0|3380.0|5072.0|6791.0|7173.0|8617.0|10492.0|12298.0|14324.0|15126.0
 2014|F2037|45-49|W|FRA|2642|452|1654.0|3353.0|5060.0|6781.0|7152.0|8514.0|10324.0|12270.0|14314.0|15125.0
 2014|F2647|35-39|W|GER|2641|443|1664.0|3339.0|4954.0|6591.0|6958.0|8302.0|10251.0|12132.0|14197.0|15124.0
 2014|F8762|30-34|W|TPE|2640|442|1714.0|3486.0|5295.0|7119.0|7518.0|8966.0|10823.0|12637.0|14401.0|15123.0
 2014|F5818|45-49|W|GBR|2639|451|1849.0|3691.0|5440.0|7199.0|7572.0|8913.0|10760.0|12487.0|14308.0|15121.0
 2014|F1894|40-44|W|USA|2638|552|1670.0|3359.0|5044.0|6769.0|7156.0|8517.0|10331.0|12198.0|14314.0|15120.0
 2014|F8670|45-49|W|ISL|2637|450|1691.0|3391.0|5103.0|6877.0|7252.0|8626.0|10485.0|12394.0|14312.0|15120.0
 2014|F8247|30-34|W|GER|2636|441|1750.0|3484.0|5166.0|6858.0|7223.0|8614.0|10477.0|12415.0|14332.0|15119.0
 2014|F3892|45-49|W|GER|2634|448|1680.0|3284.0|4928.0|6554.0|6928.0|8308.0|10085.0|11977.0|14041.0|15119.0
 2014|F5127|45-49|W|FRA|2634|448|1667.0|3287.0|4910.0|6529.0|6923.0|8314.0|10214.0|12185.0|14281.0|15119.0
 2014|F8849|45-49|W|GER|2633|447|1809.0|3620.0|5396.0|7127.0|7503.0|8888.0|10673.0|12474.0|14316.0|15119.0
 2014|F7596|H|W|SWE|2632|384|1796.0|3494.0|5153.0|6797.0|7156.0|8543.0|10367.0|12276.0|14253.0|15116.0
 2014|F1100|45-49|W|DEN|2631|446|1742.0|3503.0|5258.0|7008.0|7387.0|8764.0|10566.0|12401.0|14270.0|15116.0
 2014|F8555|50-54|W|GER|2630|235|1683.0|3483.0|5248.0|7130.0|7492.0|8879.0|10671.0|12470.0|14345.0|15114.0
 2014|F2332|45-49|W|GBR|2629|445|1659.0|3317.0|4966.0|6631.0|6995.0|8328.0|10193.0|11983.0|14222.0|15112.0
 2014|F834|55-59|W|DEN|2628|88|1681.0|3394.0|5100.0|6801.0|7176.0|8574.0|10480.0|12271.0|14199.0|15111.0
 2014|F1081|H|W|SWE|2627|383|1635.0|3287.0|4935.0|6580.0|6937.0|8286.0|10077.0|11790.0|14024.0|15110.0
 2014|F3899|50-54|W|FIN|2626|234|1660.0|3342.0|5043.0|6781.0|7163.0|8631.0|10448.0|12248.0|14236.0|15108.0
 2014|F3089|40-44|W|GER|2625|551|1688.0|3334.0|5042.0|6757.0|7131.0|8543.0|10367.0|12287.0|14260.0|15107.0
 2014|F8806|35-39|W|DEN|2624|442|1729.0|3483.0|5220.0|6992.0|7373.0|8778.0|10610.0|12431.0|14293.0|15107.0
 2014|F415|65-69|W|GER|2623|4|1718.0|3420.0|5201.0|6894.0|7265.0|8657.0|10524.0|12408.0|14302.0|15106.0
 2014|F647|45-49|W|DEN|2622|444|1795.0|3610.0|5390.0|7160.0|7538.0|8953.0|10792.0|12573.0|14334.0|15105.0
 2014|F848|35-39|W|USA|2621|441|1720.0|3514.0|5219.0|6948.0|7379.0|8772.0|10551.0|12347.0|14241.0|15101.0
 2014|F7803|30-34|W|AUT|2619|440|1675.0|3348.0|5098.0|6799.0|7173.0|8596.0|10430.0|12309.0|14276.0|15100.0
 2014|F8841|40-44|W|FIN|2619|550|1725.0|3466.0|5250.0|7046.0|7427.0|8863.0|10715.0|12502.0|14317.0|15100.0
 2014|F6441|50-54|W|USA|2618|233|1775.0|3542.0|5318.0|7084.0|7463.0|8845.0|10643.0|12424.0|14286.0|15098.0
 2014|F4973|50-54|W|GER|2617|232|1649.0|3389.0|5114.0|6877.0|7262.0|8661.0|10460.0|12279.0|14244.0|15097.0
 2014|F5701|40-44|W|GER|2616|549|1466.0|2931.0|4410.0|5923.0|6258.0|7925.0|10306.0|12395.0|14335.0|15094.0
 2014|F1709|35-39|W|ESP|2615|440|1781.0|3587.0|5432.0|7234.0|7630.0|9042.0|10856.0|12636.0|14393.0|15094.0
 2014|F3073|50-54|W|GER|2614|231|1627.0|3287.0|5021.0|6851.0|7221.0|8605.0|10330.0|12291.0|14277.0|15094.0
 2014|F5055|45-49|W|FRA|2613|443|1777.0|3544.0|5315.0|7111.0|7490.0|8897.0|10694.0|12451.0|14341.0|15093.0
 2014|F5757|H|W|AUS|2612|382|1726.0|3430.0|5150.0|6877.0|7254.0|8681.0|10518.0|12369.0|14316.0|15090.0
 2014|F2251|H|W|BRA|2611|381|1828.0|3599.0|5395.0|7100.0|7474.0|8826.0|10585.0|12358.0|14265.0|15088.0
 2014|F9493|30-34|W|HKG|2610|439|1672.0|3406.0|5144.0|6880.0|7257.0|8736.0|10513.0|12313.0|14175.0|15088.0
 2014|F5426|30-34|W|GBR|2609|438|1711.0|3369.0|5036.0|6726.0|7102.0|8480.0|10337.0|12225.0|14195.0|15086.0
 2014|F819|30-34|W|ISR|2608|437|1615.0|3241.0|4873.0|6543.0|6913.0|8283.0|10123.0|12063.0|14270.0|15086.0
 2014|F6625|40-44|W|FRA|2606|548|1636.0|3295.0|4975.0|6718.0|7085.0|8565.0|10432.0|12326.0|14252.0|15086.0
 2014|F1901|45-49|W|CHI|2606|442|1716.0|3447.0|5196.0|6973.0|7350.0|8771.0|10582.0|12422.0|14298.0|15086.0
 2014|F8846|45-49|W|DEN|2605|441|1727.0|3495.0|5209.0|6975.0|7345.0|8722.0|10539.0|12367.0|14244.0|15085.0
 2014|F7613|40-44|W|MEX|2604|547|1587.0|3209.0|4835.0|6548.0|6913.0|8393.0|10341.0|12225.0|14223.0|15085.0
 2014|F1865|40-44|W|BEL|2603|546|1798.0|3599.0|5383.0|7173.0|7562.0|8964.0|10767.0|12542.0|14321.0|15084.0
 2014|F8952|40-44|W|BEL|2602|545|1797.0|3598.0|5383.0|7172.0|7562.0|8964.0|10767.0|12542.0|14322.0|15084.0
 2014|F5969|40-44|W|ITA|2601|544|1680.0|3394.0|5085.0|6767.0|7132.0|8506.0|10266.0|12073.0|14156.0|15084.0
 2014|F6055|45-49|W|BEL|2600|440|1798.0|3598.0|5382.0|7172.0|7561.0|8962.0|10766.0|12542.0|14322.0|15083.0
 2014|F9381|30-34|W|GER|2599|436|1664.0|3354.0|5023.0|6711.0|7076.0|8493.0|10357.0|12311.0|14245.0|15083.0
 2014|F6326|45-49|W|DEN|2598|439|1701.0|3458.0|5264.0|7068.0|7453.0|8885.0|10685.0|12484.0|14305.0|15083.0
 2014|F2795|H|W|GBR|2597|380|1678.0|3367.0|5066.0|6827.0|7216.0|8637.0|10474.0|12402.0|14299.0|15082.0
 2014|F3959|H|W|GER|2596|379|1813.0|3535.0|5275.0|7042.0|7424.0|8828.0|10669.0|12445.0|14303.0|15081.0
 2014|F4495|40-44|W|GER|2595|543|1715.0|3464.0|5205.0|6963.0|7353.0|8797.0|10679.0|12490.0|14304.0|15080.0
 2014|F1797|35-39|W|CAN|2594|439|1730.0|3444.0|5176.0|6930.0|7308.0|8737.0|10573.0|12415.0|14267.0|15079.0
 2014|F1045|50-54|W|GER|2593|230|1779.0|3480.0|5182.0|6905.0|7275.0|8642.0|10430.0|12293.0|14236.0|15079.0
 2014|F8311|50-54|W|SWE|2592|229|1627.0|3286.0|5078.0|6778.0|7160.0|8575.0|10405.0|12328.0|14236.0|15078.0
 2014|F1372|50-54|W|GER|2591|228|1607.0|3260.0|4918.0|6568.0|6938.0|8311.0|10175.0|12125.0|14151.0|15077.0
 2014|F2454|35-39|W|SWE|2590|438|1768.0|3562.0|5356.0|7145.0|7540.0|8954.0|10753.0|12533.0|14318.0|15077.0
 2014|F9276|35-39|W|CAN|2589|437|1768.0|3521.0|5205.0|6955.0|7333.0|8768.0|10552.0|12435.0|14283.0|15077.0
 2014|F3060|50-54|W|GER|2588|227|1759.0|3494.0|5217.0|6959.0|7340.0|8793.0|10602.0|12417.0|14271.0|15075.0
 2014|F8288|30-34|W|POL|2587|435|1832.0|3597.0|5382.0|7178.0|7567.0|9001.0|10834.0|12566.0|14326.0|15073.0
 2014|F3542|40-44|W|SWE|2586|542|1677.0|3386.0|5120.0|6859.0|7233.0|8660.0|10503.0|12452.0|14299.0|15073.0
 2014|F4046|H|W|NED|2585|378|1789.0|3593.0|5401.0|7194.0|7590.0|9030.0|10916.0|13286.0|NaN|15072.0
 2014|F326|60-64|W|JPN|2584|32|1690.0|3408.0|5144.0|6875.0|7259.0|8675.0|10532.0|12387.0|14274.0|15072.0
 2014|F5464|30-34|W|GER|2583|434|1806.0|3483.0|5178.0|6948.0|7326.0|8725.0|10570.0|12424.0|14263.0|15071.0
 2014|F2392|45-49|W|GER|2582|438|1648.0|3363.0|5070.0|6784.0|7153.0|8594.0|10473.0|12333.0|14238.0|15070.0
 2014|F1722|H|W|DEN|2581|377|1682.0|3428.0|5156.0|6912.0|7287.0|8712.0|10527.0|12342.0|14267.0|15070.0
 2014|F1610|55-59|W|NED|2580|87|1785.0|3537.0|5283.0|7047.0|7430.0|8816.0|10604.0|12416.0|14250.0|15069.0
 2014|F8028|50-54|W|GBR|2579|226|1723.0|3436.0|5099.0|6772.0|7141.0|8494.0|10348.0|12428.0|14288.0|15069.0
 2014|F2572|55-59|W|BEL|2578|86|1706.0|3428.0|5162.0|6921.0|7309.0|8750.0|10578.0|12414.0|14270.0|15068.0
 2014|F8086|40-44|W|DEN|2577|541|1814.0|3663.0|5571.0|7372.0|7758.0|9147.0|10893.0|12597.0|14324.0|15064.0
 2014|F1547|55-59|W|AUS|2576|85|1566.0|3248.0|4889.0|6573.0|6939.0|8425.0|10241.0|12177.0|14225.0|15063.0
 2014|F5692|40-44|W|AUT|2575|540|1677.0|3341.0|5024.0|6709.0|7079.0|8462.0|10284.0|12191.0|14204.0|15062.0
 2014|F7095|50-54|W|GER|2574|225|1678.0|3374.0|5074.0|6792.0|7175.0|8560.0|10358.0|12255.0|14221.0|15062.0
 2014|F8451|40-44|W|GER|2573|539|1689.0|3407.0|5128.0|6876.0|7256.0|8675.0|10514.0|12373.0|14249.0|15058.0
 2014|F135|65-69|W|GBR|2572|3|1776.0|3514.0|5253.0|7004.0|7383.0|8805.0|10646.0|12456.0|14255.0|15056.0
 2014|F4852|40-44|W|GER|2571|538|1720.0|3441.0|5170.0|6919.0|7294.0|8680.0|10631.0|12419.0|14292.0|15053.0
 2014|F3034|40-44|W|GER|2570|537|1749.0|3445.0|5121.0|6801.0|7179.0|8542.0|10327.0|12162.0|14136.0|15053.0
 2014|F614|H|W|FRA|2569|376|1926.0|3788.0|5478.0|7213.0|7596.0|9008.0|10818.0|12562.0|14315.0|15053.0
 2014|F744|40-44|W|GER|2568|536|1794.0|3646.0|5372.0|7120.0|7506.0|8915.0|10709.0|12461.0|14270.0|15052.0
 2014|F7846|35-39|W|MEX|2567|436|1691.0|3391.0|5114.0|6840.0|7209.0|8569.0|10365.0|12247.0|14217.0|15051.0
 2014|F7834|30-34|W|GER|2566|433|1696.0|3514.0|5224.0|6965.0|7332.0|8750.0|10588.0|12373.0|14246.0|15051.0
 2014|F9032|H|W|NED|2565|375|1732.0|3453.0|5167.0|6902.0|7282.0|8695.0|10527.0|12392.0|14249.0|15051.0
 2014|F8292|40-44|W|GER|2564|535|1692.0|3462.0|5212.0|7005.0|7400.0|8813.0|10661.0|12454.0|14290.0|15049.0
 2014|F8388|40-44|W|GER|2563|534|1806.0|3589.0|5339.0|7099.0|7479.0|8873.0|10643.0|12459.0|14280.0|15049.0
 2014|F3086|50-54|W|GER|2562|224|1653.0|3349.0|5100.0|6839.0|7219.0|8686.0|10539.0|12399.0|14266.0|15048.0
 2014|F1976|40-44|W|FRA|2561|533|1732.0|3420.0|5089.0|6751.0|7111.0|8453.0|10175.0|11995.0|14135.0|15047.0
 2014|F3766|40-44|W|ESP|2560|532|1650.0|3371.0|5101.0|6852.0|7238.0|8659.0|10474.0|12326.0|14192.0|15046.0
 2014|F4884|H|W|GER|2558|374|1566.0|3088.0|4613.0|6177.0|6525.0|7773.0|9583.0|11869.0|14141.0|15046.0
 2014|F7401|50-54|W|GER|2558|223|1701.0|3413.0|5089.0|6787.0|7158.0|8543.0|10330.0|12141.0|14167.0|15046.0
 2014|F6884|H|W|CAN|2557|373|1574.0|3187.0|4759.0|6440.0|6828.0|8290.0|10198.0|12199.0|14192.0|15045.0
 2014|F2452|50-54|W|GER|2556|222|1763.0|3534.0|5294.0|7048.0|7429.0|8832.0|10662.0|12466.0|14261.0|15045.0
 2014|F3119|40-44|W|ITA|2555|531|1594.0|3221.0|4861.0|6536.0|6906.0|8288.0|10145.0|12128.0|14198.0|15045.0
 2014|F2606|40-44|W|AUT|2554|530|1768.0|3485.0|5191.0|6901.0|7277.0|8658.0|10478.0|12309.0|14238.0|15043.0
 2014|F8627|40-44|W|DEN|2553|529|1704.0|3377.0|5072.0|6784.0|7163.0|8602.0|10459.0|12313.0|14229.0|15043.0
 2014|F3414|50-54|W|SUI|2552|221|1662.0|3379.0|5079.0|6821.0|7200.0|8650.0|10477.0|12324.0|14239.0|15043.0
 2014|F4551|45-49|W|NED|2551|437|1660.0|3339.0|5059.0|6769.0|7132.0|8533.0|10350.0|12194.0|14154.0|15043.0
 2014|F5362|35-39|W|GER|2550|435|1590.0|3284.0|5002.0|6785.0|7164.0|8587.0|10471.0|12327.0|14203.0|15040.0
 2014|F5170|45-49|W|FRA|2549|436|1558.0|3153.0|4782.0|6498.0|6881.0|8366.0|10351.0|12328.0|14239.0|15039.0
 2014|F6399|45-49|W|DEN|2548|435|1713.0|3445.0|5165.0|6924.0|7288.0|8711.0|10542.0|12357.0|14237.0|15038.0
 2014|F7838|45-49|W|DEN|2547|434|1674.0|3390.0|5121.0|6881.0|7252.0|8680.0|10506.0|12336.0|14218.0|15036.0
 2014|F541|45-49|W|GER|2546|433|1689.0|3381.0|5060.0|6765.0|7139.0|8488.0|10262.0|12096.0|14140.0|15035.0
 2014|F8474|40-44|W|JPN|2545|528|1590.0|3257.0|4940.0|6679.0|7064.0|8512.0|10386.0|12320.0|14231.0|15035.0
 2014|F5005|40-44|W|GER|2543|527|1793.0|3533.0|5254.0|6976.0|7346.0|8743.0|10556.0|12356.0|14225.0|15034.0
 2014|F8169|H|W|NED|2543|372|1666.0|3339.0|5006.0|6685.0|7064.0|8554.0|10438.0|12316.0|14191.0|15034.0
 2014|F1736|40-44|W|BRA|2542|526|1818.0|3639.0|5432.0|7205.0|7591.0|8969.0|10723.0|12494.0|14270.0|15033.0
 2014|F2412|30-34|W|GBR|2541|432|1758.0|3546.0|5289.0|6987.0|7344.0|8740.0|10491.0|12265.0|14188.0|15031.0
 2014|F7416|45-49|W|DEN|2540|432|1661.0|3326.0|5062.0|6736.0|7105.0|8500.0|10339.0|12246.0|14181.0|15031.0
 2014|F6094|55-59|W|DEN|2539|84|1676.0|3359.0|5059.0|6757.0|7130.0|8512.0|10343.0|12194.0|14171.0|15029.0
 2014|F9531|30-34|W|GER|2538|431|1681.0|3453.0|5121.0|6836.0|7220.0|8593.0|10359.0|12131.0|14133.0|15029.0
 2014|F7690|50-54|W|FRA|2537|220|1792.0|3490.0|5232.0|6963.0|7336.0|8715.0|10522.0|12338.0|14203.0|15029.0
 2014|F3268|H|W|CAN|2536|371|1701.0|3469.0|5177.0|6878.0|7248.0|8601.0|10342.0|12177.0|14148.0|15025.0
 2014|F6505|50-54|W|DEN|2535|219|1684.0|3355.0|5043.0|6766.0|7149.0|8552.0|10391.0|12264.0|14179.0|15023.0
 2014|F1082|40-44|W|MAR|2534|525|1801.0|3669.0|5480.0|7250.0|7627.0|9019.0|10812.0|12543.0|14279.0|15023.0
 2014|F6253|45-49|W|GER|2533|431|1790.0|3596.0|5363.0|7125.0|7511.0|8891.0|10664.0|12432.0|14244.0|15022.0
 2014|F7368|40-44|W|GER|2531|524|1666.0|3339.0|5014.0|6707.0|7077.0|8436.0|10256.0|12090.0|14118.0|15020.0
 2014|F7855|55-59|W|GER|2531|83|1660.0|3358.0|5069.0|6808.0|7189.0|8596.0|10406.0|12277.0|14201.0|15020.0
 2014|F1300|45-49|W|NED|2530|430|1704.0|3407.0|5084.0|6781.0|7157.0|8515.0|10365.0|12171.0|14164.0|15020.0
 2014|F2134|50-54|W|GBR|2528|218|1666.0|3333.0|5001.0|6735.0|7118.0|8595.0|10444.0|12325.0|14221.0|15019.0
 2014|F8392|40-44|W|GBR|2528|523|1666.0|3350.0|5047.0|6745.0|7107.0|8457.0|10393.0|12244.0|14195.0|15019.0
 2014|F3210|45-49|W|GER|2527|429|1724.0|3394.0|5081.0|6802.0|7173.0|8580.0|10388.0|12226.0|14169.0|15018.0
 2014|F7906|JA|W|AUT|2526|9|1798.0|3569.0|5356.0|7069.0|7455.0|8825.0|10604.0|12379.0|14226.0|15018.0
 2014|F6882|30-34|W|POL|2525|430|1665.0|3334.0|5100.0|6845.0|7226.0|8620.0|10434.0|12257.0|14174.0|15017.0
 2014|F3258|45-49|W|DEN|2524|428|1740.0|3551.0|5326.0|7109.0|7497.0|8913.0|10713.0|12516.0|14246.0|15017.0
 2014|F3056|35-39|W|POL|2523|434|1755.0|3483.0|5221.0|6995.0|7371.0|8787.0|10629.0|12450.0|14251.0|15014.0
 2014|F6102|30-34|W|DEN|2522|429|1791.0|3539.0|5311.0|7079.0|7467.0|8900.0|10753.0|12564.0|14275.0|15014.0
 2014|F2776|H|W|AUS|2521|370|1804.0|3624.0|5405.0|7173.0|7559.0|9043.0|10819.0|12541.0|14249.0|15013.0
 2014|F6451|40-44|W|TUR|2520|522|1620.0|3274.0|4927.0|6613.0|6986.0|8371.0|10253.0|12130.0|14138.0|15013.0
 2014|F1782|45-49|W|USA|2519|427|1626.0|3275.0|4956.0|6683.0|7064.0|8514.0|10447.0|12392.0|14267.0|15012.0
 2014|F3805|40-44|W|FIN|2518|521|1725.0|3466.0|5250.0|7046.0|7427.0|8863.0|10715.0|12502.0|14265.0|15009.0
 2014|F2574|35-39|W|NOR|2517|433|1810.0|3607.0|5385.0|7145.0|7530.0|8940.0|10697.0|12423.0|14206.0|15007.0
 2014|F406|50-54|W|GER|2516|217|1695.0|3456.0|5206.0|6999.0|7393.0|8810.0|10598.0|12458.0|14247.0|15007.0
 2014|F8930|40-44|W|ESP|2515|520|1676.0|3368.0|5141.0|6877.0|7264.0|8696.0|10519.0|12368.0|14234.0|15006.0
 2014|F4262|40-44|W|CAN|2514|519|1533.0|3096.0|4684.0|6307.0|6661.0|7967.0|9701.0|11496.0|13957.0|15006.0
 2014|F4373|35-39|W|GBR|2513|432|1618.0|3255.0|4903.0|6586.0|6963.0|8353.0|10238.0|12245.0|14185.0|15005.0
 2014|F5213|H|W|FRA|2512|369|1793.0|3513.0|5211.0|6936.0|7318.0|8699.0|10524.0|12351.0|14206.0|15004.0
 2014|F6982|50-54|W|GBR|2511|216|1839.0|3611.0|5379.0|7149.0|7536.0|8924.0|10738.0|12398.0|14183.0|15004.0
 2014|F8321|30-34|W|GER|2510|428|1876.0|3739.0|5554.0|7396.0|7787.0|9181.0|10940.0|12654.0|14308.0|15004.0
 2014|F3537|H|W|DEN|2509|368|1618.0|3261.0|4927.0|6605.0|7046.0|8405.0|10144.0|12036.0|14094.0|15003.0
 2014|F7476|40-44|W|SWE|2508|518|1712.0|3431.0|5129.0|6832.0|7209.0|8610.0|10444.0|12292.0|14219.0|15002.0
 2014|F5804|40-44|W|USA|2507|517|1894.0|3723.0|5507.0|7277.0|7668.0|9043.0|10834.0|12575.0|14287.0|15001.0
 2014|F5419|30-34|W|GER|2506|427|1644.0|3263.0|4876.0|6509.0|6869.0|8407.0|10261.0|12180.0|14183.0|15000.0
 2014|F8465|40-44|W|NED|2505|516|1658.0|3322.0|4954.0|6631.0|6991.0|8409.0|10280.0|12203.0|14164.0|14996.0
 2014|F7936|35-39|W|SUI|2504|431|1746.0|3497.0|5266.0|7094.0|7486.0|8900.0|10669.0|12420.0|14230.0|14996.0
 2014|F2745|60-64|W|USA|2503|31|1781.0|3537.0|5263.0|7005.0|7392.0|8792.0|10601.0|12373.0|14186.0|14995.0
 2014|F4646|30-34|W|GER|2502|426|1642.0|3331.0|5012.0|6733.0|7123.0|8536.0|10367.0|12211.0|14180.0|14994.0
 2014|F6962|50-54|W|GER|2501|215|1646.0|3338.0|5013.0|6704.0|7077.0|8461.0|10303.0|12355.0|14218.0|14994.0
 2014|F348|55-59|W|GER|2500|82|1689.0|3405.0|5144.0|6921.0|7311.0|8703.0|10493.0|12313.0|14181.0|14990.0
 2014|F2941|50-54|W|AUT|2499|214|1700.0|3385.0|5074.0|6776.0|7163.0|8517.0|10427.0|12223.0|14138.0|14989.0
 2014|F4558|30-34|W|GER|2498|425|1670.0|3351.0|5030.0|6724.0|7079.0|8465.0|10381.0|12267.0|14216.0|14989.0
 2014|F2723|30-34|W|USA|2497|424|1706.0|3418.0|5147.0|6873.0|7234.0|8603.0|10367.0|12156.0|14131.0|14988.0
 2014|F5613|50-54|W|FRA|2496|213|1774.0|3498.0|5169.0|6867.0|7248.0|8688.0|10613.0|12367.0|14168.0|14986.0
 2014|F3705|50-54|W|BEL|2495|212|1679.0|3360.0|5050.0|6803.0|7195.0|8613.0|10429.0|12221.0|14160.0|14986.0
 2014|F2110|35-39|W|NOR|2494|430|1640.0|3307.0|4959.0|6636.0|7009.0|8398.0|10195.0|12077.0|14153.0|14985.0
 2014|F717|H|W|SUI|2493|367|1735.0|3472.0|5184.0|6947.0|7330.0|8645.0|10419.0|12199.0|14093.0|14985.0
 2014|F4472|35-39|W|POL|2492|429|1747.0|3542.0|5229.0|6924.0|7296.0|8683.0|10483.0|12300.0|14167.0|14985.0
 2014|F5628|35-39|W|MEX|2491|428|1735.0|3478.0|5240.0|7001.0|7394.0|8790.0|10573.0|12360.0|14169.0|14983.0
 2014|F2670|50-54|W|CAN|2490|211|1736.0|3488.0|5228.0|7000.0|7372.0|8793.0|10655.0|12450.0|14221.0|14982.0
 2014|F6591|45-49|W|DEN|2489|426|1665.0|3342.0|5015.0|6688.0|7050.0|8394.0|10126.0|11935.0|14067.0|14982.0
 2014|F7647|35-39|W|GER|2488|427|1718.0|3431.0|5139.0|6888.0|7264.0|8671.0|10486.0|12334.0|14208.0|14981.0
 2014|F4769|55-59|W|GER|2487|81|1702.0|3430.0|5149.0|6884.0|7262.0|8670.0|10477.0|12370.0|14218.0|14980.0
 2014|F1452|40-44|W|GER|2486|515|1593.0|3213.0|4860.0|6573.0|6938.0|8337.0|10217.0|12140.0|14122.0|14980.0
 2014|F4131|45-49|W|GER|2485|425|1700.0|3398.0|5110.0|6784.0|7154.0|8498.0|10269.0|12132.0|14162.0|14980.0
 2014|F4395|40-44|W|FIN|2484|514|1796.0|3591.0|5360.0|7149.0|7534.0|8936.0|10734.0|12504.0|14280.0|14978.0
 2014|F3496|45-49|W|GER|2483|424|0.0|0.0|0.0|0.0|0.0|0.0|0.0|0.0|0.0|14978.0
 2014|F2489|H|W|VEN|2482|366|1712.0|3432.0|5131.0|6870.0|7254.0|8637.0|10438.0|12267.0|14190.0|14978.0
 2014|F739|35-39|W|ISL|2481|426|1703.0|3424.0|5128.0|6825.0|7203.0|8609.0|10420.0|12284.0|14179.0|14976.0
 2014|F3952|H|W|MEX|2480|365|1657.0|3330.0|5014.0|6696.0|7253.0|8652.0|10482.0|12382.0|14200.0|14974.0
 2014|F6017|45-49|W|GER|2479|423|1610.0|3238.0|4877.0|6528.0|6888.0|8306.0|10137.0|12086.0|14121.0|14972.0
 2014|F7040|40-44|W|FIN|2478|513|1826.0|3615.0|5400.0|7198.0|7599.0|9015.0|10800.0|12558.0|14266.0|14972.0
 2014|F5363|45-49|W|FIN|2477|422|1676.0|3357.0|5047.0|6719.0|7084.0|8439.0|10309.0|12215.0|14165.0|14972.0
 2014|F5300|30-34|W|GBR|2476|423|1631.0|3329.0|5124.0|6854.0|7244.0|8636.0|10438.0|12279.0|14143.0|14972.0
 2014|F2622|45-49|W|BRA|2475|421|1745.0|3493.0|5217.0|6927.0|7300.0|8638.0|10354.0|12091.0|14048.0|14971.0
 2014|F4180|50-54|W|GER|2474|210|1734.0|3442.0|5119.0|6821.0|7181.0|8664.0|10528.0|12413.0|14211.0|14970.0
 2014|F8234|50-54|W|USA|2473|209|1688.0|3379.0|5072.0|6786.0|7160.0|8514.0|10268.0|12107.0|13943.0|14970.0
 2014|F459|45-49|W|GER|2472|420|1602.0|3223.0|4861.0|6541.0|6933.0|8326.0|10195.0|12151.0|14144.0|14969.0
 2014|F3117|45-49|W|ITA|2471|419|1704.0|3437.0|5171.0|6909.0|7292.0|8703.0|10537.0|12324.0|14179.0|14968.0
 2014|F8631|30-34|W|GER|2470|422|1844.0|3715.0|5476.0|7223.0|7595.0|8969.0|10763.0|12448.0|14223.0|14967.0
 2014|F9290|30-34|W|DEN|2469|421|1709.0|3454.0|5197.0|6898.0|7272.0|8691.0|10519.0|12371.0|14149.0|14966.0
 2014|F5755|40-44|W|NOR|2468|512|1618.0|3277.0|4957.0|6666.0|7038.0|8446.0|10320.0|12157.0|14133.0|14964.0
 2014|F3522|40-44|W|DEN|2467|511|1615.0|3281.0|4929.0|6599.0|6962.0|8318.0|10171.0|12086.0|14174.0|14964.0
 2014|F713|30-34|W|INA|2466|420|1743.0|3505.0|5262.0|7028.0|7410.0|8789.0|10546.0|12314.0|14156.0|14963.0
 2014|F4947|55-59|W|GER|2465|80|1740.0|3434.0|5199.0|6896.0|7263.0|8688.0|10399.0|12434.0|14233.0|14961.0
 2014|F1927|40-44|W|ISR|2464|510|1750.0|3512.0|5251.0|7006.0|7381.0|8760.0|10588.0|12376.0|14167.0|14960.0
 2014|F5073|30-34|W|CAN|2463|419|1736.0|3439.0|5124.0|6843.0|7223.0|8704.0|10494.0|12285.0|14128.0|14958.0
 2014|F946|30-34|W|GER|2462|418|1808.0|3673.0|5512.0|7330.0|7719.0|9129.0|10821.0|12440.0|14176.0|14957.0
 2014|F3914|50-54|W|GER|2461|208|1655.0|3306.0|4975.0|6716.0|7102.0|8546.0|10404.0|12245.0|14138.0|14957.0
 2014|F2948|35-39|W|MEX|2460|425|1829.0|3678.0|5481.0|7280.0|7674.0|9087.0|10818.0|12536.0|14261.0|14955.0
 2014|F9000|35-39|W|NED|2459|424|1718.0|3440.0|5131.0|6853.0|7230.0|8765.0|10586.0|12348.0|14148.0|14955.0
 2014|F2074|60-64|W|ESP|2458|30|1613.0|3301.0|4962.0|6675.0|7052.0|8456.0|10298.0|12156.0|14120.0|14955.0
 2014|F9372|30-34|W|NED|2457|417|1828.0|3717.0|5472.0|7215.0|7580.0|8928.0|10655.0|12369.0|14159.0|14954.0
 2014|F9373|H|W|NED|2456|364|1828.0|3717.0|5472.0|7214.0|7579.0|8928.0|10655.0|12369.0|14159.0|14954.0
 2014|F8780|45-49|W|GER|2455|418|1669.0|3365.0|5105.0|6839.0|7214.0|8624.0|10473.0|12340.0|14179.0|14953.0
 2014|F7113|H|W|GER|2454|363|1708.0|3466.0|5229.0|6984.0|7366.0|8786.0|10591.0|12394.0|14185.0|14952.0
 2014|F5289|40-44|W|HKG|2453|509|1608.0|3183.0|4914.0|6644.0|7013.0|8469.0|10356.0|12252.0|14118.0|14952.0
 2014|F4933|40-44|W|AUT|2452|508|1715.0|3415.0|5125.0|6860.0|7236.0|8627.0|10417.0|12221.0|14123.0|14950.0
 2014|F2731|45-49|W|BRA|2451|417|1679.0|3373.0|5107.0|6837.0|7211.0|8604.0|10463.0|12259.0|14076.0|14949.0
 2014|F9347|35-39|W|CAN|2450|423|1558.0|3173.0|4822.0|6521.0|6889.0|8333.0|10199.0|12082.0|14105.0|14947.0
 2014|F1503|35-39|W|GBR|2449|422|1780.0|3507.0|5212.0|6945.0|7323.0|8707.0|10499.0|12308.0|14159.0|14947.0
 2014|F6258|50-54|W|GER|2448|207|1589.0|3243.0|4944.0|6626.0|7004.0|8397.0|10248.0|12123.0|14151.0|14944.0
 2014|F3239|30-34|W|GBR|2447|416|1813.0|3651.0|5431.0|7206.0|7581.0|8962.0|10698.0|12419.0|14164.0|14944.0
 2014|F7839|H|W|DEN|2446|362|1674.0|3390.0|5121.0|6878.0|7250.0|8675.0|10443.0|12275.0|14176.0|14944.0
 2014|F404|55-59|W|GER|2445|79|1622.0|3261.0|4893.0|6549.0|6914.0|8229.0|9942.0|11676.0|13542.0|14941.0
 2014|F995|55-59|W|GER|2444|78|1680.0|3359.0|5039.0|6715.0|7078.0|8442.0|10285.0|12178.0|14124.0|14940.0
 2014|F1405|30-34|W|GBR|2443|415|1662.0|3380.0|5045.0|6772.0|7142.0|8538.0|10379.0|12241.0|14161.0|14937.0
 2014|F310|60-64|W|DEN|2442|29|1672.0|3417.0|5140.0|6828.0|7188.0|8516.0|10251.0|12060.0|14074.0|14937.0
 2014|F4239|35-39|W|DEN|2441|421|1769.0|3566.0|5328.0|7170.0|7544.0|8891.0|10670.0|12359.0|14148.0|14936.0
 2014|F4459|45-49|W|ISL|2440|416|1691.0|3391.0|5103.0|6877.0|7252.0|8626.0|10460.0|12269.0|14128.0|14934.0
 2014|F5069|40-44|W|GER|2439|507|1737.0|3405.0|5078.0|6783.0|7162.0|8570.0|10390.0|12231.0|14142.0|14933.0
 2014|F8041|30-34|W|GBR|2438|414|1750.0|3532.0|5276.0|7026.0|7405.0|8923.0|10658.0|12389.0|14151.0|14932.0
 2014|F2542|50-54|W|DEN|2437|206|1705.0|3530.0|5242.0|6960.0|7330.0|8739.0|10520.0|12272.0|14125.0|14931.0
 2014|F8222|30-34|W|DEN|2436|413|1698.0|3360.0|5131.0|6784.0|7151.0|8527.0|10421.0|12262.0|14198.0|14930.0
 2014|F6398|30-34|W|NOR|2435|412|1699.0|3369.0|5109.0|6882.0|7264.0|8671.0|10482.0|12320.0|14176.0|14929.0
 2014|F7340|40-44|W|GER|2434|506|1773.0|3532.0|5356.0|7055.0|7432.0|8770.0|10591.0|12520.0|14246.0|14929.0
 2014|F5584|45-49|W|DEN|2433|415|1587.0|3225.0|4907.0|6628.0|7006.0|8394.0|10178.0|12025.0|14037.0|14928.0
 2014|F8173|35-39|W|GBR|2432|420|1820.0|3556.0|5241.0|6915.0|7287.0|8612.0|10396.0|12185.0|14154.0|14927.0
 2014|F9503|35-39|W|GER|2431|419|1803.0|3587.0|5330.0|7121.0|7514.0|8918.0|10693.0|12444.0|14187.0|14926.0
 2014|F3527|30-34|W|DEN|2430|411|1713.0|3470.0|5178.0|6912.0|7286.0|8641.0|10477.0|12256.0|14108.0|14925.0
 2014|F9642|50-54|W|ITA|2429|205|1715.0|3444.0|5154.0|6880.0|7260.0|8627.0|10401.0|12193.0|14102.0|14924.0
 2014|F5860|30-34|W|MEX|2426|410|1751.0|3465.0|5235.0|7000.0|7378.0|8827.0|10620.0|12382.0|14163.0|14923.0
 2014|F4121|40-44|W|SWE|2426|504|1548.0|3122.0|4736.0|6395.0|6764.0|8116.0|10072.0|12043.0|14124.0|14923.0
 2014|F1851|40-44|W|DEN|2426|504|1676.0|3379.0|5084.0|6781.0|7151.0|8551.0|10361.0|12204.0|14102.0|14923.0
 2014|F8295|JA|W|DEN|2425|8|1810.0|3566.0|5332.0|7076.0|7450.0|8903.0|10691.0|12437.0|14207.0|14923.0
 2014|F2374|H|W|GER|2424|361|1660.0|3341.0|4967.0|6603.0|6961.0|8287.0|10010.0|11888.0|13991.0|14919.0
 2014|F4530|30-34|W|GER|2423|409|1779.0|3508.0|5237.0|6969.0|7342.0|8708.0|10526.0|12340.0|14143.0|14916.0
 2014|F9187|H|W|ISR|2422|360|1727.0|3408.0|5092.0|6788.0|7156.0|8559.0|10400.0|12288.0|14177.0|14916.0
 2014|4841|45-49|W|GBR|2421|414|1716.0|3429.0|5143.0|6893.0|7279.0|8656.0|10469.0|12298.0|14157.0|14916.0
 2014|F9140|45-49|W|JPN|2420|413|1686.0|3378.0|5048.0|6740.0|7113.0|8528.0|10331.0|12173.0|14094.0|14916.0
 2014|F5745|40-44|W|ISR|2419|503|1760.0|3576.0|5368.0|7134.0|7508.0|8886.0|10679.0|12434.0|14177.0|14915.0
 2014|F4541|30-34|W|FRA|2418|408|1661.0|3313.0|4996.0|6715.0|7095.0|8516.0|10347.0|12217.0|14120.0|14915.0
 2014|F6757|45-49|W|FRA|2417|412|1714.0|3422.0|5130.0|6866.0|7248.0|8623.0|10406.0|12231.0|14121.0|14915.0
 2014|F8240|H|W|GBR|2416|359|1791.0|3564.0|5293.0|7072.0|7452.0|8842.0|10631.0|12410.0|14164.0|14915.0
 2014|F793|45-49|W|BRA|2415|411|1686.0|3369.0|5088.0|6869.0|7240.0|8653.0|10465.0|12275.0|14115.0|14914.0
 2014|F7031|40-44|W|IRL|2414|502|1688.0|3383.0|5113.0|6920.0|7318.0|8753.0|10617.0|12397.0|14152.0|14911.0
 2014|F2398|35-39|W|GER|2413|418|1708.0|3467.0|5128.0|6811.0|7180.0|8539.0|10292.0|12071.0|14056.0|14911.0
 2014|F9291|45-49|W|DEN|2412|410|1739.0|3510.0|5243.0|6997.0|7377.0|8762.0|10558.0|12358.0|14147.0|14910.0
 2014|F1679|40-44|W|ITA|2411|501|1677.0|3339.0|4978.0|6657.0|7023.0|8400.0|10216.0|12111.0|14123.0|14908.0
 2014|F4827|35-39|W|NOR|2410|417|1731.0|3474.0|5199.0|6940.0|7311.0|8682.0|10455.0|12258.0|14125.0|14907.0
 2014|F9289|50-54|W|CAN|2409|204|1793.0|3526.0|5256.0|7022.0|7415.0|8771.0|10542.0|12322.0|14147.0|14905.0
 2014|F2172|30-34|W|GER|2408|407|1712.0|3402.0|5087.0|6798.0|7176.0|8544.0|10334.0|12170.0|14089.0|14902.0
 2014|F8950|50-54|W|GER|2407|203|1620.0|3236.0|4902.0|6606.0|6988.0|8411.0|10237.0|12123.0|14040.0|14902.0
 2014|F1276|40-44|W|NOR|2406|500|1721.0|3462.0|5221.0|6988.0|7374.0|8769.0|10539.0|12316.0|14137.0|14901.0
 2014|F7214|45-49|W|GER|2405|409|1595.0|3260.0|5028.0|6786.0|7161.0|8572.0|10442.0|12278.0|14139.0|14901.0
 2014|F1958|30-34|W|GBR|2404|406|1533.0|3140.0|4743.0|6385.0|6768.0|8213.0|10045.0|11992.0|14032.0|14901.0
 2014|F3879|30-34|W|GER|2403|405|1703.0|3388.0|5077.0|6781.0|7177.0|8632.0|10405.0|12248.0|14078.0|14900.0
 2014|F6458|H|W|GER|2402|358|1638.0|3321.0|5054.0|6794.0|7170.0|8595.0|10423.0|12247.0|14102.0|14900.0
 2014|F2911|H|W|GER|2401|357|1822.0|3582.0|5261.0|7001.0|7356.0|8679.0|10414.0|12310.0|14130.0|14900.0
 2014|F7308|35-39|W|DEN|2400|416|1611.0|3251.0|5032.0|6712.0|7097.0|8493.0|10317.0|12191.0|14106.0|14899.0
 2014|F3755|30-34|W|GER|2399|404|1765.0|3501.0|5227.0|6962.0|7339.0|8737.0|10541.0|12332.0|14138.0|14899.0
 2014|F906|40-44|W|BRA|2398|499|1814.0|3553.0|5243.0|6960.0|7335.0|8709.0|10498.0|12287.0|14117.0|14899.0
 2014|F8193|35-39|W|MEX|2397|415|1807.0|3567.0|5331.0|7105.0|7489.0|8872.0|10630.0|12339.0|14103.0|14898.0
 2014|F1059|H|W|BEL|2396|356|1755.0|3505.0|5262.0|7016.0|7403.0|8786.0|10736.0|12483.0|14151.0|14897.0
 2014|F4677|50-54|W|GER|2395|202|1676.0|3380.0|5056.0|6744.0|7115.0|8466.0|10221.0|12112.0|14057.0|14895.0
 2014|F7565|40-44|W|BRA|2394|498|1688.0|3392.0|5111.0|6897.0|7264.0|8636.0|10446.0|12276.0|14093.0|14893.0
 2014|F510|35-39|W|MAR|2393|414|1695.0|3420.0|5127.0|6818.0|7191.0|8583.0|10448.0|12230.0|14087.0|14892.0
 2014|F9063|35-39|W|GER|2392|413|1597.0|3175.0|4787.0|6447.0|6820.0|8248.0|10122.0|12058.0|14096.0|14891.0
 2014|F4571|40-44|W|GER|2391|497|1818.0|3554.0|5314.0|7070.0|7454.0|8837.0|10594.0|12368.0|14132.0|14890.0
 2014|F3894|40-44|W|GER|2390|496|1687.0|3362.0|5061.0|6792.0|7164.0|8527.0|10379.0|12179.0|14078.0|14887.0
 2014|F2915|45-49|W|DEN|2389|408|1766.0|3494.0|5207.0|6952.0|7329.0|8719.0|10510.0|12299.0|14106.0|14887.0
 2014|F6204|H|W|GBR|2388|355|1589.0|3238.0|4901.0|6589.0|6950.0|8326.0|10150.0|12079.0|14100.0|14886.0
 2014|F5734|40-44|W|ITA|2387|495|1721.0|3403.0|5086.0|6766.0|7138.0|8505.0|10291.0|12145.0|14122.0|14885.0
 2014|F8864|35-39|W|DEN|2386|412|1575.0|3228.0|4891.0|6629.0|6992.0|8388.0|10189.0|12095.0|14103.0|14885.0
 2014|F2856|40-44|W|SUI|2385|494|1829.0|3622.0|5390.0|7094.0|7465.0|8828.0|10558.0|12266.0|14093.0|14884.0
 2014|F4079|H|W|DEN|2384|354|1534.0|3130.0|4722.0|6344.0|6699.0|8070.0|9957.0|11946.0|13998.0|14884.0
 2014|F1474|50-54|W|USA|2383|201|1703.0|3359.0|5036.0|6704.0|7084.0|8435.0|10249.0|12128.0|14056.0|14884.0
 2014|F5161|30-34|W|GER|2382|403|1759.0|3512.0|5204.0|6912.0|7337.0|8715.0|10516.0|12342.0|14123.0|14880.0
 2014|F5760|H|W|GER|2381|353|1762.0|3390.0|5040.0|6732.0|7107.0|8472.0|10277.0|12082.0|14006.0|14880.0
 2014|F1649|45-49|W|USA|2380|407|1686.0|3408.0|5082.0|6700.0|7055.0|8377.0|10067.0|11864.0|14010.0|14879.0
 2014|F4023|50-54|W|GER|2379|200|1736.0|3490.0|5229.0|6949.0|7324.0|8619.0|10301.0|12123.0|14058.0|14879.0
 2014|F3020|35-39|W|GBR|2378|411|1624.0|3258.0|4911.0|6576.0|6942.0|8309.0|10192.0|12060.0|13965.0|14878.0
 2014|F3278|40-44|W|GER|2377|493|1721.0|3430.0|5129.0|6813.0|7179.0|8541.0|10333.0|12181.0|14057.0|14876.0
 2014|F2048|35-39|W|IRL|2376|410|1706.0|3450.0|5222.0|6975.0|7342.0|8753.0|10540.0|12294.0|14086.0|14873.0
 2014|F8832|30-34|W|NED|2375|402|1752.0|3522.0|5279.0|7044.0|7425.0|8803.0|10587.0|12332.0|14098.0|14871.0
 2014|F4447|35-39|W|GER|2374|409|1707.0|3411.0|5113.0|6840.0|7216.0|8592.0|10371.0|12167.0|14023.0|14869.0
 2014|F6139|H|W|GER|2373|352|1780.0|3549.0|5284.0|6997.0|7366.0|8717.0|10470.0|12179.0|13980.0|14869.0
 2014|F8253|30-34|W|RSA|2372|401|1670.0|3383.0|5076.0|6791.0|7153.0|8571.0|10424.0|12221.0|14048.0|14867.0
 2014|F8708|30-34|W|DEN|2371|400|1754.0|3538.0|5304.0|7056.0|7435.0|8809.0|10594.0|12355.0|14139.0|14866.0
 2014|F2728|40-44|W|GER|2370|492|1733.0|3483.0|5221.0|6967.0|7354.0|8765.0|10546.0|12329.0|14106.0|14866.0
 2014|F4689|45-49|W|DEN|2369|406|1670.0|3357.0|5043.0|6748.0|7123.0|8503.0|10353.0|12150.0|14062.0|14865.0
 2014|F6881|45-49|W|GER|2368|405|1823.0|3617.0|5386.0|7117.0|7498.0|8870.0|10636.0|12376.0|14101.0|14864.0
 2014|F2409|H|W|FRA|2367|351|1687.0|3388.0|5090.0|6818.0|7198.0|8598.0|10403.0|12209.0|14076.0|14864.0
 2014|F3594|30-34|W|DEN|2366|399|1691.0|3437.0|5186.0|6948.0|7328.0|8738.0|10528.0|12334.0|14129.0|14864.0
 2014|F7976|40-44|W|RUS|2365|491|1729.0|3408.0|5086.0|6752.0|7119.0|8467.0|10241.0|12054.0|14002.0|14863.0
 2014|F2396|40-44|W|GER|2364|490|1613.0|3249.0|4944.0|6677.0|7055.0|8497.0|10340.0|12163.0|14059.0|14863.0
 2014|F8471|30-34|W|GBR|2363|398|1701.0|3402.0|5104.0|6830.0|7216.0|8608.0|10399.0|12223.0|14079.0|14862.0
 2014|F8838|45-49|W|GBR|2362|404|1763.0|3497.0|5207.0|6917.0|7288.0|8667.0|10450.0|12234.0|14100.0|14862.0
 2014|F3166|45-49|W|SUI|2361|403|1756.0|3455.0|5153.0|6887.0|7252.0|8611.0|10393.0|12245.0|14093.0|14862.0
 2014|F4237|45-49|W|DEN|2360|402|1661.0|3337.0|5008.0|6693.0|7050.0|8394.0|10075.0|12015.0|14015.0|14861.0
 2014|F417|50-54|W|GER|2359|199|1649.0|3316.0|4968.0|6615.0|6973.0|8350.0|10108.0|11978.0|13975.0|14859.0
 2014|F4755|50-54|W|GER|2358|198|1685.0|3377.0|5097.0|6838.0|7216.0|8628.0|10430.0|12252.0|14061.0|14858.0
 2014|F2718|45-49|W|AUT|2357|401|1525.0|3060.0|4634.0|6223.0|6574.0|8042.0|9957.0|11907.0|13977.0|14858.0
 2014|F7167|40-44|W|GBR|2356|489|1667.0|3343.0|5031.0|6736.0|7105.0|8484.0|10310.0|12172.0|14074.0|14857.0
 2014|F4053|40-44|W|GBR|2355|488|1671.0|3343.0|4999.0|6658.0|7026.0|8376.0|10171.0|12015.0|14004.0|14857.0
 2014|F6679|40-44|W|GBR|2354|487|1694.0|3485.0|5139.0|6837.0|7301.0|8627.0|10410.0|12212.0|14037.0|14857.0
 2014|F8354|35-39|W|GER|2353|408|1565.0|3122.0|4723.0|6345.0|6702.0|8083.0|10293.0|12146.0|14072.0|14855.0
 2014|F9324|30-34|W|GER|2352|397|1751.0|3502.0|5265.0|7014.0|7399.0|8789.0|10564.0|12305.0|14068.0|14855.0
 2014|F7619|50-54|W|ESP|2351|197|1833.0|3588.0|5326.0|7075.0|7461.0|8834.0|10614.0|12360.0|14129.0|14855.0
 2014|F2913|H|W|SUI|2350|350|1744.0|3522.0|5262.0|6947.0|7309.0|8629.0|10398.0|12136.0|14028.0|14855.0
 2014|F4938|30-34|W|GER|2349|396|1766.0|3459.0|5172.0|6938.0|7318.0|8715.0|10497.0|12302.0|14101.0|14853.0
 2014|F711|30-34|W|GBR|2348|395|1570.0|3132.0|4731.0|6320.0|6674.0|8031.0|9854.0|11821.0|14017.0|14850.0
 2014|F8856|45-49|W|ITA|2347|400|1563.0|3191.0|4840.0|6551.0|6920.0|8312.0|10184.0|12067.0|14041.0|14850.0
 2014|F8623|50-54|W|GER|2346|196|1673.0|3365.0|5085.0|6818.0|7203.0|8608.0|10449.0|12261.0|14103.0|14850.0
 2014|F1209|40-44|W|GER|2345|486|1751.0|3470.0|5189.0|6897.0|7274.0|8643.0|10416.0|12212.0|14041.0|14850.0
 2014|F4200|45-49|W|GER|2344|399|1633.0|3339.0|5090.0|6831.0|7217.0|8634.0|10456.0|12300.0|14113.0|14849.0
 2014|F9464|45-49|W|AUT|2343|398|1756.0|3522.0|5255.0|6999.0|7371.0|8745.0|10530.0|12292.0|14081.0|14848.0
 2014|F3140|45-49|W|DEN|2342|397|1731.0|3506.0|5194.0|6950.0|7334.0|8730.0|10524.0|12296.0|14051.0|14846.0
 2014|F5565|H|W|GBR|2341|349|1648.0|3282.0|4952.0|6658.0|7036.0|8408.0|10273.0|12129.0|14057.0|14846.0
 2014|F8042|35-39|W|GBR|2340|407|1674.0|3371.0|5052.0|6729.0|7095.0|8440.0|10273.0|12121.0|14015.0|14845.0
 2014|F7823|50-54|W|GER|2339|195|1687.0|3382.0|5091.0|6815.0|7187.0|8571.0|10378.0|12167.0|14005.0|14844.0
 2014|F703|H|W|GER|2338|348|1639.0|3316.0|5017.0|6681.0|7050.0|8429.0|10248.0|11992.0|13935.0|14844.0
 2014|F6518|60-64|W|SWE|2337|28|1727.0|3470.0|5207.0|6977.0|7416.0|8819.0|10596.0|12352.0|14103.0|14843.0
 2014|F9312|30-34|W|SWE|2336|394|1728.0|3446.0|5161.0|6872.0|7242.0|8606.0|10322.0|12307.0|14077.0|14841.0
 2014|F9057|40-44|W|NED|2335|485|1856.0|3531.0|5521.0|7222.0|7584.0|8919.0|10657.0|12393.0|14111.0|14839.0
 2014|F7885|45-49|W|GER|2334|396|1631.0|3286.0|4941.0|6653.0|7025.0|8395.0|10216.0|12089.0|14005.0|14839.0
 2014|F3940|40-44|W|DEN|2333|484|1714.0|3433.0|5154.0|6840.0|7207.0|8575.0|10328.0|12126.0|14020.0|14839.0
 2014|F9338|H|W|AUS|2332|347|1812.0|3678.0|5489.0|7299.0|7704.0|9100.0|10885.0|12610.0|14201.0|14838.0
 2014|F7767|H|W|GER|2331|346|1851.0|3601.0|5289.0|7009.0|7387.0|8766.0|10540.0|12299.0|14083.0|14837.0
 2014|F8690|60-64|W|GER|2330|27|1767.0|3510.0|5242.0|6972.0|7353.0|8718.0|10515.0|12265.0|14069.0|14836.0
 2014|F7493|45-49|W|ITA|2329|395|1690.0|3411.0|5129.0|6834.0|7218.0|8612.0|10394.0|12226.0|14051.0|14835.0
 2014|F3349|30-34|W|VEN|2328|393|1699.0|3439.0|5171.0|6924.0|7294.0|8674.0|10418.0|12191.0|14027.0|14835.0
 2014|F2865|30-34|W|POL|2327|392|1646.0|3328.0|5012.0|6765.0|7136.0|8559.0|10386.0|12244.0|14071.0|14832.0
 2014|F7292|55-59|W|FRA|2326|77|1598.0|3226.0|4859.0|6513.0|6877.0|8223.0|10108.0|12016.0|13995.0|14830.0
 2014|F2085|40-44|W|DEN|2325|483|1725.0|3468.0|5245.0|7101.0|7511.0|9033.0|10793.0|12493.0|14128.0|14829.0
 2014|F4488|60-64|W|CAN|2324|26|1738.0|3493.0|5236.0|6963.0|7335.0|8704.0|10466.0|12242.0|14058.0|14829.0
 2014|F2652|50-54|W|FRA|2323|194|1726.0|3439.0|5142.0|6828.0|7198.0|8586.0|10447.0|12253.0|14037.0|14828.0
 2014|F5723|30-34|W|VEN|2322|391|1795.0|3588.0|5368.0|7124.0|7496.0|8857.0|10620.0|12348.0|14080.0|14826.0
 2014|F5082|40-44|W|ITA|2321|482|1726.0|3381.0|5090.0|6814.0|7188.0|8600.0|10440.0|12226.0|14053.0|14825.0
 2014|F7911|H|W|GER|2320|345|1762.0|3459.0|5112.0|6796.0|7161.0|8523.0|10255.0|12009.0|13955.0|14825.0
 2014|F693|35-39|W|GER|2319|406|1558.0|3197.0|4871.0|6614.0|6991.0|8374.0|10205.0|12067.0|13994.0|14825.0
 2014|F2779|45-49|W|BRA|2318|394|1752.0|3508.0|5251.0|7009.0|7382.0|8784.0|10562.0|12307.0|14073.0|14822.0
 2014|F6750|50-54|W|AUT|2317|193|1695.0|3399.0|5108.0|6796.0|7165.0|8536.0|10465.0|12202.0|13972.0|14820.0
 2014|F1920|30-34|W|USA|2316|390|1716.0|3419.0|5083.0|6740.0|7093.0|8398.0|10087.0|11859.0|14056.0|14820.0
 2014|F2226|50-54|W|GER|2315|192|1683.0|3413.0|5152.0|6924.0|7305.0|8693.0|10489.0|12308.0|14087.0|14819.0
 2014|F3686|35-39|W|AUT|2314|405|1709.0|3436.0|5150.0|6879.0|7263.0|8652.0|10439.0|12218.0|14039.0|14819.0
 2014|F8116|30-34|W|SWE|2313|389|1753.0|3554.0|5256.0|6960.0|7323.0|8633.0|10378.0|12114.0|13956.0|14819.0
 2014|F1622|35-39|W|GER|2312|404|1658.0|3287.0|4987.0|6723.0|7094.0|8489.0|10318.0|12197.0|14035.0|14818.0
 2014|F528|55-59|W|DEN|2311|76|1622.0|3280.0|4938.0|6802.0|7157.0|8504.0|10639.0|12327.0|14088.0|14818.0
 2014|F2141|30-34|W|CAN|2310|388|1638.0|3295.0|4999.0|6728.0|7100.0|8491.0|10314.0|12106.0|14005.0|14817.0
 2014|F6871|45-49|W|BRA|2309|393|1823.0|3616.0|5248.0|6885.0|7235.0|8543.0|10257.0|12042.0|13968.0|14816.0
 2014|F8217|45-49|W|GER|2308|392|1691.0|3317.0|4950.0|6596.0|6963.0|8337.0|10085.0|11935.0|13969.0|14816.0
 2014|F4731|55-59|W|GER|2307|75|1681.0|3362.0|5022.0|6697.0|7063.0|8443.0|10245.0|12085.0|13978.0|14815.0
 2014|F1615|40-44|W|GER|2306|481|1735.0|3468.0|5203.0|6989.0|7361.0|8732.0|10476.0|12233.0|14026.0|14814.0
 2014|F3314|45-49|W|NED|2305|391|1701.0|3416.0|5167.0|6818.0|7182.0|8521.0|10269.0|12120.0|14021.0|14813.0
 2014|F2029|H|W|NZL|2304|344|1645.0|3304.0|4964.0|6633.0|7004.0|8398.0|10206.0|12131.0|13994.0|14813.0
 2014|F3286|55-59|W|GER|2303|74|1754.0|3583.0|5432.0|7303.0|7697.0|9126.0|10759.0|12436.0|14103.0|14813.0
 2014|F7156|H|W|GER|2302|343|1785.0|3604.0|5336.0|7070.0|7449.0|8833.0|10596.0|12340.0|14069.0|14812.0
 2014|F7708|40-44|W|GER|2301|480|1760.0|3449.0|5129.0|6841.0|7208.0|8586.0|10382.0|12206.0|14065.0|14812.0
 2014|F3204|45-49|W|GER|2300|390|1703.0|3412.0|5143.0|6895.0|7271.0|8647.0|10417.0|12180.0|13986.0|14811.0
 2014|F3687|50-54|W|USA|2299|191|1754.0|3493.0|5224.0|6940.0|7309.0|8681.0|10431.0|12183.0|14003.0|14811.0
 2014|F5857|35-39|W|GER|2298|403|1661.0|3321.0|4974.0|6649.0|7013.0|8415.0|10262.0|12108.0|14016.0|14809.0
 2014|F5227|50-54|W|FRA|2297|190|1649.0|3335.0|5015.0|6712.0|7073.0|8413.0|10183.0|12069.0|13998.0|14809.0
 2014|F347|40-44|W|GER|2296|479|1672.0|3342.0|5021.0|6675.0|7031.0|8343.0|10020.0|11976.0|13950.0|14808.0
 2014|F3370|40-44|W|SUI|2295|478|1720.0|3452.0|5237.0|6985.0|7361.0|8682.0|10401.0|12131.0|13983.0|14808.0
 2014|F4225|50-54|W|GER|2294|189|1593.0|3144.0|4712.0|6310.0|6664.0|7983.0|9787.0|11828.0|13970.0|14806.0
 2014|F1362|30-34|W|DEN|2293|387|1595.0|3290.0|4968.0|6737.0|7113.0|8490.0|10292.0|12061.0|13939.0|14805.0
 2014|F5087|30-34|W|GER|2292|386|1740.0|3532.0|5328.0|7074.0|7448.0|8823.0|10543.0|12237.0|13986.0|14805.0
 2014|F7526|35-39|W|POL|2290|402|1648.0|3309.0|4989.0|6688.0|7064.0|8461.0|10271.0|12115.0|14006.0|14805.0
 2014|F6533|55-59|W|SLO|2290|73|1490.0|3076.0|4721.0|6377.0|6755.0|8199.0|10055.0|11884.0|13846.0|14805.0
 2014|F5224|H|W|MEX|2289|342|1716.0|3358.0|5065.0|6809.0|7191.0|8565.0|10387.0|12199.0|14037.0|14804.0
 2014|F2031|50-54|W|GBR|2288|188|1650.0|3336.0|5014.0|6697.0|7067.0|8460.0|10257.0|12033.0|13928.0|14803.0
 2014|F7326|45-49|W|GBR|2287|389|1704.0|3470.0|5250.0|6994.0|7377.0|8793.0|10553.0|12282.0|14066.0|14802.0
 2014|F5731|40-44|W|GER|2286|477|1559.0|3179.0|4851.0|6531.0|6934.0|8364.0|10204.0|12110.0|13942.0|14801.0
 2014|F4762|40-44|W|GER|2285|476|1670.0|3311.0|5025.0|6722.0|7093.0|8455.0|10251.0|12052.0|13943.0|14799.0
 2014|F2042|30-34|W|GER|2284|385|1801.0|3559.0|5323.0|7062.0|7437.0|8834.0|10589.0|12333.0|14074.0|14799.0
 2014|F4349|35-39|W|SUI|2283|401|1728.0|3510.0|5244.0|6984.0|7360.0|8721.0|10475.0|12226.0|14012.0|14796.0
 2014|F8842|30-34|W|GBR|2282|384|1618.0|3276.0|4990.0|6745.0|7121.0|8526.0|10328.0|12121.0|13982.0|14795.0
 2014|F1978|40-44|W|MEX|2281|475|1721.0|3383.0|5088.0|6795.0|7167.0|8606.0|10426.0|12177.0|13987.0|14792.0
 2014|F520|30-34|W|GBR|2280|383|1732.0|3442.0|5155.0|6879.0|7250.0|8588.0|10320.0|12047.0|14002.0|14792.0
 2014|F804|45-49|W|DEN|2279|388|1738.0|3536.0|5253.0|6986.0|7358.0|8729.0|10496.0|12264.0|14038.0|14791.0
 2014|F1526|35-39|W|GER|2277|400|1707.0|3390.0|5035.0|6715.0|7079.0|8456.0|10240.0|11975.0|13954.0|14790.0
 2014|F6266|40-44|W|GER|2277|474|1806.0|3566.0|5348.0|7101.0|7481.0|8870.0|10597.0|12340.0|14055.0|14790.0
 2014|F5194|45-49|W|FRA|2276|387|1740.0|3469.0|5200.0|6951.0|7316.0|8724.0|10525.0|12247.0|14013.0|14789.0
 2014|F1824|50-54|W|NED|2275|187|1694.0|3345.0|5010.0|6715.0|7090.0|8428.0|10181.0|11998.0|13990.0|14787.0
 2014|F7853|45-49|W|GER|2274|386|1781.0|3493.0|5163.0|6840.0|7216.0|8576.0|10363.0|12120.0|13982.0|14786.0
 2014|F233|50-54|W|GER|2273|186|1702.0|3417.0|5124.0|6840.0|7213.0|8572.0|10340.0|12171.0|13991.0|14785.0
 2014|F140|60-64|W|GER|2272|25|1702.0|3418.0|5124.0|6840.0|7215.0|8572.0|10340.0|12171.0|13991.0|14784.0
 2014|F4003|45-49|W|AUS|2271|385|1652.0|3356.0|5039.0|6729.0|7102.0|8487.0|10279.0|12089.0|13960.0|14782.0
 2014|F6674|45-49|W|GER|2270|384|1736.0|3419.0|5115.0|6819.0|7186.0|8520.0|10271.0|12106.0|13995.0|14777.0
 2014|F5130|H|W|FIN|2269|341|1663.0|3355.0|5052.0|6722.0|7085.0|8432.0|10239.0|12086.0|13989.0|14776.0
 2014|F6121|35-39|W|BEL|2268|399|1712.0|3419.0|5128.0|6842.0|7213.0|8587.0|10417.0|12189.0|13987.0|14775.0
 2014|F1375|40-44|W|BEL|2267|473|1712.0|3419.0|5128.0|6843.0|7213.0|8586.0|10415.0|12189.0|13987.0|14775.0
 2014|F5835|H|W|GBR|2266|340|1590.0|3203.0|4818.0|6439.0|6946.0|8313.0|10164.0|12012.0|13943.0|14773.0
 2014|F5054|40-44|W|FRA|2265|472|1810.0|3611.0|5381.0|7153.0|7534.0|8899.0|10629.0|12317.0|14028.0|14772.0
 2014|F1509|45-49|W|NED|2264|383|1742.0|3462.0|5126.0|6803.0|7172.0|8512.0|10277.0|12090.0|13960.0|14771.0
 2014|F5650|40-44|W|SUI|2263|471|1834.0|3571.0|5287.0|6972.0|7340.0|8673.0|10417.0|12152.0|13965.0|14771.0
 2014|F4614|50-54|W|GER|2262|185|1679.0|3368.0|5076.0|6781.0|7152.0|8551.0|10303.0|12088.0|13982.0|14770.0
 2014|F4878|40-44|W|GER|2261|470|1696.0|3417.0|5094.0|6769.0|7141.0|8508.0|10298.0|12136.0|14042.0|14770.0
 2014|F6701|40-44|W|POL|2260|469|1663.0|3327.0|4993.0|6715.0|7084.0|8461.0|10240.0|12045.0|13976.0|14768.0
 2014|F4971|35-39|W|GER|2259|398|1792.0|3563.0|5331.0|7099.0|7482.0|8864.0|10601.0|12290.0|14033.0|14767.0
 2014|F1421|40-44|W|GER|2258|468|1763.0|3447.0|5119.0|6837.0|7214.0|8606.0|10393.0|12203.0|14024.0|14767.0
 2014|F9003|50-54|W|ARG|2257|184|1722.0|3448.0|5184.0|6934.0|7318.0|8705.0|10484.0|12264.0|14019.0|14766.0
 2014|F5100|35-39|W|GER|2256|397|1764.0|3492.0|5209.0|6903.0|7279.0|8633.0|10407.0|12194.0|13997.0|14765.0
 2014|F8899|30-34|W|FRA|2255|382|1703.0|3389.0|5058.0|6835.0|7197.0|8584.0|10417.0|12204.0|14025.0|14765.0
 2014|F4027|45-49|W|GBR|2254|382|1531.0|3124.0|4759.0|6396.0|6756.0|8110.0|9976.0|11903.0|13913.0|14764.0
 2014|F4512|40-44|W|FIN|2253|467|1950.0|3775.0|5477.0|7130.0|7493.0|8818.0|10553.0|12234.0|13993.0|14763.0
 2014|F3770|35-39|W|GER|2252|396|1747.0|3493.0|5248.0|6971.0|7346.0|8707.0|10466.0|12188.0|13959.0|14761.0
 2014|F8718|40-44|W|NOR|2251|466|1697.0|3403.0|5115.0|6840.0|7210.0|8575.0|10308.0|12104.0|13955.0|14760.0
 2014|F866|30-34|W|GBR|2250|381|1603.0|3233.0|4885.0|6574.0|6939.0|8285.0|10122.0|12053.0|13976.0|14760.0
 2014|F1105|50-54|W|GER|2249|183|1659.0|3322.0|4968.0|6656.0|7031.0|8422.0|10222.0|12019.0|13921.0|14759.0
 2014|F8924|30-34|W|GER|2248|380|1604.0|3243.0|4864.0|6512.0|6877.0|8224.0|9979.0|11854.0|13936.0|14759.0
 2014|F5944|40-44|W|GER|2247|465|1718.0|3418.0|5122.0|6835.0|7203.0|8560.0|10313.0|12088.0|13912.0|14759.0
 2014|F6691|40-44|W|SVK|2246|464|1672.0|3368.0|5114.0|6874.0|7254.0|8652.0|10416.0|12190.0|13985.0|14758.0
 2014|F7118|40-44|W|DEN|2245|463|1715.0|3460.0|5149.0|6827.0|7193.0|8685.0|10539.0|12236.0|14007.0|14756.0
 2014|F556|30-34|W|GER|2244|379|1705.0|3437.0|5160.0|6888.0|7257.0|8619.0|10367.0|12114.0|13946.0|14755.0
 2014|F877|50-54|W|GER|2243|182|1671.0|3360.0|5076.0|6786.0|7161.0|8550.0|10331.0|12107.0|13976.0|14754.0
 2014|F3808|H|W|GER|2242|339|1675.0|3309.0|4966.0|6670.0|7052.0|8443.0|10222.0|12044.0|13943.0|14753.0
 2014|F5583|35-39|W|DEN|2241|395|1720.0|3450.0|5178.0|6917.0|7293.0|8688.0|10467.0|12217.0|13987.0|14752.0
 2014|F7375|30-34|W|GER|2240|378|1888.0|3682.0|5392.0|7089.0|7465.0|8812.0|10547.0|12275.0|13985.0|14752.0
 2014|F4983|35-39|W|GER|2239|394|1823.0|3555.0|5252.0|6964.0|7344.0|8710.0|10534.0|12282.0|14005.0|14752.0
 2014|F4536|35-39|W|SWE|2238|393|1808.0|3503.0|5162.0|6826.0|7186.0|8501.0|10204.0|11982.0|13920.0|14750.0
 2014|F1977|40-44|W|VEN|2237|462|1660.0|3335.0|5085.0|6839.0|7230.0|8642.0|10486.0|12260.0|14002.0|14747.0
 2014|F169|50-54|W|GER|2236|181|1531.0|3091.0|4695.0|6341.0|6709.0|8139.0|9907.0|11848.0|13831.0|14747.0
 2014|F6866|30-34|W|ESP|2235|377|1702.0|3430.0|5154.0|6851.0|7219.0|8597.0|10382.0|12111.0|13925.0|14746.0
 2014|F2826|40-44|W|GER|2234|461|1737.0|3556.0|5352.0|7106.0|7480.0|8871.0|10639.0|12321.0|14005.0|14746.0
 2014|F3603|50-54|W|GER|2233|180|1646.0|3308.0|4995.0|6734.0|7107.0|8464.0|10258.0|12062.0|13944.0|14746.0
 2014|F9610|40-44|W|ISL|2232|460|1651.0|3287.0|4911.0|6553.0|6920.0|8267.0|10028.0|11869.0|13831.0|14745.0
 2014|F4370|35-39|W|GER|2231|392|1761.0|3511.0|5285.0|7054.0|7440.0|8835.0|10602.0|12355.0|14039.0|14743.0
 2014|F2437|50-54|W|POL|2230|179|1593.0|3228.0|4867.0|6550.0|6930.0|8319.0|10144.0|11994.0|13925.0|14742.0
 2014|F8143|40-44|W|DEN|2229|459|1685.0|3382.0|5063.0|6741.0|7104.0|8442.0|10208.0|12036.0|13921.0|14742.0
 2014|F3046|45-49|W|GER|2227|381|1312.0|3184.0|5014.0|6740.0|7122.0|8514.0|10315.0|12124.0|13942.0|14740.0
 2014|F7559|60-64|W|MEX|2227|24|1668.0|3337.0|5014.0|6740.0|7122.0|8514.0|10315.0|12124.0|13942.0|14740.0
 2014|F3289|H|W|NED|2226|338|1723.0|3380.0|5016.0|6740.0|7104.0|8456.0|10244.0|12081.0|13947.0|14739.0
 2014|F9487|35-39|W|USA|2225|391|1658.0|3380.0|5042.0|6774.0|7129.0|8483.0|10230.0|12085.0|13957.0|14738.0
 2014|F5111|45-49|W|NED|2224|380|1760.0|3489.0|5211.0|6934.0|7315.0|8684.0|10447.0|12191.0|13974.0|14737.0
 2014|F1834|40-44|W|HKG|2223|458|1521.0|3151.0|4755.0|6385.0|6769.0|8146.0|10120.0|11922.0|13954.0|14735.0
 2014|F4559|60-64|W|GER|2222|23|1771.0|3464.0|5197.0|6918.0|7355.0|8696.0|10441.0|12164.0|13970.0|14735.0
 2014|F801|H|W|BEL|2221|337|1830.0|3536.0|5262.0|6940.0|7296.0|8647.0|10468.0|12186.0|13986.0|14735.0
 2014|F1035|50-54|W|GER|2219|178|1592.0|3232.0|4947.0|6654.0|7073.0|8469.0|10313.0|12131.0|13968.0|14734.0
 2014|F1762|40-44|W|IRL|2219|457|1821.0|3601.0|5347.0|7086.0|7460.0|8798.0|10506.0|12191.0|13986.0|14734.0
 2014|F2691|45-49|W|SWE|2218|379|1634.0|3284.0|4917.0|6597.0|6961.0|8312.0|10034.0|11850.0|13836.0|14733.0
 2014|F7534|55-59|W|ITA|2217|72|1642.0|3220.0|4833.0|6476.0|6839.0|8167.0|9977.0|11895.0|13937.0|14732.0
 2014|F5110|45-49|W|NED|2216|378|1760.0|3489.0|5211.0|6934.0|7314.0|8684.0|10447.0|12191.0|13973.0|14730.0
 2014|F2989|40-44|W|GER|2215|456|1777.0|3524.0|5214.0|6938.0|7314.0|8685.0|10456.0|12217.0|13977.0|14730.0
 2014|F7396|JA|W|DEN|2214|7|1682.0|3396.0|5106.0|6836.0|7207.0|8561.0|10347.0|12169.0|13967.0|14725.0
 2014|F3839|30-34|W|JPN|2213|376|1659.0|3358.0|4994.0|6650.0|7024.0|8385.0|10171.0|11981.0|13870.0|14725.0
 2014|F519|45-49|W|BRA|2212|377|1749.0|3476.0|5211.0|6954.0|7330.0|8688.0|10459.0|12203.0|13968.0|14724.0
 2014|F9270|50-54|W|AUS|2211|177|1680.0|3379.0|5087.0|6838.0|7223.0|8588.0|10365.0|12140.0|13931.0|14722.0
 2014|F2203|H|W|GER|2210|336|1701.0|3400.0|5091.0|6764.0|7122.0|8461.0|10182.0|11969.0|13880.0|14720.0
 2014|F9008|H|W|GER|2209|335|1724.0|3416.0|5126.0|6872.0|7256.0|8635.0|10384.0|12146.0|13948.0|14719.0
 2014|F5060|45-49|W|NED|2208|376|1640.0|3256.0|4897.0|6581.0|6948.0|8321.0|10126.0|11977.0|13899.0|14718.0
 2014|F3962|45-49|W|USA|2207|375|1631.0|3271.0|4882.0|6540.0|6915.0|8352.0|10167.0|12010.0|13919.0|14717.0
 2014|F4019|35-39|W|AUT|2206|390|1659.0|3292.0|4941.0|6618.0|6986.0|8395.0|10177.0|11982.0|13922.0|14716.0
 2014|F2951|50-54|W|GER|2205|176|1652.0|3299.0|4956.0|6627.0|6992.0|8394.0|10169.0|11960.0|13905.0|14713.0
 2014|F4650|30-34|W|POL|2204|375|1624.0|3248.0|4901.0|6619.0|7000.0|8452.0|10364.0|12141.0|13956.0|14711.0
 2014|F4641|40-44|W|DEN|2203|455|1748.0|3545.0|5283.0|7036.0|7410.0|8764.0|10497.0|12222.0|13964.0|14709.0
 2014|F2343|35-39|W|POR|2202|389|1622.0|3204.0|4825.0|6459.0|6816.0|8170.0|9978.0|11793.0|13887.0|14709.0
 2014|F2907|40-44|W|POR|2201|454|1621.0|3203.0|4822.0|6457.0|6814.0|8170.0|9978.0|11789.0|13887.0|14709.0
 2014|F6027|35-39|W|JPN|2200|388|1554.0|3188.0|4809.0|6461.0|6829.0|8232.0|10080.0|11969.0|13882.0|14708.0
 2014|F4217|50-54|W|GBR|2199|175|1675.0|3362.0|5155.0|6817.0|7182.0|8544.0|10260.0|12027.0|13844.0|14708.0
 2014|F7422|40-44|W|GER|2198|453|1589.0|3177.0|4785.0|6382.0|6731.0|8061.0|10100.0|11960.0|13794.0|14707.0
 2014|F3461|H|W|GBR|2197|334|1770.0|3496.0|5240.0|7004.0|7383.0|8769.0|10462.0|12158.0|13962.0|14707.0
 2014|F2321|45-49|W|GER|2196|374|1719.0|3408.0|5100.0|6810.0|7183.0|8527.0|10270.0|12029.0|13885.0|14706.0
 2014|F2659|30-34|W|IRI|2195|374|1658.0|3363.0|5037.0|6714.0|7070.0|8374.0|10125.0|11969.0|13876.0|14705.0
 2014|F1166|H|W|GER|2194|333|1758.0|3507.0|5255.0|7044.0|7415.0|8759.0|10474.0|12173.0|13923.0|14705.0
 2014|F4328|H|W|DEN|2193|332|1746.0|3471.0|5150.0|6843.0|7215.0|8564.0|10282.0|12038.0|13891.0|14702.0
 2014|F4857|40-44|W|NED|2192|452|1788.0|3556.0|5318.0|7083.0|7462.0|8811.0|10524.0|12235.0|13960.0|14699.0
 2014|F3101|50-54|W|GER|2191|174|1713.0|3414.0|5112.0|6860.0|7232.0|8590.0|10371.0|12143.0|13931.0|14698.0
 2014|F8964|30-34|W|GER|2190|373|1670.0|3357.0|5044.0|6732.0|7108.0|8449.0|10239.0|12027.0|13862.0|14696.0
 2014|F2890|45-49|W|USA|2189|373|1788.0|3545.0|5249.0|6974.0|7345.0|8707.0|10443.0|12177.0|13942.0|14694.0
 2014|F7389|40-44|W|FIN|2188|451|1700.0|3414.0|5100.0|6800.0|7169.0|8567.0|10350.0|12132.0|13929.0|14694.0
 2014|F1416|35-39|W|NOR|2187|387|1629.0|3331.0|4976.0|6675.0|7046.0|8387.0|10163.0|11969.0|13849.0|14692.0
 2014|F3502|H|W|GER|2186|331|1762.0|3525.0|5263.0|6992.0|7366.0|8696.0|10442.0|12167.0|13919.0|14692.0
 2014|F9644|55-59|W|PER|2185|71|1703.0|3410.0|5118.0|6853.0|7235.0|8636.0|10397.0|12127.0|13920.0|14691.0
 2014|F637|45-49|W|GBR|2184|372|1724.0|3440.0|5136.0|6845.0|7210.0|8596.0|10389.0|12131.0|13896.0|14690.0
 2014|F2015|35-39|W|ESP|2183|386|1811.0|3578.0|5364.0|7142.0|7518.0|8899.0|10612.0|12304.0|13986.0|14690.0
 2014|F8197|H|W|CRC|2182|330|1790.0|3613.0|5383.0|7144.0|7525.0|8862.0|10549.0|12218.0|13932.0|14689.0
 2014|F5427|H|W|RUS|2181|329|1676.0|3321.0|4963.0|6625.0|6994.0|8352.0|10172.0|11957.0|13855.0|14688.0
 2014|F3793|45-49|W|GER|2180|371|1759.0|3433.0|5088.0|6772.0|7141.0|8504.0|10260.0|12040.0|13860.0|14688.0
 2014|F7155|40-44|W|AUT|2179|450|1418.0|2820.0|4241.0|6216.0|6919.0|8670.0|10474.0|12232.0|13996.0|14687.0
 2014|F2985|45-49|W|SVK|2178|370|1634.0|3321.0|5013.0|6745.0|7129.0|8499.0|10286.0|12051.0|13893.0|14687.0
 2014|F3084|40-44|W|GER|2177|449|1733.0|3500.0|5235.0|6926.0|7284.0|8635.0|10383.0|12115.0|13941.0|14686.0
 2014|F1271|30-34|W|GER|2176|372|1546.0|3111.0|4726.0|6353.0|6720.0|8110.0|10021.0|12053.0|14028.0|14684.0
 2014|F4566|40-44|W|USA|2175|448|1704.0|3362.0|5039.0|6723.0|7093.0|8447.0|10224.0|12029.0|13867.0|14683.0
 2014|F2054|40-44|W|GER|2174|447|1717.0|3438.0|5147.0|6863.0|7230.0|8592.0|10367.0|12125.0|13884.0|14683.0
 2014|F7991|30-34|W|USA|2173|371|1610.0|3246.0|4872.0|6567.0|6936.0|8298.0|10057.0|11892.0|13840.0|14682.0
 2014|F550|40-44|W|DEN|2172|446|1657.0|3416.0|5112.0|6812.0|7181.0|8581.0|10379.0|12143.0|13935.0|14680.0
 2014|F4357|40-44|W|DEN|2171|445|1622.0|3271.0|4916.0|6566.0|6929.0|8254.0|9999.0|11829.0|13814.0|14679.0
 2014|F6713|H|W|DEN|2170|328|1623.0|3299.0|5024.0|6740.0|7110.0|8501.0|10289.0|12100.0|13930.0|14679.0
 2014|F8382|35-39|W|GER|2169|385|1588.0|3261.0|4920.0|6631.0|7009.0|8383.0|10146.0|11957.0|13857.0|14677.0
 2014|F4175|45-49|W|NED|2168|369|1644.0|3308.0|4948.0|6600.0|6964.0|8294.0|10089.0|11891.0|13811.0|14677.0
 2014|F2757|30-34|W|GER|2167|370|1667.0|3356.0|5053.0|6777.0|7153.0|8535.0|10295.0|12032.0|13878.0|14676.0
 2014|F2508|50-54|W|GER|2166|173|1730.0|3461.0|5307.0|7025.0|7397.0|8756.0|10526.0|12223.0|13959.0|14675.0
 2014|F3827|45-49|W|USA|2165|368|1629.0|3353.0|5157.0|6877.0|7253.0|8649.0|10550.0|12243.0|13966.0|14672.0
 2014|F2605|45-49|W|TUR|2164|367|1819.0|3577.0|5280.0|6983.0|7351.0|8691.0|10443.0|12140.0|13895.0|14671.0
 2014|F2081|35-39|W|DEN|2163|384|1618.0|3262.0|4889.0|6546.0|6905.0|8260.0|10024.0|11858.0|13802.0|14670.0
 2014|F7309|40-44|W|AUT|2162|444|1674.0|3373.0|5036.0|6700.0|7065.0|8427.0|10202.0|12054.0|13912.0|14669.0
 2014|F731|H|W|ESP|2161|327|1623.0|3253.0|4859.0|6487.0|6844.0|8129.0|9790.0|11451.0|13773.0|14669.0
 2014|F6356|35-39|W|SWE|2160|383|1670.0|3401.0|5129.0|6865.0|7232.0|8600.0|10362.0|12097.0|13893.0|14669.0
 2014|F9678|30-34|W|BEL|2159|369|1752.0|3520.0|5295.0|7056.0|7438.0|8799.0|10529.0|12246.0|13950.0|14669.0
 2014|F1839|50-54|W|USA|2158|172|1753.0|3487.0|5202.0|6923.0|7288.0|8624.0|10338.0|12078.0|13898.0|14669.0
 2014|F4307|40-44|W|NOR|2157|443|1729.0|3447.0|5162.0|6863.0|7235.0|8602.0|10270.0|11980.0|13803.0|14668.0
 2014|F4768|40-44|W|AUT|2156|442|1668.0|3340.0|5002.0|6692.0|7057.0|8410.0|10194.0|12014.0|13869.0|14667.0
 2014|F6214|45-49|W|MEX|2155|366|1688.0|3346.0|4996.0|6715.0|7094.0|8514.0|10338.0|12099.0|13910.0|14667.0
 2014|F4252|H|W|DEN|2154|326|1726.0|3466.0|5199.0|6942.0|7325.0|8705.0|10446.0|12177.0|13929.0|14665.0
 2014|F4715|45-49|W|GER|2153|365|1605.0|3184.0|4826.0|6501.0|6863.0|8231.0|10227.0|12222.0|13906.0|14665.0
 2014|F823|40-44|W|SWE|2152|441|1664.0|3269.0|5025.0|6663.0|7028.0|8368.0|10162.0|12062.0|13897.0|14664.0
 2014|F3149|35-39|W|LAT|2151|382|1583.0|3214.0|4835.0|6515.0|6900.0|8356.0|10167.0|12024.0|13874.0|14664.0
 2014|F9191|45-49|W|GER|2150|364|1641.0|3305.0|4965.0|6657.0|7025.0|8403.0|10141.0|11936.0|13854.0|14663.0
 2014|F5937|35-39|W|GER|2149|381|1491.0|3028.0|4710.0|6368.0|6727.0|8134.0|10032.0|11913.0|13871.0|14661.0
 2014|F627|45-49|W|DEN|2148|363|1769.0|3501.0|5220.0|6954.0|7324.0|8682.0|10437.0|12160.0|13923.0|14661.0
 2014|F7671|35-39|W|GER|2147|380|1731.0|3490.0|5222.0|6965.0|7341.0|8727.0|10486.0|12221.0|13943.0|14661.0
 2014|F799|40-44|W|USA|2146|440|1655.0|3397.0|5141.0|6863.0|7236.0|8586.0|10293.0|12085.0|13871.0|14660.0
 2014|F2338|50-54|W|ITA|2145|171|1718.0|3387.0|5083.0|6762.0|7131.0|8499.0|10267.0|12028.0|13851.0|14660.0
 2014|F6926|35-39|W|ITA|2144|379|1590.0|3226.0|4890.0|6623.0|6991.0|8409.0|10225.0|12077.0|13907.0|14660.0
 2014|F7100|H|W|GBR|2143|325|1674.0|3363.0|5039.0|6723.0|7094.0|8423.0|10126.0|11937.0|13835.0|14659.0
 2014|F4706|45-49|W|GER|2141|362|1784.0|3565.0|5316.0|7058.0|7434.0|8813.0|10605.0|12315.0|13936.0|14659.0
 2014|F3174|50-54|W|GER|2141|170|1716.0|3417.0|5104.0|6812.0|7181.0|8543.0|10305.0|12016.0|13857.0|14659.0
 2014|F2926|50-54|W|GER|2140|169|1695.0|3371.0|5056.0|6732.0|7100.0|8479.0|10308.0|12109.0|13896.0|14658.0
 2014|F2166|35-39|W|VEN|2139|378|1765.0|3511.0|5256.0|7011.0|7376.0|8705.0|10416.0|12132.0|13885.0|14657.0
 2014|F1131|50-54|W|GER|2138|168|1560.0|3200.0|4883.0|6601.0|7012.0|8404.0|10232.0|12008.0|13849.0|14657.0
 2014|F2106|H|W|GBR|2137|324|1712.0|3440.0|5177.0|6944.0|7324.0|8699.0|10470.0|12213.0|13928.0|14656.0
 2014|F6084|35-39|W|MEX|2136|377|1658.0|3345.0|5046.0|6793.0|7175.0|8538.0|10269.0|12009.0|13831.0|14654.0
 2014|F7660|30-34|W|GER|2135|368|1782.0|3506.0|5249.0|7015.0|7402.0|8774.0|10511.0|12236.0|13958.0|14653.0
 2014|F518|35-39|W|MEX|2134|376|1540.0|3131.0|4879.0|6631.0|7013.0|8448.0|10253.0|11975.0|13843.0|14653.0
 2014|F3619|45-49|W|BRA|2133|361|1598.0|3195.0|4842.0|6513.0|6880.0|8231.0|10036.0|11930.0|13861.0|14653.0
 2014|F7417|45-49|W|BRA|2132|360|1607.0|3200.0|4841.0|6528.0|6877.0|8202.0|9944.0|11892.0|13860.0|14652.0
 2014|F6182|50-54|W|USA|2131|167|1783.0|3500.0|5201.0|6904.0|7282.0|8646.0|10391.0|12139.0|13884.0|14649.0
 2014|F3300|45-49|W|GER|2130|359|1801.0|3457.0|5154.0|6974.0|7349.0|8689.0|10394.0|12116.0|13892.0|14649.0
 2014|F7777|H|W|GER|2129|323|1647.0|3317.0|4983.0|6661.0|7032.0|8384.0|10196.0|12004.0|13895.0|14646.0
 2014|F3148|H|W|GER|2128|322|1494.0|2988.0|4496.0|6016.0|6348.0|7644.0|9541.0|11414.0|13776.0|14646.0
 2014|F7272|45-49|W|SWE|2127|358|1785.0|3549.0|5240.0|6913.0|7298.0|8637.0|10387.0|12104.0|13908.0|14645.0
 2014|F1381|30-34|W|AUT|2126|367|1665.0|3290.0|4915.0|6578.0|6931.0|8282.0|10056.0|11896.0|13808.0|14645.0
 2014|F8619|30-34|W|GBR|2125|366|1617.0|3259.0|4947.0|6644.0|7020.0|8416.0|10240.0|12089.0|13910.0|14645.0
 2014|F530|65-69|W|CAN|2124|2|1759.0|3529.0|5294.0|7049.0|7434.0|8828.0|10579.0|12280.0|13950.0|14645.0
 2014|F248|40-44|W|GER|2123|439|1652.0|3364.0|5100.0|6829.0|7200.0|8530.0|10287.0|12059.0|13860.0|14644.0
 2014|F5534|45-49|W|GER|2122|357|1614.0|3200.0|4786.0|6393.0|6750.0|8110.0|9908.0|11763.0|13735.0|14643.0
 2014|F3830|40-44|W|GER|2121|438|1614.0|3219.0|4828.0|6444.0|6796.0|8111.0|9885.0|11761.0|13846.0|14641.0
 2014|F2947|45-49|W|GER|2120|356|1597.0|3193.0|4774.0|6385.0|6731.0|8017.0|9803.0|11714.0|13765.0|14640.0
 2014|F7897|50-54|W|GER|2119|166|1541.0|3129.0|4715.0|6386.0|6770.0|8226.0|10006.0|11835.0|13766.0|14640.0
 2014|F5040|H|W|AUT|2118|321|1699.0|3351.0|5019.0|6705.0|7076.0|8459.0|10223.0|12074.0|13878.0|14640.0
 2014|F6922|35-39|W|FRA|2117|375|1704.0|3386.0|5072.0|6753.0|7122.0|8476.0|10237.0|11980.0|13840.0|14639.0
 2014|F8946|H|W|BEL|2116|320|1734.0|3425.0|5109.0|6806.0|7322.0|8624.0|10333.0|12082.0|13894.0|14637.0
 2014|F876|35-39|W|ISL|2115|374|1608.0|3207.0|4890.0|6566.0|6937.0|8308.0|10145.0|11994.0|13845.0|14637.0
 2014|F9475|50-54|W|JPN|2114|165|1556.0|3076.0|4600.0|6127.0|6467.0|7704.0|9515.0|11663.0|13852.0|14636.0
 2014|F4690|45-49|W|GER|2113|355|1712.0|3385.0|5017.0|6755.0|7119.0|8531.0|10358.0|12095.0|13866.0|14635.0
 2014|F366|45-49|W|GER|2112|354|1551.0|3156.0|4772.0|6422.0|6775.0|8122.0|9889.0|11793.0|13798.0|14635.0
 2014|F6080|40-44|W|MEX|2111|437|1609.0|3244.0|4902.0|6599.0|6965.0|8325.0|10129.0|11931.0|13786.0|14632.0
 2014|F2094|35-39|W|USA|2110|373|1641.0|3291.0|4975.0|6698.0|7070.0|8438.0|10230.0|11967.0|13859.0|14632.0
 2014|F2314|40-44|W|GER|2109|436|1792.0|3566.0|5297.0|7032.0|7411.0|8761.0|10486.0|12211.0|13915.0|14631.0
 2014|F3329|H|W|GER|2108|319|1663.0|3383.0|5084.0|6795.0|7156.0|8542.0|10321.0|12063.0|13840.0|14630.0
 2014|F3903|35-39|W|GER|2106|371|1689.0|3368.0|5029.0|6694.0|7064.0|8404.0|10175.0|12004.0|13836.0|14630.0
 2014|F8480|35-39|W|SWE|2106|371|1711.0|3404.0|5104.0|6813.0|7181.0|8527.0|10295.0|12079.0|13885.0|14630.0
 2014|F6477|H|W|DEN|2105|318|1687.0|3388.0|5038.0|6693.0|7057.0|8377.0|10148.0|11971.0|13834.0|14628.0
 2014|F2460|35-39|W|GER|2104|370|1685.0|3356.0|5072.0|6803.0|7181.0|8577.0|10349.0|12120.0|13920.0|14627.0
 2014|F1750|40-44|W|COL|2103|435|1618.0|3235.0|4918.0|6551.0|6918.0|8265.0|10034.0|11857.0|13796.0|14626.0
 2014|F7174|40-44|W|GER|2102|434|1688.0|3469.0|5131.0|6821.0|7195.0|8558.0|10335.0|12071.0|13833.0|14625.0
 2014|F5713|40-44|W|GER|2101|433|1690.0|3385.0|5065.0|6760.0|7134.0|8499.0|10282.0|12085.0|13891.0|14623.0
 2014|F2108|30-34|W|GBR|2100|365|1612.0|3228.0|4861.0|6544.0|6913.0|8300.0|10109.0|11953.0|13813.0|14623.0
 2014|F7826|30-34|W|GER|2099|364|1603.0|3264.0|4907.0|6563.0|6931.0|8299.0|10042.0|11884.0|13833.0|14622.0
 2014|F6237|35-39|W|GBR|2098|369|1666.0|3335.0|4995.0|6675.0|7044.0|8376.0|10129.0|11934.0|13803.0|14621.0
 2014|F6980|30-34|W|GBR|2097|363|1720.0|3445.0|5148.0|6808.0|7178.0|8507.0|10217.0|11963.0|13826.0|14620.0
 2014|F2327|35-39|W|ESP|2096|368|1734.0|3483.0|5208.0|6925.0|7295.0|8648.0|10382.0|12109.0|13856.0|14619.0
 2014|F8776|35-39|W|SWE|2094|366|1652.0|3307.0|4979.0|6664.0|7028.0|8393.0|10167.0|11994.0|13827.0|14619.0
 2014|F6579|35-39|W|NOR|2094|366|1672.0|3409.0|5269.0|7052.0|7438.0|8840.0|10591.0|12213.0|13906.0|14619.0
 2014|F7456|50-54|W|FRA|2093|164|1762.0|3468.0|5149.0|6840.0|7205.0|8641.0|10348.0|12183.0|13883.0|14619.0
 2014|F8584|55-59|W|GER|2092|70|1632.0|3271.0|4894.0|6553.0|6922.0|8270.0|9999.0|11782.0|13784.0|14617.0
 2014|F5274|35-39|W|SLO|2091|365|1691.0|3379.0|5111.0|6772.0|7129.0|8466.0|10183.0|11934.0|13831.0|14617.0
 2014|F6068|45-49|W|NED|2090|353|1761.0|3453.0|5173.0|6918.0|7298.0|8647.0|10376.0|12134.0|13857.0|14616.0
 2014|F8070|45-49|W|COL|2089|352|1654.0|3313.0|4979.0|6640.0|7009.0|8349.0|10104.0|11875.0|13732.0|14616.0
 2014|F4122|30-34|W|GER|2088|362|1633.0|3334.0|4993.0|6713.0|7093.0|8473.0|10234.0|12027.0|13833.0|14615.0
 2014|F1581|40-44|W|DEN|2086|432|1640.0|3263.0|4913.0|6568.0|6935.0|8284.0|10049.0|11876.0|13797.0|14612.0
 2014|F4915|H|W|RUS|2086|317|1539.0|3112.0|4731.0|6424.0|6800.0|8183.0|10018.0|11908.0|13832.0|14612.0
 2014|F1633|30-34|W|GER|2085|361|1735.0|3409.0|5106.0|6830.0|7209.0|8581.0|10359.0|12080.0|13869.0|14611.0
 2014|F7311|40-44|W|GER|2084|431|1521.0|3092.0|4737.0|6443.0|6815.0|8161.0|9869.0|11654.0|13693.0|14610.0
 2014|F4853|40-44|W|DEN|2083|430|1730.0|3433.0|5135.0|6848.0|7222.0|8605.0|10350.0|12102.0|13835.0|14605.0
 2014|F525|35-39|W|GER|2082|364|1709.0|3451.0|5164.0|6887.0|7254.0|8616.0|10339.0|12046.0|13796.0|14605.0
 2014|F1690|40-44|W|ESP|2081|429|1736.0|3478.0|5307.0|6964.0|7324.0|8592.0|10261.0|12033.0|13832.0|14605.0
 2014|F3699|50-54|W|GER|2080|163|1619.0|3303.0|4986.0|6688.0|7069.0|8521.0|10321.0|12073.0|13858.0|14603.0
 2014|F3831|40-44|W|GER|2079|428|1830.0|3640.0|5375.0|7109.0|7485.0|8846.0|10588.0|12225.0|13866.0|14601.0
 2014|F3113|H|W|FRA|2078|316|1637.0|3293.0|4968.0|6654.0|7025.0|8382.0|10149.0|11932.0|13771.0|14601.0
 2014|F7003|40-44|W|GER|2077|427|1636.0|3293.0|4937.0|6600.0|6963.0|8312.0|10098.0|11907.0|13778.0|14600.0
 2014|F2353|50-54|W|GBR|2076|162|1632.0|3269.0|4904.0|6591.0|6966.0|8288.0|10054.0|11868.0|13783.0|14600.0
 2014|F8263|40-44|W|GER|2075|426|1680.0|3383.0|5106.0|6807.0|7167.0|8526.0|10337.0|12052.0|13797.0|14600.0
 2014|F4725|50-54|W|GER|2074|161|1692.0|3411.0|5141.0|6854.0|7219.0|8585.0|10332.0|12069.0|13830.0|14598.0
 2014|F1040|50-54|W|NED|2073|160|1694.0|3399.0|5114.0|6791.0|7155.0|8532.0|10278.0|12041.0|13839.0|14597.0
 2014|F6681|35-39|W|RUS|2072|363|1684.0|3333.0|4972.0|6622.0|6987.0|8319.0|10070.0|11881.0|13817.0|14596.0
 2014|F9395|35-39|W|GER|2071|362|1784.0|3565.0|5320.0|7059.0|7434.0|8826.0|10604.0|12315.0|13923.0|14595.0
 2014|F2902|55-59|W|SUI|2070|69|1572.0|3157.0|4758.0|6398.0|6758.0|8125.0|9909.0|11779.0|13749.0|14595.0
 2014|F6829|45-49|W|NED|2069|351|1667.0|3331.0|5007.0|6693.0|7054.0|8422.0|10147.0|11920.0|13815.0|14594.0
 2014|F1768|45-49|W|MEX|2068|350|1732.0|3449.0|5149.0|6888.0|7271.0|8669.0|10435.0|12152.0|13856.0|14592.0
 2014|F2194|35-39|W|MEX|2067|361|1711.0|3413.0|5120.0|6853.0|7220.0|8646.0|10437.0|12164.0|13887.0|14592.0
 2014|F7338|35-39|W|MEX|2066|360|1719.0|3440.0|5118.0|6811.0|7174.0|8539.0|10352.0|12114.0|13857.0|14591.0
 2014|F1735|40-44|W|GER|2065|425|1660.0|3329.0|4989.0|6664.0|7031.0|8438.0|10197.0|11978.0|13807.0|14590.0
 2014|F6233|35-39|W|POL|2064|359|1701.0|3421.0|5156.0|6914.0|7272.0|8580.0|10264.0|12047.0|13845.0|14590.0
 2014|F1285|H|W|GER|2063|315|1741.0|3440.0|5099.0|6746.0|7105.0|8435.0|10178.0|11937.0|13787.0|14589.0
 2014|F8803|35-39|W|ITA|2062|358|1576.0|3189.0|4811.0|6495.0|6862.0|8248.0|10045.0|11871.0|13782.0|14589.0
 2014|F6064|35-39|W|ESP|2061|357|1774.0|3483.0|5213.0|7031.0|7423.0|8884.0|10657.0|12300.0|13909.0|14588.0
 2014|F2026|30-34|W|GBR|2060|360|1662.0|3311.0|4945.0|6585.0|6946.0|8279.0|10069.0|11854.0|13685.0|14586.0
 2014|F3421|45-49|W|GER|2059|349|1634.0|3313.0|5018.0|6764.0|7130.0|8483.0|10232.0|12014.0|13796.0|14586.0
 2014|F2627|35-39|W|MEX|2058|356|1665.0|3308.0|4971.0|6697.0|7067.0|8419.0|10175.0|11953.0|13786.0|14584.0
 2014|F7872|45-49|W|SUI|2057|348|1626.0|3278.0|4959.0|6683.0|7051.0|8403.0|10233.0|12016.0|13800.0|14581.0
 2014|F7139|45-49|W|GER|2056|347|1662.0|3319.0|4983.0|6649.0|7011.0|8383.0|10221.0|12054.0|13857.0|14581.0
 2014|F2019|35-39|W|SUI|2055|355|1472.0|2951.0|4492.0|6141.0|6501.0|7908.0|9901.0|11815.0|13776.0|14580.0
 2014|F7388|H|W|GER|2054|314|1613.0|3260.0|4897.0|6558.0|6921.0|8304.0|10048.0|11851.0|13705.0|14578.0
 2014|F7387|45-49|W|GER|2053|346|1614.0|3261.0|4930.0|6566.0|6922.0|8310.0|10048.0|11852.0|13706.0|14578.0
 2014|F1541|30-34|W|ISL|2052|359|1648.0|3299.0|4968.0|6674.0|7054.0|8422.0|10160.0|11962.0|13826.0|14578.0
 2014|F4574|45-49|W|GER|2051|345|1636.0|3284.0|4951.0|6657.0|7031.0|8407.0|10188.0|11972.0|13784.0|14576.0
 2014|F5963|40-44|W|NOR|2050|424|1696.0|3384.0|5080.0|6789.0|7146.0|8525.0|10311.0|12047.0|13801.0|14574.0
 2014|F5683|45-49|W|ESP|2049|344|1863.0|3684.0|5351.0|7026.0|7374.0|8650.0|10330.0|12056.0|13798.0|14572.0
 2014|F2633|45-49|W|CHI|2048|343|1658.0|3323.0|4965.0|6614.0|6981.0|8303.0|10041.0|11816.0|13661.0|14571.0
 2014|F5808|H|W|GBR|2047|313|1714.0|3369.0|5072.0|6805.0|7181.0|8565.0|10300.0|12059.0|13817.0|14571.0
 2014|F2282|35-39|W|AUT|2046|354|1714.0|3454.0|5169.0|6870.0|7237.0|8583.0|10312.0|12058.0|13805.0|14569.0
 2014|F8202|40-44|W|DEN|2045|423|1814.0|3514.0|5165.0|6831.0|7198.0|8504.0|10216.0|11938.0|13742.0|14569.0
 2014|F581|30-34|W|MEX|2044|358|2196.0|4562.0|6970.0|9861.0|NaN|NaN|NaN|NaN|12996.0|14568.0
 2014|F2525|45-49|W|SWE|2043|342|1669.0|3348.0|5056.0|6786.0|7164.0|8530.0|10315.0|12084.0|13824.0|14567.0
 2014|F3251|30-34|W|ITA|2042|357|1691.0|3405.0|5147.0|6857.0|7222.0|8586.0|10322.0|12047.0|13813.0|14565.0
 2014|F7405|45-49|W|ITA|2041|341|1651.0|3337.0|5089.0|6914.0|7289.0|8695.0|10479.0|12199.0|13861.0|14565.0
 2014|F5004|30-34|W|GER|2040|356|1602.0|3236.0|4880.0|6590.0|6969.0|8382.0|10203.0|12034.0|13832.0|14564.0
 2014|F5897|50-54|W|ITA|2039|159|1576.0|3156.0|4759.0|6385.0|6745.0|8068.0|9815.0|11670.0|13659.0|14564.0
 2014|F2322|40-44|W|AUT|2038|422|1762.0|3536.0|5280.0|6988.0|7364.0|8735.0|10470.0|12145.0|13844.0|14563.0
 2014|F8874|35-39|W|GER|2037|353|1631.0|3272.0|4925.0|6585.0|6951.0|8294.0|10047.0|11848.0|13739.0|14563.0
 2014|F6185|40-44|W|NED|2036|421|1797.0|3513.0|5213.0|6939.0|7310.0|8658.0|10366.0|12084.0|13811.0|14561.0
 2014|F9033|50-54|W|NED|2035|158|1797.0|3513.0|5213.0|6939.0|7311.0|8659.0|10367.0|12084.0|13811.0|14561.0
 2014|F2852|40-44|W|DEN|2034|420|1673.0|3325.0|4961.0|6611.0|6973.0|8279.0|9986.0|11706.0|13605.0|14560.0
 2014|F3116|40-44|W|RUS|2033|419|1683.0|3381.0|5061.0|6739.0|7104.0|8431.0|10151.0|11889.0|13776.0|14560.0
 2014|F1923|45-49|W|CHI|2032|340|1716.0|3432.0|5121.0|6804.0|7174.0|8522.0|10250.0|11956.0|13718.0|14560.0
 2014|F1345|45-49|W|GER|2031|339|1703.0|3367.0|5054.0|6737.0|7102.0|8438.0|10207.0|11952.0|13763.0|14558.0
 2014|F7859|40-44|W|GER|2030|418|1553.0|3107.0|4700.0|6316.0|6675.0|8065.0|9989.0|11854.0|13809.0|14557.0
 2014|F7699|40-44|W|GER|2029|417|1748.0|3477.0|5206.0|6904.0|7269.0|8613.0|10367.0|12106.0|13811.0|14556.0
 2014|F5157|50-54|W|DEN|2028|157|1679.0|3351.0|5042.0|6690.0|7053.0|8407.0|10180.0|11971.0|13737.0|14556.0
 2014|F4831|35-39|W|FIN|2027|352|1601.0|3274.0|4985.0|6672.0|7039.0|8430.0|10227.0|11993.0|13822.0|14556.0
 2014|F3482|45-49|W|USA|2025|338|1624.0|3260.0|4918.0|6582.0|6952.0|8308.0|10103.0|11906.0|13782.0|14556.0
 2014|F6876|35-39|W|GER|2025|351|1530.0|3087.0|4699.0|6347.0|6719.0|8141.0|10023.0|11850.0|13755.0|14556.0
 2014|F8161|30-34|W|USA|2024|355|1684.0|3382.0|5098.0|6799.0|7158.0|8499.0|10262.0|12042.0|13792.0|14555.0
 2014|F6712|30-34|W|DEN|2023|354|1705.0|3381.0|5025.0|6683.0|7048.0|8402.0|10136.0|11928.0|13779.0|14555.0
 2014|F3014|35-39|W|GBR|2022|350|1602.0|3205.0|4806.0|6464.0|6824.0|8152.0|9966.0|11830.0|13698.0|14555.0
 2014|F1036|30-34|W|NED|2021|353|1614.0|3290.0|4975.0|6692.0|7143.0|8493.0|10251.0|12007.0|13773.0|14553.0
 2014|F4920|50-54|W|DEN|2020|156|1738.0|3476.0|5181.0|6878.0|7241.0|8584.0|10323.0|12032.0|13785.0|14552.0
 2014|F7170|40-44|W|GER|2019|416|1642.0|3334.0|5035.0|6743.0|7113.0|8468.0|10197.0|11951.0|13773.0|14551.0
 2014|F9155|35-39|W|GER|2018|349|1774.0|3515.0|5238.0|6974.0|7363.0|8746.0|10507.0|12254.0|13877.0|14549.0
 2014|F2442|50-54|W|CAN|2017|155|1597.0|3200.0|4807.0|6448.0|6809.0|8150.0|9916.0|11764.0|13709.0|14548.0
 2014|F4547|35-39|W|GER|2016|348|1774.0|3506.0|5200.0|6921.0|7297.0|8634.0|10384.0|12078.0|13804.0|14547.0
 2014|F7514|30-34|W|GBR|2015|352|1743.0|3460.0|5146.0|6844.0|7217.0|8558.0|10269.0|11971.0|13779.0|14546.0
 2014|F4096|40-44|W|GER|2014|415|1682.0|3373.0|5056.0|6738.0|7099.0|8460.0|10206.0|11948.0|13773.0|14544.0
 2014|F7217|30-34|W|GER|2013|351|1722.0|3453.0|5172.0|6888.0|7262.0|8574.0|10267.0|11951.0|13739.0|14544.0
 2014|F3873|50-54|W|NED|2012|154|1674.0|3378.0|5070.0|6768.0|7140.0|8488.0|10253.0|11991.0|13773.0|14544.0
 2014|F634|55-59|W|NED|2011|68|1702.0|3419.0|5172.0|6855.0|7215.0|8568.0|10290.0|12009.0|13782.0|14542.0
 2014|F2710|45-49|W|ARG|2010|337|1636.0|3287.0|4932.0|6699.0|7074.0|8422.0|10199.0|12047.0|13820.0|14539.0
 2014|F1401|40-44|W|NOR|2009|414|1684.0|3384.0|5077.0|6767.0|7132.0|8469.0|10211.0|11950.0|13763.0|14537.0
 2014|F6826|H|W|GER|2008|312|1795.0|3539.0|5212.0|6901.0|7264.0|8648.0|10371.0|12086.0|13855.0|14536.0
 2014|F7959|30-34|W|GER|2007|350|1583.0|3203.0|4874.0|6535.0|6892.0|8246.0|9984.0|11764.0|13671.0|14534.0
 2014|F2476|40-44|W|DEN|2006|413|1645.0|3317.0|4978.0|6651.0|7006.0|8408.0|10143.0|11971.0|13775.0|14534.0
 2014|F8469|45-49|W|AUT|2005|336|1725.0|3456.0|5154.0|6884.0|7260.0|8618.0|10365.0|12074.0|13783.0|14531.0
 2014|F8674|40-44|W|NOR|2004|412|1700.0|3402.0|5032.0|6689.0|7056.0|8390.0|10123.0|11861.0|13712.0|14530.0
 2014|F7313|40-44|W|VEN|2003|411|1478.0|3022.0|4614.0|6273.0|6643.0|8023.0|9827.0|11697.0|13671.0|14529.0
 2014|F3558|50-54|W|GER|2002|153|1574.0|3190.0|4856.0|6530.0|6899.0|8328.0|10173.0|11978.0|13810.0|14527.0
 2014|F8823|45-49|W|GER|2001|335|1787.0|3547.0|5288.0|7001.0|7372.0|8741.0|10460.0|12102.0|13777.0|14526.0
 2014|F2224|45-49|W|GER|2000|334|1615.0|3272.0|4933.0|6598.0|6960.0|8314.0|10142.0|11972.0|13769.0|14526.0
 2014|F4306|45-49|W|GER|1999|333|1701.0|3411.0|5111.0|6816.0|7180.0|8557.0|10326.0|12032.0|13772.0|14526.0
 2014|F4482|45-49|W|FIN|1998|332|1676.0|3328.0|5035.0|6710.0|7070.0|8415.0|10128.0|11854.0|13630.0|14524.0
 2014|F3973|40-44|W|GBR|1997|410|1684.0|3278.0|4892.0|6560.0|6925.0|8273.0|10083.0|11907.0|13754.0|14523.0
 2014|F6931|35-39|W|USA|1996|347|1819.0|3621.0|5314.0|7031.0|7392.0|8740.0|10516.0|12172.0|13846.0|14521.0
 2014|F9603|45-49|W|GER|1995|331|1641.0|3282.0|4954.0|6651.0|7013.0|8331.0|10071.0|11839.0|13729.0|14520.0
 2014|F5002|45-49|W|GER|1994|330|1593.0|3232.0|4882.0|6514.0|6879.0|8258.0|10080.0|11881.0|13708.0|14519.0
 2014|F3634|35-39|W|NED|1993|346|1655.0|3299.0|4962.0|6661.0|7031.0|8407.0|10163.0|11936.0|13769.0|14518.0
 2014|F4392|H|W|POL|1992|311|1661.0|3346.0|4988.0|6651.0|7018.0|8381.0|10147.0|11911.0|13732.0|14517.0
 2014|F5761|50-54|W|CHI|1991|152|1616.0|3244.0|4891.0|6555.0|6921.0|8246.0|10004.0|11852.0|13780.0|14516.0
 2014|F7435|30-34|W|IRL|1990|349|1614.0|3285.0|4946.0|6665.0|7040.0|8368.0|10101.0|11837.0|13689.0|14515.0
 2014|F5541|40-44|W|GER|1989|409|1691.0|3364.0|5059.0|6758.0|7148.0|8547.0|10312.0|12057.0|13807.0|14515.0
 2014|F2302|H|W|GBR|1988|310|1828.0|3571.0|5279.0|6993.0|7360.0|8699.0|10379.0|12050.0|13761.0|14514.0
 2014|F7668|40-44|W|GER|1987|408|1702.0|3389.0|5060.0|6734.0|7092.0|8442.0|10189.0|11903.0|13703.0|14513.0
 2014|F5644|40-44|W|CHI|1986|407|1657.0|3292.0|4915.0|6560.0|6915.0|8301.0|10017.0|11861.0|13676.0|14512.0
 2014|F1846|40-44|W|DEN|1985|406|1648.0|3286.0|4970.0|6689.0|7068.0|8386.0|10124.0|11884.0|13683.0|14512.0
 2014|F4863|H|W|GER|1984|309|1793.0|3533.0|5254.0|6979.0|7346.0|8695.0|10434.0|12130.0|13804.0|14507.0
 2014|F9144|H|W|GBR|1983|308|1735.0|3467.0|5162.0|6847.0|7212.0|8552.0|10292.0|12036.0|13762.0|14503.0
 2014|F2419|H|W|AUS|1982|307|1647.0|3303.0|4987.0|6679.0|7054.0|8584.0|10333.0|12068.0|13776.0|14503.0
 2014|F4520|40-44|W|AUS|1981|405|1486.0|3025.0|4572.0|6182.0|6528.0|7986.0|9750.0|11598.0|13607.0|14500.0
 2014|F4560|55-59|W|NED|1980|67|1815.0|3565.0|5235.0|6926.0|7292.0|8625.0|10377.0|12092.0|13776.0|14500.0
 2014|F1666|30-34|W|BRA|1979|348|1745.0|3459.0|5153.0|6848.0|7214.0|8532.0|10268.0|11996.0|13767.0|14498.0
 2014|F4767|H|W|GER|1978|306|1686.0|3360.0|5043.0|6702.0|7066.0|8394.0|10123.0|11911.0|13706.0|14496.0
 2014|F5037|40-44|W|CAN|1977|404|1647.0|3298.0|4963.0|6619.0|6984.0|8308.0|10018.0|11759.0|13625.0|14496.0
 2014|F4260|40-44|W|AUS|1976|403|1738.0|3435.0|5126.0|6827.0|7196.0|8546.0|10271.0|12000.0|13738.0|14495.0
 2014|F9184|45-49|W|GER|1975|329|1701.0|3407.0|5061.0|6748.0|7109.0|8448.0|10189.0|11928.0|13716.0|14495.0
 2014|F3928|35-39|W|DEN|1974|345|1702.0|3378.0|5029.0|6696.0|7059.0|8422.0|10157.0|11947.0|13754.0|14492.0
 2014|F7585|45-49|W|MEX|1973|328|1701.0|3333.0|4947.0|6541.0|7107.0|8461.0|10292.0|12007.0|13768.0|14491.0
 2014|F9659|35-39|W|DEN|1972|344|1749.0|3481.0|5187.0|6927.0|7306.0|8658.0|10420.0|12164.0|13809.0|14490.0
 2014|F4821|30-34|W|GER|1971|347|1635.0|3358.0|5047.0|6737.0|7100.0|8519.0|10244.0|11942.0|13719.0|14490.0
 2014|F2897|40-44|W|DEN|1970|402|1731.0|3433.0|5134.0|6848.0|7222.0|8605.0|10349.0|12102.0|13770.0|14490.0
 2014|F5927|45-49|W|MEX|1969|327|1619.0|3249.0|4891.0|6559.0|6918.0|8302.0|10047.0|11852.0|13689.0|14489.0
 2014|F338|50-54|W|GER|1968|151|1565.0|3151.0|4752.0|6381.0|6737.0|8261.0|10081.0|11877.0|13688.0|14488.0
 2014|F7474|35-39|W|DEN|1967|343|1712.0|3470.0|5178.0|6911.0|7286.0|8637.0|10363.0|12065.0|13792.0|14487.0
 2014|F2229|55-59|W|GER|1966|66|1665.0|3351.0|5001.0|6658.0|7023.0|8369.0|10135.0|11896.0|13703.0|14486.0
 2014|F3517|50-54|W|DEN|1965|150|1657.0|3363.0|5051.0|6751.0|7122.0|8557.0|10380.0|12155.0|13827.0|14486.0
 2014|F8329|45-49|W|NED|1964|326|1647.0|3322.0|5028.0|6722.0|7096.0|8427.0|10141.0|11891.0|13690.0|14483.0
 2014|F5990|35-39|W|POL|1963|342|1749.0|3540.0|5287.0|7017.0|7381.0|8713.0|10420.0|12118.0|13765.0|14483.0
 2014|F3633|60-64|W|NED|1962|22|1676.0|3400.0|5070.0|6772.0|7143.0|8498.0|10239.0|11956.0|13709.0|14480.0
 2014|F5469|40-44|W|FRA|1961|401|1651.0|3302.0|4912.0|6529.0|6883.0|8189.0|9893.0|11589.0|13728.0|14479.0
 2014|F5214|45-49|W|SIN|1960|325|1675.0|3367.0|5067.0|6741.0|7111.0|8472.0|10197.0|11925.0|13696.0|14479.0
 2014|F1169|30-34|W|GBR|1959|346|1669.0|3304.0|4967.0|6661.0|7033.0|8363.0|10119.0|11899.0|13714.0|14479.0
 2014|F5388|H|W|GER|1958|305|1705.0|3403.0|5091.0|6773.0|7135.0|8475.0|10224.0|11929.0|13705.0|14477.0
 2014|F8071|H|W|BRA|1957|304|1683.0|3462.0|5140.0|6779.0|7118.0|8424.0|10135.0|11850.0|13796.0|14477.0
 2014|F3445|35-39|W|DEN|1956|341|1644.0|3375.0|5080.0|6828.0|7192.0|8585.0|10304.0|12046.0|13767.0|14477.0
 2014|F5569|50-54|W|GER|1955|149|1551.0|3152.0|4799.0|6488.0|6857.0|8226.0|10051.0|11832.0|13682.0|14477.0
 2014|F2727|45-49|W|ITA|1954|324|1619.0|3242.0|4849.0|6465.0|6825.0|8187.0|9980.0|11808.0|13685.0|14477.0
 2014|F4997|45-49|W|GER|1953|323|1642.0|3246.0|4852.0|6487.0|6847.0|8190.0|9927.0|11701.0|13627.0|14476.0
 2014|F2423|35-39|W|FRA|1952|340|1660.0|3283.0|4912.0|6573.0|6932.0|8317.0|10095.0|11827.0|13707.0|14475.0
 2014|F975|35-39|W|DEN|1951|339|1705.0|3381.0|5025.0|6684.0|7048.0|8401.0|10135.0|11926.0|13718.0|14473.0
 2014|F6434|H|W|ITA|1950|303|1816.0|3550.0|5257.0|6959.0|7321.0|8595.0|10293.0|11977.0|13732.0|14472.0
 2014|F1337|35-39|W|SWE|1949|338|1721.0|3425.0|5104.0|6820.0|7193.0|8581.0|10373.0|12102.0|13779.0|14470.0
 2014|F6276|50-54|W|GER|1948|148|1644.0|3379.0|5060.0|6765.0|7135.0|8488.0|10215.0|11901.0|13690.0|14469.0
 2014|F9325|50-54|W|NOR|1947|147|1664.0|3330.0|4962.0|6635.0|6990.0|8304.0|9980.0|11793.0|13710.0|14469.0
 2014|F4846|30-34|W|FIN|1946|345|1727.0|3385.0|5034.0|6688.0|7059.0|8404.0|10151.0|11919.0|13690.0|14467.0
 2014|F6629|40-44|W|ITA|1945|400|1746.0|3466.0|5133.0|6839.0|7203.0|8546.0|10249.0|11924.0|13694.0|14466.0
 2014|F1058|30-34|W|MAR|1944|344|1781.0|3506.0|5265.0|6996.0|7355.0|8744.0|10450.0|12159.0|13810.0|14466.0
 2014|F384|50-54|W|SUI|1943|146|1646.0|3313.0|4996.0|6682.0|7052.0|8389.0|10132.0|11871.0|13672.0|14466.0
 2014|F5123|35-39|W|NOR|1942|337|1615.0|3267.0|4980.0|6606.0|6977.0|8314.0|10021.0|11783.0|13653.0|14465.0
 2014|F8025|35-39|W|GBR|1941|336|1619.0|3267.0|4943.0|6621.0|6983.0|8359.0|10092.0|11873.0|13690.0|14465.0
 2014|F6657|30-34|W|GBR|1940|343|1670.0|3331.0|4990.0|6675.0|7038.0|8399.0|10159.0|11901.0|13751.0|14464.0
 2014|F7280|40-44|W|GER|1939|399|1667.0|3350.0|5029.0|6714.0|7074.0|8417.0|10156.0|11902.0|13684.0|14463.0
 2014|F6308|50-54|W|GER|1938|145|1517.0|3082.0|4646.0|6234.0|6578.0|7861.0|9546.0|11669.0|13614.0|14463.0
 2014|F6510|50-54|W|DEN|1937|144|1747.0|3465.0|5147.0|6830.0|7195.0|8539.0|10251.0|11947.0|13701.0|14462.0
 2014|F2153|40-44|W|NED|1936|398|1698.0|3389.0|5064.0|6781.0|7151.0|8475.0|10209.0|11969.0|13714.0|14460.0
 2014|F2242|40-44|W|GER|1935|397|1690.0|3363.0|5032.0|6695.0|7050.0|8688.0|10355.0|11984.0|13707.0|14460.0
 2014|F4072|40-44|W|DEN|1934|396|1651.0|3325.0|4973.0|6671.0|7038.0|8392.0|10114.0|11818.0|13641.0|14459.0
 2014|F9545|40-44|W|GER|1933|395|1720.0|3396.0|5071.0|6764.0|7130.0|8457.0|10174.0|11940.0|13700.0|14458.0
 2014|F4248|40-44|W|DEN|1932|394|1697.0|3396.0|5174.0|6886.0|7261.0|8614.0|10335.0|12009.0|13683.0|14454.0
 2014|F8592|35-39|W|MAR|1931|335|1697.0|3398.0|5093.0|6761.0|7123.0|8478.0|10209.0|11906.0|13677.0|14452.0
 2014|F8284|30-34|W|GBR|1930|342|1725.0|3430.0|5105.0|6752.0|7114.0|8469.0|10202.0|11898.0|13702.0|14451.0
 2014|F632|40-44|W|ESP|1929|393|1692.0|3335.0|5011.0|6716.0|7081.0|8418.0|10143.0|11867.0|13677.0|14451.0
 2014|F7153|30-34|W|GER|1928|341|1666.0|3330.0|4980.0|6664.0|7028.0|8349.0|10103.0|11921.0|13723.0|14451.0
 2014|F2456|35-39|W|SWE|1927|334|1715.0|3459.0|5181.0|6919.0|7286.0|8596.0|10292.0|11997.0|13736.0|14450.0
 2014|F4326|40-44|W|NOR|1926|392|1572.0|3184.0|4827.0|6510.0|6883.0|8255.0|10050.0|11834.0|13647.0|14449.0
 2014|F6568|H|W|GER|1925|302|1654.0|3332.0|5043.0|6721.0|7083.0|8416.0|10130.0|11940.0|13721.0|14449.0
 2014|F8110|40-44|W|AUT|1924|391|1670.0|3300.0|4953.0|6593.0|6952.0|8251.0|9978.0|11761.0|13617.0|14448.0
 2014|F3380|H|W|NED|1923|301|1600.0|3262.0|4945.0|6639.0|7009.0|8337.0|10141.0|11942.0|13692.0|14447.0
 2014|F5885|45-49|W|GER|1922|322|1696.0|3397.0|5103.0|6806.0|7175.0|8515.0|10239.0|11944.0|13684.0|14446.0
 2014|F5327|50-54|W|SUI|1921|143|1930.0|3756.0|5506.0|7210.0|7581.0|8927.0|10626.0|12249.0|13832.0|14446.0
 2014|F8414|30-34|W|BRA|1920|340|1637.0|3272.0|4929.0|6571.0|6984.0|8330.0|10152.0|11942.0|13704.0|14444.0
 2014|F5408|JA|W|GBR|1919|6|1571.0|NaN|4572.0|6110.0|6451.0|7797.0|9645.0|11499.0|13598.0|14443.0
 2014|F8676|35-39|W|NOR|1918|333|1687.0|3367.0|5062.0|6783.0|7150.0|8466.0|10199.0|11937.0|13716.0|14441.0
 2014|F1715|45-49|W|FRA|1917|321|1636.0|3290.0|4938.0|6600.0|6959.0|8321.0|10075.0|11840.0|13673.0|14440.0
 2014|F6683|50-54|W|NED|1916|142|1719.0|3419.0|5113.0|6828.0|7202.0|8549.0|10301.0|11994.0|13694.0|14440.0
 2014|F3910|45-49|W|GBR|1915|320|1666.0|3308.0|4963.0|6628.0|6985.0|8335.0|10049.0|11764.0|13648.0|14439.0
 2014|F6721|H|W|DEN|1914|300|1562.0|3192.0|4830.0|6504.0|6907.0|8286.0|10056.0|11799.0|13628.0|14439.0
 2014|F5679|30-34|W|GBR|1913|339|1670.0|3367.0|5045.0|6730.0|7094.0|8431.0|10186.0|11907.0|13690.0|14439.0
 2014|F4655|40-44|W|NED|1912|390|1693.0|3379.0|5084.0|6790.0|7167.0|8517.0|10238.0|11940.0|13666.0|14438.0
 2014|F5146|H|W|DEN|1911|299|1642.0|3268.0|4891.0|6567.0|6931.0|8244.0|9989.0|11866.0|13645.0|14438.0
 2014|F7946|35-39|W|USA|1910|332|1629.0|3245.0|4898.0|6569.0|6936.0|8295.0|10039.0|11836.0|13696.0|14438.0
 2014|F1114|40-44|W|GER|1909|389|1726.0|3466.0|5243.0|7007.0|7396.0|8795.0|10529.0|12176.0|13769.0|14437.0
 2014|F3932|45-49|W|DEN|1908|319|1680.0|3410.0|5236.0|6963.0|7337.0|8688.0|10459.0|12153.0|13781.0|14436.0
 2014|F6401|45-49|W|DEN|1907|318|1636.0|3283.0|4916.0|6563.0|6955.0|8306.0|10003.0|11756.0|13594.0|14436.0
 2014|F4675|H|W|GER|1906|298|1709.0|3339.0|4951.0|6585.0|6934.0|8239.0|9974.0|11757.0|13636.0|14435.0
 2014|F4449|H|W|GER|1904|297|1801.0|3543.0|5262.0|6971.0|7347.0|8713.0|10433.0|12075.0|13762.0|14434.0
 2014|F4570|30-34|W|GER|1904|338|1614.0|3258.0|4920.0|6586.0|6954.0|8314.0|10081.0|11825.0|13650.0|14434.0
 2014|F609|45-49|W|SUI|1903|317|1705.0|3413.0|5094.0|6770.0|7136.0|8514.0|10246.0|11928.0|13673.0|14434.0
 2014|F2713|50-54|W|GER|1902|141|1640.0|3346.0|5008.0|6698.0|7069.0|8430.0|10202.0|11934.0|13698.0|14433.0
 2014|F323|35-39|W|GER|1901|331|1689.0|3384.0|5058.0|6733.0|7094.0|8415.0|10160.0|11906.0|13684.0|14433.0
 2014|F445|55-59|W|POL|1900|65|1637.0|3305.0|4949.0|6601.0|6962.0|8330.0|10056.0|11826.0|13645.0|14433.0
 2014|F4679|45-49|W|GER|1899|316|1746.0|3431.0|5116.0|6809.0|7178.0|8545.0|10249.0|11949.0|13697.0|14432.0
 2014|F2104|H|W|GER|1898|296|1696.0|3421.0|5099.0|6817.0|7180.0|8542.0|10305.0|12054.0|13744.0|14431.0
 2014|F2547|40-44|W|FIN|1896|387|1723.0|3429.0|5122.0|6805.0|7171.0|8525.0|10263.0|11971.0|13698.0|14429.0
 2014|F865|40-44|W|GBR|1896|387|1530.0|3136.0|4785.0|6498.0|6858.0|8227.0|10046.0|11857.0|13673.0|14429.0
 2014|F3729|30-34|W|BRA|1895|337|1759.0|3448.0|5106.0|6795.0|7162.0|8503.0|10227.0|11911.0|13670.0|14426.0
 2014|F7602|35-39|W|GER|1894|330|1690.0|3410.0|5123.0|6769.0|7129.0|8448.0|10154.0|11881.0|13674.0|14426.0
 2014|F2239|40-44|W|USA|1893|386|1679.0|3388.0|5065.0|6782.0|7153.0|8522.0|10292.0|11995.0|13698.0|14425.0
 2014|F9022|40-44|W|NED|1892|385|1637.0|3283.0|4910.0|6541.0|6891.0|8220.0|10018.0|11836.0|13677.0|14425.0
 2014|F4308|55-59|W|GBR|1891|64|1685.0|3362.0|5104.0|6803.0|7185.0|8543.0|10307.0|12018.0|13692.0|14424.0
 2014|F2020|55-59|W|BRA|1890|63|1646.0|3303.0|4942.0|6621.0|6991.0|8322.0|10058.0|11795.0|13621.0|14422.0
 2014|F8869|50-54|W|GER|1889|140|1667.0|3350.0|5029.0|6711.0|7074.0|8417.0|10156.0|11903.0|13679.0|14422.0
 2014|F5868|40-44|W|GER|1888|384|1656.0|3316.0|4971.0|6665.0|7032.0|8381.0|10106.0|11805.0|13638.0|14421.0
 2014|F5691|40-44|W|GER|1887|383|1538.0|3091.0|4712.0|6385.0|6745.0|8133.0|9955.0|11779.0|13642.0|14419.0
 2014|F5856|35-39|W|DEN|1886|329|1741.0|3463.0|5168.0|6888.0|7251.0|8589.0|10300.0|11988.0|13692.0|14419.0
 2014|F3015|45-49|W|CHI|1885|315|1497.0|3009.0|4544.0|6150.0|6522.0|7855.0|9676.0|11661.0|13595.0|14418.0
 2014|F7414|45-49|W|EST|1884|314|1600.0|3238.0|4905.0|6577.0|6940.0|8282.0|10028.0|11862.0|13678.0|14417.0
 2014|F9327|40-44|W|POL|1883|382|1651.0|3355.0|5032.0|6724.0|7077.0|8387.0|10079.0|11845.0|13660.0|14417.0
 2014|F1309|55-59|W|SUI|1882|62|1696.0|3404.0|5088.0|6741.0|7100.0|8432.0|10124.0|11812.0|13606.0|14416.0
 2014|F7860|60-64|W|GER|1881|21|1672.0|3335.0|4997.0|6677.0|7054.0|8370.0|10095.0|11856.0|13632.0|14414.0
 2014|F7075|45-49|W|FRA|1880|313|1610.0|3218.0|4812.0|6441.0|6795.0|8100.0|9852.0|11771.0|13634.0|14413.0
 2014|F3030|45-49|W|ESP|1879|312|1801.0|3508.0|5132.0|6766.0|7128.0|8485.0|10208.0|11917.0|13670.0|14412.0
 2014|F7045|40-44|W|GBR|1878|381|1538.0|3100.0|4705.0|6346.0|6707.0|8074.0|9846.0|11689.0|13628.0|14412.0
 2014|F5931|50-54|W|SUI|1877|139|1655.0|3347.0|4996.0|6662.0|7021.0|8342.0|10077.0|11841.0|13648.0|14411.0
 2014|F705|30-34|W|GER|1876|336|1644.0|3315.0|4991.0|6694.0|7059.0|8456.0|10291.0|12034.0|13721.0|14410.0
 2014|F2756|45-49|W|GER|1875|311|1743.0|3430.0|5090.0|6784.0|7165.0|8564.0|10251.0|11957.0|13666.0|14409.0
 2014|F9366|45-49|W|SWE|1874|310|1636.0|3286.0|4919.0|6602.0|6970.0|8454.0|10188.0|11885.0|13636.0|14409.0
 2014|F1842|55-59|W|CAN|1873|61|1685.0|3382.0|5066.0|6764.0|7128.0|8475.0|10189.0|11906.0|13648.0|14407.0
 2014|F1525|40-44|W|GER|1872|380|1708.0|3390.0|5032.0|6709.0|7076.0|8420.0|10176.0|11913.0|13676.0|14405.0
 2014|F345|45-49|W|GER|1871|309|1606.0|3241.0|4845.0|6457.0|6813.0|8155.0|9958.0|11769.0|13638.0|14405.0
 2014|F6536|40-44|W|JPN|1870|379|1680.0|3392.0|5089.0|6817.0|7190.0|8580.0|10343.0|12022.0|13693.0|14404.0
 2014|F4100|40-44|W|NOR|1869|378|1786.0|3520.0|5244.0|6972.0|7352.0|8702.0|10385.0|12054.0|13710.0|14403.0
 2014|F7310|35-39|W|USA|1868|328|1679.0|3388.0|5063.0|6782.0|7153.0|8523.0|10293.0|11995.0|13698.0|14402.0
 2014|F4651|30-34|W|POL|1867|335|1673.0|3378.0|5057.0|6760.0|7131.0|8486.0|10226.0|11920.0|13664.0|14400.0
 2014|F5056|55-59|W|FRA|1866|60|1567.0|3172.0|4771.0|6399.0|6759.0|8071.0|9805.0|11636.0|13620.0|14399.0
 2014|F6633|50-54|W|SWE|1865|138|1645.0|3331.0|4990.0|6659.0|7018.0|8345.0|10118.0|11852.0|13622.0|14399.0
 2014|F1346|30-34|W|GBR|1864|334|1578.0|3159.0|4730.0|6290.0|6634.0|7918.0|9610.0|11416.0|13432.0|14399.0
 2014|F3163|30-34|W|SWE|1863|333|1745.0|3482.0|5195.0|6920.0|7293.0|8642.0|10322.0|12012.0|13728.0|14398.0
 2014|F4840|35-39|W|SLO|1862|327|1691.0|3381.0|5050.0|6730.0|7100.0|8442.0|10194.0|11910.0|13659.0|14398.0
 2014|F3027|40-44|W|GER|1861|377|1679.0|3382.0|5118.0|6836.0|7207.0|8548.0|10265.0|11980.0|13693.0|14397.0
 2014|F8686|H|W|NZL|1860|295|1690.0|3376.0|5033.0|6721.0|7092.0|8467.0|10260.0|12010.0|13695.0|14397.0
 2014|F6512|55-59|W|FRO|1859|59|1782.0|3541.0|5278.0|6996.0|7369.0|8710.0|10404.0|12041.0|13687.0|14396.0
 2014|F7987|45-49|W|COL|1858|308|1708.0|3411.0|5090.0|6770.0|7131.0|8470.0|10183.0|11900.0|13632.0|14396.0
 2014|F1799|50-54|W|AUS|1856|137|1593.0|3235.0|4901.0|6583.0|6993.0|8308.0|10041.0|11819.0|13627.0|14395.0
 2014|F5983|45-49|W|GER|1856|307|1682.0|3352.0|5015.0|6701.0|7068.0|8399.0|10134.0|11872.0|13664.0|14395.0
 2014|F2645|H|W|SWE|1855|294|1707.0|3414.0|5129.0|6851.0|7230.0|8583.0|10326.0|11996.0|13703.0|14394.0
 2014|F6133|45-49|W|SUI|1854|306|1656.0|3337.0|4982.0|6648.0|7012.0|8343.0|10057.0|11797.0|13628.0|14394.0
 2014|F2945|40-44|W|GER|1853|376|1634.0|3271.0|4961.0|6582.0|6944.0|8304.0|10090.0|11844.0|13698.0|14392.0
 2014|F3947|55-59|W|DEN|1852|58|1635.0|3274.0|4955.0|6647.0|7018.0|8373.0|10088.0|11795.0|13598.0|14392.0
 2014|F1707|55-59|W|USA|1851|57|1707.0|3440.0|5104.0|6809.0|7178.0|8509.0|10231.0|11868.0|13591.0|14390.0
 2014|F1009|45-49|W|DEN|1850|305|1756.0|3461.0|5161.0|6852.0|7213.0|8547.0|10246.0|11943.0|13659.0|14389.0
 2014|F7177|50-54|W|GER|1849|136|1660.0|3340.0|5000.0|6667.0|7034.0|8388.0|10154.0|11871.0|13628.0|14385.0
 2014|F1504|40-44|W|GBR|1848|375|1556.0|3251.0|5075.0|6815.0|7181.0|8530.0|10307.0|12015.0|13707.0|14385.0
 2014|F645|40-44|W|DEN|1847|374|1623.0|3256.0|4899.0|6558.0|6923.0|8263.0|10047.0|11805.0|13615.0|14385.0
 2014|F9456|50-54|W|GER|1846|135|1714.0|3395.0|5079.0|6755.0|7120.0|8447.0|10165.0|11844.0|13603.0|14384.0
 2014|F4644|60-64|W|NOR|1845|20|1756.0|3447.0|5119.0|6785.0|7151.0|8511.0|10231.0|11916.0|13599.0|14384.0
 2014|F4172|45-49|W|POL|1844|304|1667.0|3318.0|4977.0|6633.0|6999.0|8333.0|10041.0|11840.0|13649.0|14383.0
 2014|F1506|H|W|GER|1843|293|1658.0|3343.0|4980.0|6647.0|7013.0|8433.0|10204.0|11975.0|13668.0|14382.0
 2014|F4250|35-39|W|DEN|1842|326|1720.0|3464.0|5226.0|6933.0|7294.0|8645.0|10379.0|12009.0|13657.0|14379.0
 2014|F2730|50-54|W|NED|1841|134|1651.0|3357.0|5107.0|6818.0|7204.0|8578.0|10270.0|11936.0|13646.0|14379.0
 2014|F397|55-59|W|GER|1840|56|1686.0|3404.0|5097.0|6788.0|7156.0|8492.0|10196.0|11901.0|13642.0|14379.0
 2014|F3231|40-44|W|MEX|1839|373|1707.0|3398.0|5056.0|6750.0|7114.0|8457.0|10207.0|11967.0|13672.0|14378.0
 2014|F3325|H|W|GER|1838|292|1703.0|3327.0|4946.0|6594.0|6955.0|8262.0|10001.0|11775.0|13592.0|14377.0
 2014|F3681|H|W|GER|1837|291|1740.0|3494.0|5172.0|6871.0|7230.0|8593.0|10297.0|12026.0|13688.0|14377.0
 2014|F4398|45-49|W|GER|1836|303|1699.0|3349.0|4975.0|6614.0|6971.0|8268.0|9950.0|11692.0|13579.0|14375.0
 2014|F6833|50-54|W|GBR|1835|133|1659.0|3340.0|5029.0|6714.0|7081.0|8416.0|10157.0|11865.0|13608.0|14373.0
 2014|F1350|35-39|W|MEX|1834|325|1555.0|3107.0|4681.0|6302.0|6661.0|8169.0|10026.0|11842.0|13618.0|14372.0
 2014|F4658|40-44|W|SWE|1833|372|1610.0|3263.0|4918.0|6641.0|7012.0|8377.0|10126.0|11861.0|13627.0|14372.0
 2014|F9299|40-44|W|AUT|1832|371|1683.0|3352.0|5021.0|6695.0|7058.0|8390.0|10109.0|11829.0|13626.0|14372.0
 2014|F9515|40-44|W|ITA|1831|370|1595.0|3210.0|4806.0|6424.0|6780.0|8107.0|9905.0|11647.0|13589.0|14371.0
 2014|F8750|30-34|W|IRL|1830|332|1592.0|3283.0|5038.0|6726.0|7177.0|8534.0|10250.0|11936.0|13640.0|14371.0
 2014|F8206|40-44|W|DEN|1829|369|1659.0|3289.0|5007.0|6700.0|7066.0|8414.0|10140.0|11856.0|13614.0|14371.0
 2014|F2482|55-59|W|NED|1828|55|1649.0|3291.0|4928.0|6683.0|7041.0|8352.0|10062.0|11783.0|13590.0|14370.0
 2014|F4493|45-49|W|ARG|1827|302|1722.0|3446.0|5184.0|6933.0|7317.0|8630.0|10323.0|11986.0|13636.0|14370.0
 2014|F7099|H|W|NED|1826|290|1649.0|3291.0|4928.0|6683.0|7041.0|8349.0|10061.0|11783.0|13590.0|14369.0
 2014|F8957|35-39|W|CZE|1825|324|1674.0|3337.0|4984.0|6647.0|7008.0|8340.0|10062.0|11798.0|13622.0|14368.0
 2014|F5303|45-49|W|GBR|1824|301|1615.0|3226.0|4839.0|6475.0|6843.0|8183.0|9962.0|11772.0|13622.0|14366.0
 2014|F1928|35-39|W|PUR|1823|323|1650.0|3315.0|5003.0|6668.0|7034.0|8363.0|10079.0|11818.0|13644.0|14366.0
 2014|F813|35-39|W|ESP|1822|322|1543.0|3167.0|4757.0|6370.0|6728.0|8043.0|9777.0|11594.0|13515.0|14365.0
 2014|F4444|30-34|W|GBR|1821|331|1594.0|3249.0|4923.0|6562.0|6913.0|8257.0|9987.0|11704.0|13585.0|14365.0
 2014|F7757|35-39|W|GER|1820|321|1668.0|3350.0|5023.0|6723.0|7097.0|8436.0|10300.0|11955.0|13606.0|14362.0
 2014|F3193|H|W|GBR|1819|289|1620.0|3290.0|4930.0|6570.0|6929.0|8256.0|10008.0|11765.0|13655.0|14361.0
 2014|F8911|30-34|W|CRC|1818|330|1752.0|3495.0|5190.0|6912.0|7286.0|8650.0|10370.0|12046.0|13685.0|14361.0
 2014|F3273|40-44|W|GBR|1817|368|1751.0|3432.0|5144.0|6888.0|7263.0|8626.0|10320.0|12022.0|13688.0|14360.0
 2014|F7164|35-39|W|GER|1816|320|1668.0|3350.0|5024.0|6723.0|7097.0|8437.0|10138.0|11860.0|13599.0|14359.0
 2014|F1064|35-39|W|GER|1815|319|1668.0|3350.0|5024.0|6725.0|7097.0|8436.0|10137.0|11859.0|13599.0|14359.0
 2014|F6938|45-49|W|BEL|1814|300|1779.0|3557.0|5335.0|7140.0|7529.0|8865.0|10498.0|12051.0|13685.0|14359.0
 2014|F7307|45-49|W|USA|1813|299|1686.0|3394.0|5076.0|6775.0|7141.0|8477.0|10188.0|11890.0|13610.0|14357.0
 2014|F6904|35-39|W|SLO|1812|318|1685.0|3304.0|4920.0|6581.0|6943.0|8277.0|10014.0|11782.0|13585.0|14356.0
 2014|F7604|35-39|W|BRA|1811|317|1672.0|3361.0|5048.0|6720.0|7083.0|8442.0|10163.0|11904.0|13631.0|14355.0
 2014|F6901|40-44|W|DEN|1810|367|1702.0|3371.0|5067.0|6765.0|7136.0|8451.0|10197.0|11901.0|13632.0|14355.0
 2014|F2420|45-49|W|SUI|1809|298|1682.0|3349.0|5022.0|6703.0|7071.0|8416.0|10129.0|11878.0|13628.0|14353.0
 2014|F1171|45-49|W|GER|1808|297|1477.0|3011.0|4575.0|6210.0|6571.0|7921.0|9734.0|11589.0|13532.0|14353.0
 2014|F5631|40-44|W|ISR|1807|366|1722.0|3413.0|5086.0|6792.0|7170.0|8583.0|10308.0|11995.0|13645.0|14352.0
 2014|F8207|45-49|W|GER|1806|296|1668.0|3347.0|5029.0|6696.0|7058.0|8447.0|10194.0|11882.0|13603.0|14351.0
 2014|F8423|H|W|GER|1805|288|1588.0|3218.0|4840.0|6497.0|6865.0|8235.0|10037.0|11802.0|13585.0|14350.0
 2014|F7054|35-39|W|DEN|1804|316|1622.0|3304.0|4982.0|6660.0|7026.0|8350.0|10066.0|11729.0|13533.0|14350.0
 2014|F1181|40-44|W|GER|1803|365|1670.0|3357.0|5055.0|6761.0|7129.0|8479.0|10194.0|11898.0|13633.0|14348.0
 2014|F2839|50-54|W|ITA|1802|132|1659.0|3330.0|4960.0|6600.0|6959.0|8362.0|10183.0|11956.0|13634.0|14347.0
 2014|F1095|30-34|W|AUT|1801|329|1653.0|3314.0|4939.0|6578.0|6933.0|8240.0|9982.0|11731.0|13580.0|14343.0
 2014|F5046|60-64|W|FRA|1800|19|1591.0|3178.0|4769.0|6388.0|6749.0|8099.0|9869.0|11666.0|13526.0|14343.0
 2014|F9626|50-54|W|GER|1799|131|1754.0|3441.0|5102.0|6771.0|7136.0|8473.0|10199.0|11925.0|13618.0|14342.0
 2014|F7672|30-34|W|GER|1798|328|1589.0|3199.0|4827.0|6491.0|6866.0|8238.0|10073.0|11783.0|13537.0|14342.0
 2014|F2962|50-54|W|GBR|1797|130|1597.0|3235.0|4887.0|6576.0|6934.0|8286.0|10034.0|11807.0|13615.0|14342.0
 2014|F2009|45-49|W|SUI|1796|295|1712.0|3440.0|5163.0|6892.0|7260.0|8626.0|10351.0|12021.0|13667.0|14341.0
 2014|F1805|40-44|W|BRA|1795|364|1679.0|3373.0|5107.0|6838.0|7211.0|8604.0|10285.0|11955.0|13642.0|14341.0
 2014|F6575|H|W|DEN|1794|287|1686.0|3402.0|5131.0|6830.0|7191.0|8548.0|10244.0|11926.0|13595.0|14340.0
 2014|F5972|60-64|W|GBR|1792|18|1638.0|3329.0|5009.0|6682.0|7042.0|8374.0|10103.0|11789.0|13552.0|14340.0
 2014|F1274|45-49|W|GER|1792|294|1703.0|3413.0|5138.0|6839.0|7205.0|8555.0|10257.0|11932.0|13603.0|14340.0
 2014|F2950|H|W|MEX|1791|286|1650.0|3311.0|4967.0|6642.0|7012.0|8353.0|10091.0|11782.0|13564.0|14339.0
 2014|F3987|55-59|W|DEN|1790|54|1620.0|3225.0|4924.0|6580.0|6939.0|8266.0|10013.0|11757.0|13560.0|14338.0
 2014|F8497|35-39|W|POL|1789|315|1634.0|3262.0|4910.0|6549.0|6913.0|8233.0|9996.0|11795.0|13582.0|14338.0
 2014|F9451|45-49|W|CAN|1788|293|1662.0|3328.0|4971.0|6665.0|7030.0|8384.0|10111.0|11791.0|13604.0|14337.0
 2014|F6476|45-49|W|DEN|1787|292|1662.0|3352.0|4997.0|6673.0|7033.0|8382.0|10116.0|11836.0|13586.0|14336.0
 2014|F7605|50-54|W|MEX|1786|129|1737.0|3524.0|5152.0|6784.0|7150.0|8470.0|10182.0|11870.0|13602.0|14335.0
 2014|F1146|40-44|W|MAR|1785|363|1676.0|3305.0|4935.0|6602.0|6977.0|8315.0|10033.0|11739.0|13517.0|14335.0
 2014|F1537|45-49|W|GBR|1784|291|1696.0|3363.0|5022.0|6676.0|7040.0|8376.0|10106.0|11816.0|13579.0|14334.0
 2014|F5433|45-49|W|ESP|1783|290|1869.0|3643.0|5362.0|7037.0|7405.0|8734.0|10440.0|12076.0|13659.0|14334.0
 2014|F427|55-59|W|GER|1782|53|1444.0|2976.0|4564.0|6209.0|6566.0|7950.0|9890.0|11730.0|13571.0|14333.0
 2014|F6535|45-49|W|GER|1781|289|1701.0|3404.0|5078.0|6739.0|7106.0|8453.0|10156.0|11849.0|13580.0|14333.0
 2014|F2262|H|W|SWE|1779|285|1673.0|3358.0|5021.0|6693.0|7057.0|8370.0|10082.0|11823.0|13579.0|14333.0
 2014|F886|30-34|W|CRO|1779|327|1674.0|3383.0|5076.0|6766.0|7138.0|8466.0|10187.0|11871.0|13588.0|14333.0
 2014|F8062|40-44|W|ISL|1778|362|1603.0|3256.0|4912.0|6609.0|6982.0|8370.0|10095.0|11809.0|13563.0|14333.0
 2014|F7820|H|W|GER|1777|284|1702.0|3413.0|5077.0|6719.0|7097.0|8427.0|10224.0|11894.0|13601.0|14333.0
 2014|F5718|40-44|W|GER|1776|361|1702.0|3407.0|5096.0|6773.0|7142.0|8466.0|10201.0|11900.0|13621.0|14330.0
 2014|F7370|H|W|NED|1774|282|1609.0|3275.0|4952.0|6651.0|7019.0|8370.0|10093.0|11846.0|13587.0|14330.0
 2014|F1148|H|W|GBR|1774|282|1690.0|3414.0|5058.0|6739.0|7096.0|8439.0|10145.0|11916.0|13610.0|14330.0
 2014|F5324|45-49|W|GER|1773|288|1751.0|3430.0|5103.0|6751.0|7115.0|8461.0|10148.0|11835.0|13583.0|14329.0
 2014|F7627|30-34|W|GER|1772|326|1711.0|3408.0|5100.0|6805.0|7169.0|8523.0|10216.0|11882.0|13586.0|14328.0
 2014|F1008|50-54|W|USA|1771|128|1679.0|3370.0|5057.0|6770.0|7149.0|8499.0|10221.0|11928.0|13609.0|14328.0
 2014|F3948|40-44|W|DEN|1769|360|1657.0|3314.0|4964.0|6660.0|7022.0|8333.0|10029.0|11753.0|13532.0|14327.0
 2014|F1229|30-34|W|ISL|1769|325|1640.0|3298.0|4950.0|6588.0|6940.0|8240.0|9885.0|11554.0|13424.0|14327.0
 2014|F3386|40-44|W|SWE|1768|359|1702.0|3394.0|5064.0|6732.0|7099.0|8422.0|10107.0|11817.0|13567.0|14327.0
 2014|F3466|45-49|W|GBR|1767|287|1688.0|3378.0|5052.0|6754.0|7120.0|8490.0|10219.0|11930.0|13604.0|14327.0
 2014|F7968|35-39|W|SVK|1766|314|1509.0|3072.0|4664.0|6284.0|6630.0|7978.0|9727.0|11536.0|13581.0|14326.0
 2014|F7632|40-44|W|ITA|1765|358|1655.0|3332.0|5026.0|6746.0|7113.0|8457.0|10187.0|11883.0|13600.0|14326.0
 2014|F2549|45-49|W|GER|1764|286|1749.0|3459.0|5179.0|6913.0|7281.0|8619.0|10313.0|11956.0|13620.0|14326.0
 2014|F6438|H|W|COL|1763|281|1732.0|3444.0|5154.0|6855.0|7214.0|8558.0|10268.0|11955.0|13623.0|14326.0
 2014|F7337|40-44|W|NOR|1762|357|1683.0|3383.0|5078.0|6767.0|7133.0|8465.0|10212.0|11898.0|13589.0|14324.0
 2014|F2889|45-49|W|ROU|1761|285|1587.0|3224.0|4889.0|6589.0|6953.0|8283.0|10077.0|11834.0|13595.0|14323.0
 2014|F2182|40-44|W|ITA|1760|356|1731.0|3426.0|5130.0|6826.0|7185.0|8534.0|10237.0|11924.0|13587.0|14323.0
 2014|F1106|40-44|W|GER|1759|355|1737.0|3448.0|5127.0|6799.0|7150.0|8466.0|10159.0|11852.0|13573.0|14323.0
 2014|F8764|45-49|W|FRA|1758|284|1540.0|3070.0|4670.0|6290.0|6662.0|8021.0|9857.0|11651.0|13515.0|14322.0
 2014|F9609|30-34|W|GBR|1757|324|1621.0|3255.0|4896.0|6576.0|6939.0|8294.0|10017.0|11773.0|13546.0|14322.0
 2014|F6997|40-44|W|GER|1756|354|1691.0|3405.0|5124.0|6823.0|7190.0|8517.0|10202.0|11885.0|13576.0|14322.0
 2014|F5995|H|W|CAN|1755|280|1696.0|3389.0|5073.0|6762.0|7132.0|8542.0|10258.0|11942.0|13617.0|14322.0
 2014|F1816|45-49|W|TPE|1754|283|1474.0|3002.0|4631.0|6281.0|6638.0|8013.0|9841.0|11666.0|13547.0|14320.0
 2014|F5603|45-49|W|MLT|1753|282|1655.0|3290.0|4974.0|6627.0|6982.0|8303.0|9995.0|11624.0|13421.0|14320.0
 2014|F8000|45-49|W|DEN|1752|281|1640.0|3277.0|4913.0|6559.0|6921.0|8259.0|10032.0|11766.0|13551.0|14319.0
 2014|F7364|35-39|W|GER|1751|313|1616.0|3213.0|4765.0|6334.0|6674.0|7939.0|9602.0|11366.0|13386.0|14318.0
 2014|F6653|45-49|W|KOR|1750|280|1546.0|3092.0|4643.0|6217.0|6570.0|7872.0|9644.0|11516.0|13509.0|14317.0
 2014|F9453|40-44|W|CAN|1749|353|1682.0|3343.0|4973.0|6606.0|6973.0|8279.0|10014.0|11749.0|13577.0|14316.0
 2014|F8226|40-44|W|DEN|1748|352|1636.0|3284.0|4932.0|6599.0|6957.0|8273.0|9978.0|11772.0|13570.0|14316.0
 2014|F7180|30-34|W|GER|1747|323|1736.0|3497.0|5163.0|6833.0|7201.0|8526.0|10208.0|11899.0|13602.0|14316.0
 2014|F7278|40-44|W|GER|1746|351|1659.0|3336.0|5028.0|6748.0|7121.0|8455.0|10169.0|11880.0|13588.0|14316.0
 2014|F8684|35-39|W|GER|1745|312|1776.0|3504.0|5202.0|6848.0|7199.0|8495.0|10176.0|11894.0|13608.0|14315.0
 2014|F9389|45-49|W|DEN|1744|279|1705.0|3352.0|4961.0|6636.0|6996.0|8410.0|10220.0|11921.0|13600.0|14315.0
 2014|F2896|50-54|W|DEN|1743|127|1731.0|3455.0|5172.0|6884.0|7249.0|8584.0|10271.0|11934.0|13597.0|14313.0
 2014|F2848|55-59|W|ITA|1742|52|1662.0|3326.0|4990.0|6680.0|7046.0|8392.0|10119.0|11833.0|13559.0|14312.0
 2014|F5749|40-44|W|DEN|1741|350|1617.0|3232.0|4849.0|6513.0|6875.0|8223.0|10003.0|11793.0|13566.0|14312.0
 2014|F5685|30-34|W|ITA|1740|322|1661.0|3326.0|4992.0|6680.0|7046.0|8393.0|10120.0|11832.0|13559.0|14312.0
 2014|F5389|45-49|W|POL|1739|278|1683.0|3318.0|4959.0|6615.0|6978.0|8332.0|10102.0|11846.0|13561.0|14311.0
 2014|F8149|35-39|W|NED|1738|311|1731.0|3433.0|5128.0|6817.0|7187.0|8534.0|10248.0|11924.0|13595.0|14311.0
 2014|F4327|50-54|W|DEN|1737|126|1628.0|3258.0|4861.0|6461.0|6810.0|8086.0|9815.0|11577.0|13488.0|14311.0
 2014|F2430|45-49|W|IRL|1735|277|1675.0|3365.0|5032.0|6702.0|7069.0|8397.0|10103.0|11832.0|13567.0|14310.0
 2014|F6304|30-34|W|GER|1735|321|1569.0|3199.0|4836.0|6491.0|6853.0|8199.0|9937.0|11681.0|13523.0|14310.0
 2014|F1796|55-59|W|GBR|1734|51|1591.0|3146.0|4706.0|6268.0|6609.0|7886.0|9564.0|11471.0|13478.0|14310.0
 2014|F4539|45-49|W|AUS|1733|276|1570.0|3200.0|4884.0|6588.0|6954.0|8328.0|10060.0|11785.0|13547.0|14308.0
 2014|F6891|40-44|W|GER|1732|349|1691.0|3356.0|5011.0|6684.0|7048.0|8390.0|10116.0|11821.0|13567.0|14308.0
 2014|F7825|35-39|W|GER|1731|310|1610.0|3262.0|4899.0|6561.0|6929.0|8282.0|10023.0|11801.0|13585.0|14308.0
 2014|F4159|45-49|W|GER|1730|275|1676.0|3378.0|5051.0|6718.0|7071.0|8394.0|10084.0|11779.0|13549.0|14307.0
 2014|F6928|35-39|W|POL|1729|309|1627.0|3280.0|4926.0|6577.0|6943.0|8263.0|9936.0|11682.0|13527.0|14307.0
 2014|F5518|40-44|W|SWE|1728|348|1717.0|3364.0|5013.0|6602.0|6954.0|8269.0|9960.0|11809.0|13538.0|14307.0
 2014|F6743|30-34|W|GER|1727|320|1669.0|3342.0|5030.0|6719.0|7089.0|8437.0|10172.0|11875.0|13573.0|14306.0
 2014|F6412|35-39|W|SLO|1726|308|1641.0|3308.0|4976.0|6635.0|7005.0|8335.0|10026.0|11745.0|13516.0|14306.0
 2014|F7063|35-39|W|ISR|1725|307|1535.0|3131.0|4719.0|6313.0|6667.0|7976.0|9679.0|11431.0|13400.0|14306.0
 2014|F2288|35-39|W|USA|1724|306|1689.0|3350.0|4993.0|6645.0|7006.0|8313.0|9989.0|11716.0|13509.0|14306.0
 2014|F4727|55-59|W|GER|1723|50|1616.0|3265.0|4913.0|6616.0|6986.0|8338.0|10103.0|11816.0|13585.0|14305.0
 2014|F8063|H|W|NOR|1722|279|1607.0|3203.0|4746.0|6291.0|6643.0|7974.0|9639.0|11406.0|13480.0|14304.0
 2014|F6652|55-59|W|USA|1721|49|1635.0|3281.0|4881.0|6504.0|6862.0|8190.0|9900.0|11628.0|13481.0|14303.0
 2014|F9630|40-44|W|GER|1720|347|1676.0|3353.0|5037.0|6713.0|7079.0|8409.0|10106.0|11799.0|13525.0|14303.0
 2014|F6213|30-34|W|DEN|1719|319|1707.0|3418.0|5072.0|6743.0|7098.0|8442.0|10156.0|11860.0|13546.0|14303.0
 2014|F8875|30-34|W|USA|1718|318|1599.0|3223.0|4835.0|6435.0|6824.0|8154.0|10013.0|11844.0|13618.0|14302.0
 2014|F1578|45-49|W|NED|1717|274|1797.0|3553.0|5245.0|6946.0|7312.0|8596.0|10205.0|11811.0|13550.0|14302.0
 2014|F9005|35-39|W|NED|1716|305|1590.0|3184.0|4774.0|6350.0|6697.0|8001.0|9932.0|11723.0|13528.0|14301.0
 2014|F1091|45-49|W|GER|1715|273|1600.0|3165.0|4755.0|6369.0|6721.0|8126.0|9921.0|11747.0|13536.0|14300.0
 2014|F968|35-39|W|DEN|1714|304|1681.0|3383.0|5099.0|6768.0|7126.0|8419.0|10164.0|11883.0|13596.0|14300.0
 2014|F5677|50-54|W|DEN|1713|125|1726.0|3397.0|5057.0|6698.0|7052.0|8353.0|10074.0|11760.0|13457.0|14300.0
 2014|F664|H|W|DEN|1712|278|1639.0|3193.0|4801.0|6415.0|6764.0|8103.0|9881.0|11686.0|13537.0|14299.0
 2014|F1786|30-34|W|GBR|1710|317|1794.0|3571.0|5273.0|6969.0|7335.0|8674.0|10382.0|12012.0|13628.0|14298.0
 2014|F6893|50-54|W|DEN|1710|124|1642.0|3292.0|4929.0|6576.0|6935.0|8279.0|9998.0|11727.0|13533.0|14298.0
 2014|F3524|45-49|W|DEN|1709|272|1649.0|3314.0|4975.0|6642.0|7004.0|8338.0|10049.0|11791.0|13544.0|14298.0
 2014|F7345|40-44|W|BRA|1708|346|1645.0|3310.0|4993.0|6679.0|7046.0|8385.0|10111.0|11836.0|13556.0|14298.0
 2014|F6498|40-44|W|DEN|1707|345|1545.0|3182.0|4831.0|6547.0|6917.0|8269.0|9986.0|11736.0|13542.0|14297.0
 2014|F5811|30-34|W|IRL|1706|316|1721.0|3407.0|5102.0|6780.0|7150.0|8478.0|10185.0|11871.0|13566.0|14297.0
 2014|F5813|30-34|W|IRL|1705|315|1721.0|3406.0|5102.0|6780.0|7150.0|8478.0|10185.0|11871.0|13567.0|14297.0
 2014|F1875|45-49|W|ITA|1704|271|1646.0|3299.0|4971.0|6694.0|7074.0|8394.0|10110.0|11836.0|13566.0|14297.0
 2014|F2575|35-39|W|MLT|1703|303|1749.0|3411.0|5075.0|6782.0|7148.0|8499.0|10234.0|11912.0|13596.0|14297.0
 2014|F1200|H|W|GER|1702|277|1794.0|3570.0|5272.0|6969.0|7335.0|8673.0|10382.0|12012.0|13627.0|14296.0
 2014|F631|H|W|DEN|1701|276|1661.0|3362.0|5057.0|6727.0|7092.0|8443.0|10177.0|11871.0|13586.0|14296.0
 2014|F5048|40-44|W|DEN|1700|344|1610.0|3218.0|4784.0|6367.0|6718.0|7984.0|9651.0|11467.0|13438.0|14295.0
 2014|F1949|40-44|W|GER|1699|343|1694.0|3378.0|5076.0|6749.0|7108.0|8463.0|10181.0|11894.0|13589.0|14293.0
 2014|F3282|45-49|W|GER|1698|270|1591.0|3245.0|4864.0|6484.0|6844.0|8187.0|9911.0|11712.0|13525.0|14293.0
 2014|F7689|30-34|W|NED|1697|314|1717.0|3439.0|5130.0|6793.0|7146.0|8459.0|10130.0|11767.0|13496.0|14291.0
 2014|F1496|35-39|W|GBR|1696|302|1751.0|3467.0|5183.0|6922.0|7274.0|8595.0|10291.0|11952.0|13596.0|14289.0
 2014|F6841|40-44|W|GER|1695|342|1734.0|3454.0|5142.0|6824.0|7183.0|8524.0|10210.0|11879.0|13566.0|14288.0
 2014|F7516|45-49|W|USA|1694|269|1652.0|3313.0|4975.0|6634.0|6990.0|8322.0|10050.0|11761.0|13539.0|14285.0
 2014|F1306|40-44|W|NOR|1693|341|1657.0|3331.0|4986.0|6661.0|7021.0|8339.0|10057.0|11775.0|13545.0|14285.0
 2014|F3964|50-54|W|FRA|1692|123|1586.0|3167.0|4752.0|6357.0|6702.0|7994.0|9666.0|11576.0|13495.0|14284.0
 2014|F6272|40-44|W|AUT|1691|340|1658.0|3281.0|4910.0|6542.0|6904.0|8241.0|9950.0|11682.0|13520.0|14283.0
 2014|F3845|40-44|W|DEN|1690|339|1668.0|3350.0|5029.0|6723.0|7077.0|8418.0|10115.0|11792.0|13521.0|14283.0
 2014|F7655|35-39|W|GER|1689|301|1607.0|3216.0|4878.0|6559.0|6922.0|8252.0|9987.0|11726.0|13505.0|14282.0
 2014|F9170|50-54|W|GER|1688|122|1680.0|3359.0|5035.0|6704.0|7078.0|8413.0|10114.0|11810.0|13542.0|14282.0
 2014|F8577|40-44|W|RSA|1687|338|1687.0|3367.0|5020.0|6706.0|7072.0|8400.0|10100.0|11800.0|13546.0|14281.0
 2014|F6754|40-44|W|FIN|1686|337|1627.0|3295.0|4992.0|6684.0|7053.0|8389.0|10105.0|11787.0|13521.0|14280.0
 2014|F7190|H|W|LUX|1685|275|1800.0|3538.0|5221.0|6901.0|7263.0|8595.0|10302.0|11990.0|13613.0|14280.0
 2014|F7590|50-54|W|DEN|1684|121|1671.0|3339.0|5029.0|6727.0|7094.0|8431.0|10136.0|11815.0|13525.0|14276.0
 2014|F2306|45-49|W|GER|1683|268|1623.0|3292.0|4958.0|6643.0|7009.0|8341.0|10047.0|11767.0|13522.0|14276.0
 2014|F5472|30-34|W|BRA|1682|313|1668.0|3297.0|4929.0|6630.0|7015.0|8395.0|10170.0|11891.0|13567.0|14275.0
 2014|F8530|50-54|W|NED|1681|120|1713.0|3372.0|5022.0|6687.0|7054.0|8406.0|10117.0|11805.0|13555.0|14274.0
 2014|F8793|35-39|W|FRA|1680|300|1725.0|3406.0|5074.0|6716.0|7073.0|8518.0|10180.0|11864.0|13535.0|14273.0
 2014|F5259|35-39|W|COL|1678|298|1651.0|3259.0|4876.0|6495.0|6890.0|8201.0|9917.0|11692.0|13471.0|14273.0
 2014|F1642|35-39|W|CHN|1678|298|1720.0|3439.0|5146.0|6897.0|7289.0|8628.0|10332.0|11983.0|13553.0|14273.0
 2014|F698|45-49|W|FRA|1677|267|1650.0|3388.0|5089.0|6783.0|7144.0|8423.0|10054.0|11736.0|13526.0|14272.0
 2014|F3611|35-39|W|GBR|1676|297|1700.0|3396.0|5089.0|6751.0|7108.0|8417.0|10113.0|11810.0|13523.0|14271.0
 2014|F1240|40-44|W|POL|1675|336|1677.0|3381.0|5057.0|6718.0|7086.0|8416.0|10108.0|11784.0|13519.0|14271.0
 2014|F8693|35-39|W|GBR|1674|296|1664.0|3358.0|5046.0|6727.0|7095.0|8440.0|10162.0|11895.0|13574.0|14271.0
 2014|F2162|40-44|W|AUS|1673|335|1648.0|3361.0|5038.0|6731.0|7094.0|8505.0|10193.0|11870.0|13585.0|14270.0
 2014|F9581|40-44|W|GER|1672|334|1686.0|3319.0|4975.0|6639.0|7005.0|8350.0|10065.0|11780.0|13536.0|14269.0
 2014|F8508|60-64|W|POL|1671|17|1692.0|3384.0|5045.0|6715.0|7071.0|8392.0|10097.0|11777.0|13506.0|14268.0
 2014|F4939|30-34|W|GER|1670|312|1678.0|3348.0|5009.0|6684.0|7051.0|8377.0|10111.0|11819.0|13532.0|14268.0
 2014|F4334|H|W|DEN|1669|274|1627.0|3297.0|4963.0|6653.0|7013.0|8353.0|10064.0|11791.0|13521.0|14268.0
 2014|F7961|30-34|W|GER|1668|311|1676.0|3344.0|5020.0|6703.0|7073.0|8394.0|10090.0|11801.0|13524.0|14268.0
 2014|F6885|H|W|GBR|1667|273|1705.0|3387.0|5053.0|6726.0|7092.0|8417.0|10124.0|11870.0|13578.0|14266.0
 2014|F3115|H|W|ESP|1666|272|1688.0|3365.0|5016.0|6669.0|7033.0|8342.0|10031.0|11745.0|13500.0|14265.0
 2014|F2807|45-49|W|GBR|1665|266|1696.0|3407.0|5112.0|6806.0|7174.0|8531.0|10236.0|11865.0|13537.0|14264.0
 2014|F4267|35-39|W|GBR|1664|295|1682.0|3336.0|4973.0|6684.0|7063.0|8447.0|10225.0|11920.0|13537.0|14264.0
 2014|F2993|40-44|W|DEN|1663|333|1734.0|3436.0|5081.0|6734.0|7085.0|8404.0|10097.0|11793.0|13529.0|14263.0
 2014|F8239|45-49|W|FRA|1662|265|1680.0|3363.0|5061.0|6792.0|7164.0|8492.0|10193.0|11874.0|13570.0|14262.0
 2014|F2472|35-39|W|GBR|1661|294|1618.0|3262.0|4920.0|6582.0|6942.0|8272.0|9969.0|11693.0|13473.0|14262.0
 2014|F7956|35-39|W|MEX|1660|293|1635.0|3290.0|4997.0|6730.0|7117.0|8452.0|10184.0|11877.0|13556.0|14261.0
 2014|F3462|H|W|GER|1659|271|1742.0|3444.0|5126.0|6807.0|7171.0|8502.0|10197.0|11874.0|13557.0|14258.0
 2014|F3303|H|W|GER|1658|270|1665.0|3343.0|5017.0|6716.0|7081.0|8434.0|10131.0|11829.0|13553.0|14257.0
 2014|F9190|45-49|W|GER|1657|264|1631.0|3310.0|4959.0|6624.0|6980.0|8298.0|10038.0|11774.0|13515.0|14255.0
 2014|F3629|H|W|SWE|1656|269|1626.0|3244.0|4900.0|6536.0|6891.0|8210.0|9964.0|11714.0|13520.0|14254.0
 2014|F6849|40-44|W|GER|1655|332|1581.0|3194.0|4821.0|6504.0|6863.0|8227.0|10035.0|11799.0|13541.0|14254.0
 2014|F4352|45-49|W|GER|1654|263|1611.0|3275.0|4968.0|6670.0|7040.0|8364.0|10056.0|11775.0|13511.0|14253.0
 2014|F2944|H|W|GER|1653|268|1522.0|3100.0|4739.0|6384.0|6743.0|8119.0|9888.0|11678.0|13518.0|14253.0
 2014|F4305|H|W|FRA|1652|267|1641.0|3289.0|4967.0|6624.0|6987.0|8306.0|10009.0|11696.0|13434.0|14253.0
 2014|F4667|30-34|W|GER|1651|310|1651.0|3327.0|4985.0|6649.0|7018.0|8356.0|10069.0|11757.0|13483.0|14250.0
 2014|F8276|40-44|W|NED|1650|331|1691.0|3378.0|5020.0|6652.0|7008.0|8360.0|10085.0|11779.0|13499.0|14250.0
 2014|F4155|H|W|GER|1649|266|1567.0|3246.0|4998.0|6831.0|7199.0|8519.0|10265.0|11872.0|13560.0|14249.0
 2014|F8991|40-44|W|DEN|1648|330|1550.0|3137.0|4779.0|6456.0|6829.0|8202.0|9939.0|11735.0|13504.0|14249.0
 2014|F4371|H|W|CZE|1647|265|1737.0|3432.0|5135.0|6826.0|7186.0|8481.0|10137.0|11797.0|13497.0|14247.0
 2014|F2315|40-44|W|GER|1645|329|1703.0|3446.0|5149.0|6919.0|7276.0|8601.0|10305.0|11976.0|13554.0|14247.0
 2014|F8496|30-34|W|GBR|1645|309|1597.0|3204.0|4820.0|6471.0|6828.0|8148.0|9896.0|11635.0|13452.0|14247.0
 2014|F6835|H|W|CZE|1644|264|1643.0|3265.0|4905.0|6560.0|6925.0|8243.0|10009.0|11757.0|13479.0|14246.0
 2014|F7035|30-34|W|GER|1643|308|1627.0|3292.0|4951.0|6612.0|6971.0|8316.0|10035.0|11747.0|13496.0|14245.0
 2014|F9365|H|W|GER|1642|263|1735.0|3430.0|5134.0|6824.0|7185.0|8474.0|10138.0|11796.0|13496.0|14245.0
 2014|F3087|H|W|GER|1640|262|1735.0|3430.0|5134.0|6824.0|7184.0|8482.0|10139.0|11795.0|13495.0|14245.0
 2014|F8398|35-39|W|BRA|1640|292|1654.0|3301.0|4957.0|6629.0|6999.0|8390.0|10119.0|11789.0|13512.0|14245.0
 2014|F4009|30-34|W|GBR|1639|307|1634.0|3286.0|5075.0|6741.0|7114.0|8457.0|10158.0|11760.0|13464.0|14245.0
 2014|F5336|60-64|W|BEL|1638|16|1667.0|3334.0|4989.0|6654.0|7030.0|8369.0|10092.0|11764.0|13506.0|14243.0
 2014|F8171|40-44|W|NED|1637|328|1652.0|3315.0|5040.0|6690.0|7048.0|8376.0|10067.0|11769.0|13497.0|14242.0
 2014|F3132|30-34|W|GER|1636|306|1584.0|3192.0|4782.0|6378.0|6729.0|8073.0|9967.0|11718.0|13464.0|14241.0
 2014|F5088|45-49|W|GER|1635|262|1670.0|3348.0|5006.0|6669.0|7026.0|8377.0|10087.0|11808.0|13526.0|14239.0
 2014|F1442|35-39|W|MEX|1634|291|1611.0|3298.0|4963.0|6665.0|7041.0|8399.0|10120.0|11817.0|13525.0|14238.0
 2014|F4761|45-49|W|GER|1633|261|1564.0|3134.0|4717.0|6340.0|6704.0|8065.0|9838.0|11626.0|13470.0|14238.0
 2014|F4779|45-49|W|DEN|1632|260|1726.0|3398.0|5057.0|6699.0|7052.0|8356.0|10023.0|11724.0|13461.0|14238.0
 2014|F5443|40-44|W|NED|1630|327|1689.0|3380.0|5027.0|6712.0|7071.0|8390.0|10097.0|11772.0|13516.0|14236.0
 2014|F1360|45-49|W|GER|1630|259|1639.0|3298.0|4934.0|6580.0|6944.0|8254.0|9987.0|11667.0|13456.0|14236.0
 2014|F5488|45-49|W|GER|1629|258|1569.0|3173.0|4803.0|6458.0|6819.0|8217.0|10009.0|11818.0|13547.0|14235.0
 2014|F8409|40-44|W|DEN|1628|326|1590.0|3302.0|4920.0|6554.0|6910.0|8207.0|9891.0|11637.0|13436.0|14235.0
 2014|F9617|H|W|GER|1626|260|1710.0|3441.0|5120.0|6790.0|7158.0|8477.0|10191.0|11764.0|13514.0|14235.0
 2014|F8096|H|W|GER|1626|260|1710.0|3441.0|5121.0|6792.0|7158.0|8478.0|10189.0|11763.0|13500.0|14235.0
 2014|F5400|40-44|W|SWE|1625|325|1672.0|3321.0|4918.0|6575.0|6937.0|8315.0|10013.0|11677.0|13436.0|14234.0
 2014|F1310|H|W|GER|1624|259|1669.0|3371.0|5045.0|6709.0|7071.0|8378.0|10068.0|11787.0|13487.0|14234.0
 2014|F938|30-34|W|GER|1623|305|1570.0|3133.0|4680.0|6262.0|6610.0|7903.0|9608.0|11437.0|13405.0|14233.0
 2014|F3545|55-59|W|SWE|1622|48|1629.0|3281.0|4925.0|6582.0|6948.0|8273.0|9993.0|11692.0|13464.0|14233.0
 2014|F4898|50-54|W|GER|1621|119|1489.0|3003.0|4548.0|6132.0|6490.0|7791.0|9515.0|11404.0|13392.0|14232.0
 2014|F8730|30-34|W|SIN|1620|304|1692.0|3387.0|5045.0|6701.0|7063.0|8373.0|10072.0|11744.0|13456.0|14231.0
 2014|F6047|40-44|W|DEN|1619|324|1609.0|3263.0|4890.0|6527.0|6875.0|8188.0|9905.0|11668.0|13487.0|14228.0
 2014|F9566|H|W|GER|1618|258|1597.0|3233.0|4862.0|6479.0|6823.0|8080.0|9702.0|11351.0|13311.0|14227.0
 2014|F5428|50-54|W|EST|1617|118|1471.0|3030.0|4605.0|6218.0|6570.0|7910.0|9693.0|11553.0|13442.0|14227.0
 2014|F6361|40-44|W|ROU|1616|323|1587.0|3219.0|4833.0|6416.0|6859.0|8215.0|9947.0|11752.0|13488.0|14226.0
 2014|F2681|35-39|W|GBR|1615|290|1659.0|3318.0|4992.0|6658.0|7019.0|8326.0|10006.0|11722.0|13469.0|14226.0
 2014|F653|40-44|W|DEN|1614|322|1697.0|3429.0|5092.0|6750.0|7110.0|8415.0|10107.0|11791.0|13499.0|14225.0
 2014|F4893|50-54|W|DEN|1613|117|1536.0|3096.0|4678.0|6296.0|6651.0|7997.0|9768.0|11587.0|13476.0|14225.0
 2014|F4077|40-44|W|FRO|1612|321|1644.0|3283.0|4892.0|6528.0|6885.0|8199.0|9894.0|11637.0|13447.0|14225.0
 2014|F7253|35-39|W|GBR|1611|289|1597.0|3244.0|4925.0|6591.0|6947.0|8335.0|10028.0|11787.0|13501.0|14224.0
 2014|F8091|30-34|W|GBR|1610|303|1518.0|3121.0|4722.0|6361.0|6719.0|8057.0|9824.0|11636.0|13508.0|14224.0
 2014|F8617|45-49|W|FRA|1609|257|1669.0|3350.0|5029.0|6717.0|7089.0|8436.0|10153.0|11831.0|13508.0|14224.0
 2014|F6718|H|W|DEN|1608|257|1575.0|3205.0|4837.0|6538.0|6891.0|8213.0|9929.0|11666.0|13439.0|14223.0
 2014|F9298|55-59|W|SUI|1607|47|1647.0|3327.0|4990.0|6668.0|7031.0|8350.0|10036.0|11728.0|13461.0|14223.0
 2014|F2592|H|W|SWE|1606|256|1619.0|3277.0|4881.0|6517.0|6866.0|8175.0|9906.0|11670.0|13484.0|14223.0
 2014|F9596|30-34|W|GER|1605|302|1716.0|3381.0|5051.0|6745.0|7105.0|8462.0|10206.0|11908.0|13588.0|14223.0
 2014|F2298|40-44|W|DEN|1604|320|1667.0|3355.0|5033.0|6685.0|7049.0|8396.0|10203.0|11927.0|13538.0|14222.0
 2014|F3550|30-34|W|SWE|1603|301|1802.0|3556.0|5271.0|7044.0|7423.0|8801.0|10526.0|12053.0|13542.0|14219.0
 2014|F5779|40-44|W|GER|1602|319|1636.0|3297.0|4945.0|6615.0|6975.0|8320.0|10051.0|11735.0|13473.0|14219.0
 2014|F9331|30-34|W|GBR|1601|300|1601.0|3217.0|4829.0|6446.0|6797.0|8084.0|9859.0|11661.0|13435.0|14218.0
 2014|F1864|H|W|GER|1600|255|1844.0|3583.0|5251.0|6923.0|7283.0|8583.0|10277.0|11906.0|13531.0|14217.0
 2014|F7521|40-44|W|SWE|1599|318|1733.0|3440.0|5113.0|6789.0|7151.0|8482.0|10177.0|11842.0|13517.0|14217.0
 2014|F2582|45-49|W|GER|1598|256|1713.0|3425.0|5109.0|6778.0|7140.0|8462.0|10139.0|11800.0|13482.0|14216.0
 2014|F5626|35-39|W|GER|1596|288|1683.0|3355.0|5039.0|6715.0|7082.0|8412.0|10109.0|11800.0|13504.0|14216.0
 2014|F1307|60-64|W|BEL|1596|15|1494.0|3020.0|4568.0|6172.0|6530.0|7862.0|9625.0|11444.0|13386.0|14216.0
 2014|F5981|45-49|W|DEN|1595|255|1637.0|3301.0|4956.0|6612.0|6972.0|8289.0|9956.0|11657.0|13450.0|14215.0
 2014|F6050|H|W|DEN|1594|254|1637.0|3301.0|4955.0|6612.0|6972.0|8290.0|9955.0|11656.0|13450.0|14215.0
 2014|F3092|35-39|W|ITA|1592|287|1728.0|3429.0|5104.0|6749.0|7111.0|8418.0|10050.0|11709.0|13447.0|14215.0
 2014|F8604|50-54|W|FRA|1592|116|1698.0|3358.0|5051.0|6750.0|7119.0|8514.0|10191.0|11849.0|13499.0|14215.0
 2014|F1508|50-54|W|FRA|1591|115|1698.0|3358.0|5051.0|6749.0|7119.0|8513.0|10191.0|11849.0|13499.0|14214.0
 2014|F4994|45-49|W|GER|1590|254|1640.0|3301.0|4992.0|6668.0|7036.0|8373.0|10049.0|11793.0|13486.0|14214.0
 2014|F7695|35-39|W|DEN|1589|286|1622.0|3304.0|4982.0|6659.0|7026.0|8349.0|10074.0|11711.0|13419.0|14213.0
 2014|F6187|30-34|W|FRA|1588|299|1612.0|3273.0|4949.0|6621.0|6987.0|8315.0|10044.0|11752.0|13517.0|14212.0
 2014|F5344|30-34|W|POL|1587|298|1675.0|3271.0|4876.0|6480.0|6827.0|8084.0|9719.0|11446.0|13360.0|14212.0
 2014|F750|30-34|W|GER|1586|297|1661.0|3301.0|4928.0|6588.0|6946.0|8302.0|10011.0|11769.0|13527.0|14211.0
 2014|F4284|30-34|W|SWE|1585|296|1736.0|3390.0|5140.0|6773.0|7128.0|8456.0|10173.0|11822.0|13504.0|14211.0
 2014|F2870|45-49|W|SUI|1584|253|1669.0|3302.0|4924.0|6536.0|6892.0|8188.0|9870.0|11609.0|13435.0|14211.0
 2014|F4227|H|W|DEN|1583|253|1639.0|3310.0|4967.0|6607.0|6973.0|8277.0|9990.0|11731.0|13474.0|14210.0
 2014|F5619|45-49|W|GER|1582|252|1673.0|3328.0|5012.0|6686.0|7052.0|8361.0|10064.0|11780.0|13476.0|14210.0
 2014|F5062|35-39|W|FIN|1581|285|1639.0|3350.0|5048.0|6727.0|7086.0|8417.0|10133.0|11791.0|13475.0|14209.0
 2014|F8381|30-34|W|GER|1580|295|1596.0|3200.0|4827.0|6461.0|6819.0|8169.0|9884.0|11651.0|13431.0|14209.0
 2014|F8338|55-59|W|SUI|1579|46|1697.0|3404.0|5088.0|6739.0|7101.0|8434.0|10124.0|11807.0|13490.0|14208.0
 2014|F2527|40-44|W|DEN|1578|317|1707.0|3405.0|5091.0|6771.0|7146.0|8499.0|10208.0|11851.0|13498.0|14207.0
 2014|F324|45-49|W|GER|1577|251|1628.0|3294.0|4969.0|6638.0|6994.0|8309.0|9996.0|11685.0|13446.0|14204.0
 2014|F4000|30-34|W|NED|1576|294|1658.0|3348.0|5038.0|6715.0|7074.0|8396.0|10089.0|11768.0|13464.0|14203.0
 2014|F9523|H|W|GER|1575|252|1661.0|3320.0|4970.0|6637.0|6990.0|8322.0|10050.0|11750.0|13464.0|14201.0
 2014|F3536|H|W|DEN|1574|251|1660.0|3318.0|4978.0|6630.0|6990.0|8293.0|9967.0|11674.0|13449.0|14201.0
 2014|F2133|55-59|W|GER|1573|45|1726.0|3455.0|5165.0|6874.0|7243.0|8549.0|10230.0|11864.0|13508.0|14200.0
 2014|F748|40-44|W|GER|1572|316|1629.0|3376.0|5059.0|6767.0|7124.0|8448.0|10220.0|11862.0|13511.0|14198.0
 2014|F5252|35-39|W|GBR|1571|284|1669.0|3326.0|4967.0|6618.0|6974.0|8287.0|9970.0|11635.0|13436.0|14196.0
 2014|F6453|40-44|W|AUS|1570|315|1598.0|3188.0|4776.0|6388.0|6740.0|8016.0|9726.0|11511.0|13379.0|14194.0
 2014|F629|30-34|W|GER|1569|293|1666.0|3325.0|4970.0|6637.0|7001.0|8304.0|9986.0|11676.0|13438.0|14194.0
 2014|F6890|50-54|W|NED|1568|114|1662.0|3361.0|5028.0|6687.0|7051.0|8395.0|10095.0|11768.0|13468.0|14193.0
 2014|F6411|40-44|W|ISR|1567|314|1524.0|3065.0|4636.0|6247.0|6601.0|7918.0|9690.0|11507.0|13380.0|14193.0
 2014|F9555|35-39|W|SUI|1566|283|1528.0|3081.0|4665.0|6304.0|6670.0|8109.0|9851.0|11542.0|13420.0|14193.0
 2014|F2361|30-34|W|NED|1565|292|1691.0|3423.0|5147.0|6823.0|7190.0|8513.0|10216.0|11882.0|13489.0|14192.0
 2014|F6594|40-44|W|DEN|1564|313|1706.0|3399.0|5071.0|6698.0|7051.0|8343.0|10031.0|11668.0|13436.0|14190.0
 2014|F7924|30-34|W|SUI|1563|291|1811.0|3566.0|5254.0|6899.0|7244.0|8516.0|10187.0|11835.0|13476.0|14188.0
 2014|F6341|45-49|W|FIN|1562|250|1642.0|3260.0|4886.0|6499.0|6857.0|8183.0|9886.0|11623.0|13426.0|14187.0
 2014|F8512|H|W|POL|1561|250|1683.0|3380.0|5065.0|6756.0|7128.0|8415.0|10093.0|11749.0|13474.0|14187.0
 2014|F3003|30-34|W|CHN|1560|290|1671.0|3326.0|4956.0|6611.0|6991.0|8388.0|10138.0|11829.0|13512.0|14186.0
 2014|F3397|H|W|DEN|1559|249|1758.0|3449.0|5098.0|6783.0|7150.0|8489.0|10177.0|11840.0|13493.0|14185.0
 2014|F5297|45-49|W|NOR|1558|249|1602.0|3232.0|4858.0|6497.0|6852.0|8165.0|9893.0|11620.0|13411.0|14184.0
 2014|F1644|40-44|W|ITA|1557|312|1615.0|3274.0|4890.0|6542.0|6902.0|8248.0|9977.0|11683.0|13430.0|14183.0
 2014|F9186|40-44|W|GER|1556|311|1607.0|3257.0|4945.0|6601.0|6961.0|8299.0|10014.0|11728.0|13473.0|14182.0
 2014|F7183|H|W|USA|1555|248|1652.0|3329.0|5020.0|6663.0|7020.0|8334.0|10015.0|11745.0|13475.0|14181.0
 2014|F1905|30-34|W|GER|1554|289|1727.0|3444.0|5148.0|6838.0|7194.0|8503.0|10168.0|11829.0|13495.0|14181.0
 2014|F2803|45-49|W|GER|1553|248|1710.0|3427.0|5118.0|6808.0|7170.0|8487.0|10174.0|11832.0|13480.0|14181.0
 2014|F4523|40-44|W|GBR|1552|310|1697.0|3392.0|5118.0|6741.0|7115.0|8446.0|10160.0|11844.0|13515.0|14181.0
 2014|F7182|30-34|W|USA|1551|288|1651.0|3328.0|5019.0|6661.0|7020.0|8333.0|10014.0|11745.0|13475.0|14181.0
 2014|F4364|35-39|W|SUI|1550|282|1623.0|3287.0|4901.0|6520.0|6871.0|8200.0|9939.0|11640.0|13389.0|14180.0
 2014|F8855|30-34|W|UKR|1549|287|1633.0|3295.0|4985.0|6684.0|7057.0|8431.0|10156.0|11778.0|13468.0|14179.0
 2014|F6166|40-44|W|GER|1548|309|1663.0|3362.0|5036.0|6715.0|7079.0|8420.0|10122.0|11805.0|13482.0|14179.0
 2014|F4256|H|W|DEN|1547|247|1614.0|3239.0|4855.0|6487.0|6845.0|8172.0|9906.0|11651.0|13421.0|14179.0
 2014|F5391|40-44|W|CRO|1546|308|1730.0|3428.0|5128.0|6824.0|7187.0|8534.0|10222.0|11861.0|13494.0|14178.0
 2014|F2621|45-49|W|ESP|1545|247|1654.0|3312.0|4979.0|6640.0|7007.0|8311.0|9969.0|11594.0|13339.0|14176.0
 2014|F1214|H|W|NED|1544|246|1667.0|3378.0|5051.0|6744.0|7112.0|8444.0|10142.0|11812.0|13480.0|14174.0
 2014|F5302|H|W|GBR|1543|245|1597.0|3240.0|4883.0|6540.0|6905.0|8252.0|9988.0|11703.0|13434.0|14171.0
 2014|F9038|35-39|W|NED|1542|281|1643.0|3294.0|4961.0|6608.0|6966.0|8277.0|9967.0|11702.0|13432.0|14171.0
 2014|F3351|35-39|W|NED|1541|280|1643.0|3294.0|4959.0|6608.0|6965.0|8277.0|9967.0|11701.0|13431.0|14170.0
 2014|F8330|45-49|W|GER|1540|246|1622.0|3249.0|4861.0|6523.0|6887.0|8198.0|9883.0|11588.0|13421.0|14170.0
 2014|F3209|40-44|W|GBR|1539|307|1681.0|3351.0|5031.0|6695.0|7058.0|8383.0|10058.0|11736.0|13443.0|14170.0
 2014|F7431|H|W|DEN|1538|244|1614.0|3277.0|4890.0|6520.0|6881.0|8178.0|9888.0|11663.0|13434.0|14168.0
 2014|F3773|30-34|W|GER|1537|286|1463.0|2995.0|4573.0|6212.0|6567.0|7903.0|9682.0|11462.0|13373.0|14168.0
 2014|F3331|45-49|W|GER|1536|245|1592.0|3202.0|4855.0|6499.0|6864.0|8166.0|9860.0|11591.0|13374.0|14166.0
 2014|F7250|50-54|W|AUS|1535|113|1638.0|3276.0|4916.0|6561.0|6926.0|8225.0|9910.0|11624.0|13380.0|14166.0
 2014|F8932|30-34|W|MEX|1534|285|1674.0|3357.0|5023.0|6710.0|7072.0|8396.0|10082.0|11766.0|13450.0|14166.0
 2014|F4442|30-34|W|GER|1533|284|1676.0|3344.0|5019.0|6703.0|7071.0|8394.0|10090.0|11744.0|13451.0|14165.0
 2014|F5425|30-34|W|GBR|1532|283|1701.0|3402.0|5080.0|6760.0|7127.0|8449.0|10107.0|11772.0|13441.0|14165.0
 2014|F5487|H|W|GER|1531|243|1557.0|3123.0|4799.0|6408.0|6768.0|8087.0|9847.0|11578.0|13366.0|14164.0
 2014|F7275|40-44|W|ARG|1530|306|1536.0|3099.0|4724.0|6402.0|6770.0|8116.0|9852.0|11607.0|13397.0|14164.0
 2014|F610|45-49|W|OMA|1529|244|1679.0|3351.0|4989.0|6635.0|6996.0|8333.0|10041.0|11713.0|13430.0|14164.0
 2014|F8448|40-44|W|CRO|1528|305|1730.0|3427.0|5127.0|6830.0|7187.0|8538.0|10228.0|11861.0|13493.0|14164.0
 2014|F3779|45-49|W|GER|1527|243|1596.0|3229.0|4969.0|6616.0|6963.0|8284.0|9977.0|11685.0|13410.0|14164.0
 2014|F6169|50-54|W|GER|1526|112|1604.0|3211.0|4828.0|6457.0|6819.0|8142.0|9856.0|11618.0|13400.0|14163.0
 2014|F1716|30-34|W|SUI|1525|282|1658.0|3205.0|4892.0|6439.0|6774.0|8230.0|9942.0|11654.0|13426.0|14162.0
 2014|F6402|50-54|W|DEN|1524|111|1655.0|3321.0|4968.0|6622.0|6991.0|8306.0|10000.0|11695.0|13396.0|14162.0
 2014|F3170|30-34|W|GER|1523|281|1672.0|3339.0|5020.0|6701.0|7058.0|8404.0|10105.0|11731.0|13422.0|14160.0
 2014|F5430|40-44|W|GER|1522|304|1736.0|3412.0|5058.0|6713.0|7077.0|8397.0|10066.0|11727.0|13404.0|14160.0
 2014|F7208|50-54|W|NED|1521|110|1711.0|3414.0|5048.0|6664.0|7025.0|8322.0|9972.0|11692.0|13413.0|14159.0
 2014|F3033|45-49|W|ITA|1520|242|1662.0|3308.0|4963.0|6612.0|6977.0|8293.0|9997.0|11689.0|13426.0|14157.0
 2014|F7010|35-39|W|GER|1519|279|1615.0|3190.0|4783.0|6366.0|6711.0|7982.0|9639.0|11438.0|13435.0|14156.0
 2014|F897|50-54|W|GER|1517|109|1684.0|3709.0|5968.0|8202.0|8706.0|NaN|NaN|NaN|13153.0|14156.0
 2014|F2237|35-39|W|SLO|1517|278|1530.0|3172.0|4785.0|6439.0|6806.0|8126.0|9848.0|11595.0|13359.0|14156.0
 2014|F2385|H|W|NED|1516|242|1571.0|3342.0|5030.0|6700.0|7067.0|8345.0|9996.0|11655.0|13392.0|14156.0
 2014|F7644|45-49|W|GER|1515|241|1696.0|3354.0|4965.0|6595.0|6950.0|8250.0|9959.0|11645.0|13393.0|14155.0
 2014|F4278|40-44|W|DEN|1514|303|1632.0|3290.0|4950.0|6608.0|6976.0|8287.0|9965.0|11677.0|13405.0|14154.0
 2014|F2874|45-49|W|DEN|1513|240|1661.0|3301.0|5059.0|6675.0|7038.0|8337.0|10004.0|11659.0|13388.0|14154.0
 2014|F7284|35-39|W|GER|1512|277|1556.0|3126.0|4700.0|6305.0|6657.0|7962.0|9683.0|11477.0|13357.0|14153.0
 2014|F5221|40-44|W|CAN|1511|302|1651.0|3314.0|4953.0|6609.0|6969.0|8267.0|9937.0|11695.0|13396.0|14151.0
 2014|F5011|45-49|W|NED|1510|239|1644.0|3308.0|4948.0|6600.0|6964.0|8294.0|10023.0|11705.0|13403.0|14150.0
 2014|F7807|45-49|W|GER|1509|238|1701.0|3407.0|5056.0|6745.0|7109.0|8441.0|10171.0|11755.0|13416.0|14150.0
 2014|F2799|40-44|W|POL|1508|301|1666.0|3318.0|4977.0|6632.0|6998.0|8326.0|9985.0|11659.0|13399.0|14150.0
 2014|F6670|30-34|W|GER|1507|280|1542.0|3102.0|4669.0|6304.0|6656.0|7998.0|9739.0|11518.0|13389.0|14150.0
 2014|F5968|50-54|W|DEN|1506|108|1592.0|3165.0|4836.0|6410.0|6764.0|8069.0|9792.0|11525.0|13335.0|14148.0
 2014|F6506|35-39|W|FRO|1505|276|1568.0|3181.0|4859.0|6540.0|6901.0|8225.0|9953.0|11671.0|13401.0|14147.0
 2014|F6686|H|W|GER|1504|241|1586.0|3171.0|4719.0|6306.0|6657.0|7959.0|9689.0|11467.0|13303.0|14144.0
 2014|F8760|H|W|ISL|1503|240|1651.0|3270.0|4934.0|6567.0|6932.0|8246.0|9936.0|11661.0|13424.0|14143.0
 2014|F9629|45-49|W|AUT|1502|237|1652.0|3293.0|4939.0|6603.0|6966.0|8312.0|10017.0|11731.0|13420.0|14137.0
 2014|F4160|40-44|W|CRC|1501|300|1631.0|3311.0|5038.0|6696.0|7052.0|8384.0|10101.0|11767.0|13414.0|14136.0
 2014|F9073|45-49|W|GER|1500|236|1665.0|3337.0|4995.0|6656.0|7018.0|8352.0|10059.0|11733.0|13416.0|14136.0
 2014|F2435|H|W|NOR|1499|239|1659.0|3255.0|4888.0|6542.0|6902.0|8257.0|9938.0|11643.0|13383.0|14135.0
 2014|F5191|H|W|GBR|1498|238|1702.0|3410.0|5061.0|6717.0|7067.0|8344.0|10052.0|11701.0|13427.0|14135.0
 2014|F3045|H|W|GER|1497|237|1657.0|3307.0|4948.0|6535.0|6888.0|8151.0|9817.0|11506.0|13346.0|14135.0
 2014|F8637|30-34|W|GBR|1496|279|1652.0|3242.0|4874.0|6513.0|6884.0|8218.0|9929.0|11644.0|13377.0|14135.0
 2014|F507|35-39|W|FIN|1495|275|1608.0|3238.0|4972.0|6616.0|6987.0|8322.0|10002.0|11711.0|13401.0|14134.0
 2014|F8107|30-34|W|SWE|1494|278|1665.0|3325.0|4997.0|6661.0|7022.0|8329.0|9987.0|11652.0|13395.0|14134.0
 2014|F5484|30-34|W|GER|1493|277|1711.0|3383.0|5076.0|6744.0|7105.0|8411.0|10086.0|11739.0|13412.0|14133.0
 2014|F2291|45-49|W|DEN|1492|235|1630.0|3252.0|4856.0|6493.0|6862.0|8173.0|9882.0|11603.0|13364.0|14133.0
 2014|F2687|40-44|W|GBR|1491|299|1706.0|3433.0|5162.0|6861.0|7231.0|8570.0|10219.0|11823.0|13412.0|14133.0
 2014|F2704|H|W|GER|1490|236|1575.0|3141.0|4742.0|6402.0|6763.0|8073.0|9843.0|11581.0|13385.0|14132.0
 2014|F229|55-59|W|GER|1489|44|1557.0|3105.0|4696.0|6340.0|6691.0|7981.0|9713.0|11464.0|13295.0|14131.0
 2014|F3265|50-54|W|SWE|1488|107|1671.0|3329.0|5032.0|6668.0|7028.0|8343.0|10047.0|11731.0|13424.0|14128.0
 2014|F5700|30-34|W|CAN|1487|276|1685.0|3385.0|5047.0|6690.0|7037.0|8312.0|9967.0|11605.0|13409.0|14127.0
 2014|F1167|35-39|W|BRA|1486|274|1627.0|3249.0|4881.0|6553.0|6923.0|8253.0|9950.0|11647.0|13385.0|14127.0
 2014|F2432|H|W|DEN|1485|235|1587.0|3213.0|4830.0|6441.0|6791.0|8090.0|9811.0|11539.0|13352.0|14127.0
 2014|F2062|35-39|W|MEX|1484|273|1555.0|3086.0|4627.0|6241.0|6588.0|7906.0|9642.0|11425.0|13295.0|14127.0
 2014|F908|H|W|GBR|1483|234|1479.0|3068.0|4658.0|6299.0|6668.0|7993.0|9714.0|11491.0|13377.0|14125.0
 2014|F461|50-54|W|GER|1482|106|1577.0|3179.0|4802.0|6451.0|6818.0|8144.0|9862.0|11607.0|13366.0|14124.0
 2014|F6651|55-59|W|USA|1480|43|1519.0|3110.0|4744.0|6451.0|6830.0|8184.0|9943.0|11661.0|13381.0|14123.0
 2014|F992|40-44|W|BEL|1480|298|1674.0|3335.0|4999.0|6683.0|7054.0|8359.0|10034.0|11714.0|13393.0|14123.0
 2014|F3403|40-44|W|NOR|1479|297|1659.0|3330.0|4999.0|6630.0|6993.0|8307.0|9978.0|11662.0|13384.0|14122.0
 2014|F7478|35-39|W|GER|1478|272|1582.0|3256.0|4911.0|6575.0|6936.0|8263.0|9950.0|11664.0|13386.0|14122.0
 2014|F2927|H|W|DEN|1477|233|1624.0|3229.0|4842.0|6458.0|6809.0|8094.0|9806.0|11580.0|13412.0|14120.0
 2014|F2952|50-54|W|GER|1476|105|1648.0|3271.0|4893.0|6520.0|6875.0|8192.0|9904.0|11627.0|13367.0|14120.0
 2014|F2875|30-34|W|GER|1475|275|1604.0|3211.0|4807.0|6441.0|6798.0|8117.0|9812.0|11594.0|13387.0|14120.0
 2014|F4069|40-44|W|DEN|1474|296|1657.0|3342.0|5005.0|6644.0|7002.0|8398.0|10070.0|11725.0|13432.0|14120.0
 2014|F5225|45-49|W|AUT|1473|234|1668.0|3328.0|4984.0|6646.0|7005.0|8316.0|10007.0|11684.0|13382.0|14120.0
 2014|F5654|35-39|W|DEN|1472|271|1685.0|3379.0|5045.0|6746.0|7116.0|8452.0|10157.0|11798.0|13411.0|14118.0
 2014|F4147|45-49|W|FRO|1471|233|1657.0|3324.0|5035.0|6697.0|7061.0|8391.0|10106.0|11772.0|13403.0|14118.0
 2014|F4623|45-49|W|BEL|1470|232|1618.0|3266.0|4859.0|6463.0|6816.0|8184.0|9863.0|11608.0|13353.0|14117.0
 2014|F1366|30-34|W|DEN|1469|274|1725.0|3396.0|5077.0|6689.0|7050.0|8340.0|10054.0|11722.0|13398.0|14116.0
 2014|F5502|30-34|W|DEN|1468|273|1572.0|3138.0|4707.0|6277.0|6618.0|7972.0|9691.0|11513.0|13330.0|14115.0
 2014|F8542|H|W|DEN|1467|232|1686.0|3380.0|5045.0|6746.0|7116.0|8452.0|10156.0|11798.0|13411.0|14114.0
 2014|F4418|35-39|W|GER|1466|270|1662.0|3335.0|5034.0|6744.0|7114.0|8455.0|10147.0|11772.0|13429.0|14114.0
 2014|F6942|45-49|W|BRA|1464|231|1648.0|3292.0|4921.0|6579.0|6935.0|8238.0|9915.0|11577.0|13398.0|14113.0
 2014|F3227|30-34|W|GER|1464|272|1669.0|3326.0|4940.0|6592.0|6943.0|8230.0|9888.0|11608.0|13359.0|14113.0
 2014|F7336|40-44|W|FRA|1463|295|1534.0|3073.0|4674.0|6256.0|6605.0|7908.0|9674.0|11427.0|13236.0|14113.0
 2014|F2754|40-44|W|GER|1462|294|1545.0|3125.0|4739.0|6399.0|6758.0|8108.0|9837.0|11606.0|13369.0|14113.0
 2014|F5081|35-39|W|NOR|1461|269|1680.0|3335.0|4988.0|6677.0|7049.0|8391.0|10086.0|11750.0|13420.0|14112.0
 2014|F3945|45-49|W|NOR|1460|230|1603.0|3227.0|4840.0|6469.0|6821.0|8122.0|9816.0|11535.0|13329.0|14111.0
 2014|F5659|40-44|W|ESP|1459|293|1698.0|3325.0|4969.0|6634.0|7012.0|8363.0|10094.0|11787.0|13417.0|14111.0
 2014|F8300|30-34|W|GER|1457|271|1626.0|3226.0|4921.0|6601.0|6968.0|8314.0|10038.0|11706.0|13400.0|14110.0
 2014|F6444|40-44|W|AUT|1457|292|1635.0|3260.0|4854.0|6452.0|6820.0|8152.0|9837.0|11542.0|13345.0|14110.0
 2014|F4670|35-39|W|NED|1456|268|1717.0|3439.0|5130.0|6793.0|7146.0|8459.0|10130.0|11767.0|13407.0|14110.0
 2014|F861|45-49|W|GBR|1455|229|1682.0|3361.0|5002.0|6650.0|7006.0|8371.0|10019.0|11688.0|13388.0|14109.0
 2014|F6329|H|W|DEN|1454|231|1650.0|3329.0|4974.0|6644.0|7008.0|8333.0|10053.0|11726.0|13394.0|14109.0
 2014|F2657|35-39|W|SLO|1453|267|1668.0|3371.0|5048.0|6721.0|7085.0|8417.0|10134.0|11783.0|13406.0|14108.0
 2014|F6761|30-34|W|SWE|1452|270|1648.0|3314.0|4987.0|6676.0|7038.0|8354.0|10042.0|11720.0|13393.0|14107.0
 2014|F5385|35-39|W|SWE|1451|266|1701.0|3394.0|5064.0|6732.0|7099.0|8422.0|10107.0|11780.0|13420.0|14107.0
 2014|F2008|30-34|W|GBR|1450|269|1545.0|3129.0|4725.0|6312.0|6663.0|7980.0|9706.0|11522.0|13352.0|14106.0
 2014|F4605|50-54|W|GBR|1449|104|1621.0|3250.0|4876.0|6512.0|6871.0|8200.0|9923.0|11625.0|13366.0|14106.0
 2014|F1785|35-39|W|HKG|1448|265|1613.0|3272.0|4955.0|6657.0|7025.0|8375.0|10067.0|11766.0|13401.0|14105.0
 2014|F3343|30-34|W|GER|1447|268|1614.0|3233.0|4871.0|6498.0|6856.0|8177.0|9881.0|11622.0|13367.0|14105.0
 2014|F1177|50-54|W|USA|1446|103|1614.0|3240.0|4868.0|6513.0|6870.0|8201.0|9905.0|11602.0|13346.0|14104.0
 2014|F3317|40-44|W|SUI|1445|291|1597.0|3239.0|4830.0|6445.0|6801.0|8110.0|9825.0|11538.0|13324.0|14104.0
 2014|F1667|30-34|W|ITA|1444|267|1702.0|3378.0|5043.0|6715.0|7084.0|8390.0|10053.0|11715.0|13385.0|14103.0
 2014|F6621|40-44|W|USA|1443|290|1641.0|3307.0|4945.0|6581.0|6945.0|8251.0|9951.0|11598.0|13320.0|14102.0
 2014|F4244|H|W|DEN|1442|230|1649.0|3333.0|5029.0|6716.0|7076.0|8435.0|10096.0|11742.0|13390.0|14101.0
 2014|F8679|40-44|W|DEN|1441|289|1602.0|3272.0|5118.0|6803.0|7165.0|8468.0|10153.0|11765.0|13406.0|14099.0
 2014|F8271|H|W|NED|1440|229|1807.0|3556.0|5233.0|6868.0|7234.0|8534.0|10172.0|11762.0|13376.0|14098.0
 2014|F8830|35-39|W|FRA|1439|264|1626.0|3241.0|4909.0|6593.0|6950.0|8288.0|10001.0|11685.0|13381.0|14098.0
 2014|F7702|H|W|GER|1438|228|1735.0|3432.0|5092.0|6734.0|7093.0|8374.0|10042.0|11705.0|13396.0|14092.0
 2014|F4071|35-39|W|DEN|1437|263|1624.0|3296.0|4948.0|6688.0|7053.0|8338.0|10042.0|11734.0|13400.0|14092.0
 2014|F7510|55-59|W|GBR|1436|42|1659.0|3335.0|4999.0|6692.0|7048.0|8347.0|10017.0|11647.0|13333.0|14092.0
 2014|F7136|45-49|W|GER|1435|228|1606.0|3214.0|4818.0|6430.0|6784.0|8095.0|9832.0|11547.0|13324.0|14091.0
 2014|F2566|50-54|W|GER|1434|102|1679.0|3290.0|4909.0|6578.0|7015.0|8317.0|10031.0|11667.0|13318.0|14089.0
 2014|F1133|45-49|W|FRA|1432|227|1630.0|3230.0|4854.0|6471.0|6831.0|8201.0|9855.0|11549.0|13326.0|14088.0
 2014|F6464|JA|W|SWE|1432|5|1666.0|3317.0|4993.0|6657.0|7024.0|8351.0|10045.0|11690.0|13350.0|14088.0
 2014|F2784|H|W|GER|1431|227|1648.0|3258.0|4837.0|6476.0|6836.0|8175.0|9947.0|11662.0|13340.0|14087.0
 2014|F8722|45-49|W|AUS|1430|226|1620.0|3245.0|4841.0|6426.0|6766.0|8045.0|9794.0|11558.0|13343.0|14085.0
 2014|F1439|H|W|GER|1429|226|1520.0|3080.0|4637.0|6255.0|6588.0|7959.0|9867.0|11582.0|13360.0|14085.0
 2014|F5935|45-49|W|GER|1428|225|1579.0|3122.0|4686.0|6281.0|6632.0|7923.0|9618.0|11395.0|13256.0|14083.0
 2014|F5260|40-44|W|SWE|1427|288|1610.0|3262.0|4918.0|6589.0|6949.0|8273.0|9964.0|11658.0|13373.0|14081.0
 2014|F771|50-54|W|NOR|1426|101|1663.0|3330.0|4962.0|6635.0|6990.0|8304.0|9968.0|11622.0|13318.0|14077.0
 2014|F6129|40-44|W|AUS|1425|287|1669.0|3343.0|4998.0|6646.0|7007.0|8316.0|9985.0|11649.0|13343.0|14076.0
 2014|F5988|H|W|RUS|1424|225|1714.0|3419.0|5089.0|6757.0|7116.0|8429.0|10092.0|11738.0|13360.0|14076.0
 2014|F2093|35-39|W|DEN|1423|262|1632.0|3301.0|5031.0|6725.0|7096.0|8428.0|10136.0|11756.0|13385.0|14073.0
 2014|F3643|30-34|W|GER|1422|266|1665.0|3354.0|5024.0|6711.0|7077.0|8401.0|10077.0|11724.0|13380.0|14072.0
 2014|F3487|55-59|W|GER|1421|41|1617.0|3276.0|4922.0|6560.0|6911.0|8193.0|9823.0|11490.0|13224.0|14072.0
 2014|F8705|30-34|W|NED|1420|265|1688.0|3442.0|5131.0|6778.0|7138.0|8473.0|10154.0|11777.0|13387.0|14071.0
 2014|F8968|30-34|W|GER|1419|264|1670.0|3343.0|5031.0|6720.0|7090.0|8417.0|10118.0|11789.0|13424.0|14070.0
 2014|F9525|55-59|W|NED|1418|40|1565.0|3166.0|4780.0|6404.0|6770.0|8105.0|9826.0|11541.0|13312.0|14068.0
 2014|F3688|45-49|W|FRO|1417|224|1657.0|3325.0|5035.0|6697.0|7061.0|8391.0|10106.0|11772.0|13397.0|14068.0
 2014|F3813|JA|W|GER|1416|4|1642.0|3319.0|4971.0|6635.0|6998.0|8319.0|10011.0|11688.0|13363.0|14068.0
 2014|F639|45-49|W|DEN|1415|223|1642.0|3315.0|4974.0|6629.0|6986.0|8313.0|9961.0|11629.0|13325.0|14066.0
 2014|F1568|30-34|W|FRA|1414|263|1600.0|3230.0|4894.0|6502.0|6848.0|8139.0|9809.0|11520.0|13307.0|14063.0
 2014|F1670|H|W|SRB|1413|224|1608.0|3235.0|4867.0|6536.0|6887.0|8207.0|9901.0|11584.0|13306.0|14063.0
 2014|F9638|30-34|W|MEX|1412|262|1615.0|3229.0|4893.0|6542.0|6895.0|8197.0|9911.0|11616.0|13331.0|14061.0
 2014|F8463|40-44|W|SWE|1411|286|1648.0|3306.0|4962.0|6637.0|6997.0|8313.0|10015.0|11691.0|13342.0|14061.0
 2014|F4026|35-39|W|IRL|1410|261|1580.0|3157.0|4797.0|6412.0|6768.0|8085.0|9842.0|11506.0|13293.0|14060.0
 2014|F1342|30-34|W|GBR|1409|261|1455.0|2918.0|4366.0|5844.0|6164.0|7424.0|9163.0|11130.0|13288.0|14056.0
 2014|F1453|35-39|W|GER|1408|260|1716.0|3363.0|5002.0|6644.0|7000.0|8297.0|9997.0|11675.0|13343.0|14056.0
 2014|F2360|30-34|W|GER|1407|260|1624.0|3222.0|4793.0|6393.0|6748.0|8022.0|9796.0|11548.0|13315.0|14054.0
 2014|F4777|40-44|W|GER|1406|285|1610.0|3234.0|4839.0|6462.0|6805.0|8087.0|9821.0|11471.0|13308.0|14054.0
 2014|F5126|45-49|W|BRA|1405|222|1587.0|3171.0|4769.0|6365.0|6713.0|8007.0|9671.0|11392.0|13229.0|14053.0
 2014|F7563|45-49|W|SUI|1404|221|1637.0|3341.0|5030.0|6699.0|7054.0|8383.0|10074.0|11717.0|13352.0|14051.0
 2014|F885|50-54|W|SUI|1403|100|1497.0|3004.0|4595.0|6166.0|6495.0|7780.0|9535.0|11402.0|13288.0|14051.0
 2014|F1640|40-44|W|COL|1402|284|1560.0|3098.0|4734.0|6288.0|6701.0|7986.0|9825.0|11527.0|13337.0|14050.0
 2014|F1832|35-39|W|PHI|1401|259|1714.0|3372.0|5010.0|6661.0|7019.0|8317.0|9993.0|11653.0|13300.0|14050.0
 2014|F9136|30-34|W|POL|1400|259|1637.0|3254.0|4876.0|6502.0|6862.0|8156.0|9820.0|11516.0|13295.0|14049.0
 2014|F7556|40-44|W|MEX|1399|283|1657.0|3287.0|4897.0|6575.0|6946.0|8242.0|9891.0|11558.0|13291.0|14045.0
 2014|F780|45-49|W|FRA|1398|220|1682.0|3330.0|4984.0|6624.0|6985.0|8315.0|10007.0|11683.0|13353.0|14042.0
 2014|F2401|30-34|W|GER|1397|258|1701.0|3365.0|5017.0|6675.0|7031.0|8339.0|10031.0|11686.0|13342.0|14041.0
 2014|F3048|H|W|GBR|1396|223|1695.0|3402.0|5141.0|6842.0|7218.0|8551.0|10229.0|11855.0|13397.0|14039.0
 2014|F4575|40-44|W|POL|1395|282|1564.0|3159.0|4757.0|6372.0|6724.0|8028.0|9731.0|11484.0|13280.0|14038.0
 2014|F4101|H|W|SWE|1394|222|1589.0|3184.0|4837.0|6500.0|6855.0|8170.0|9863.0|11635.0|13331.0|14033.0
 2014|F947|30-34|W|USA|1393|257|1578.0|3186.0|4769.0|6381.0|6729.0|8041.0|9734.0|11460.0|13250.0|14032.0
 2014|F4401|45-49|W|SUI|1392|219|1677.0|3377.0|5019.0|6657.0|7005.0|8311.0|9992.0|11631.0|13325.0|14031.0
 2014|F720|45-49|W|BRA|1391|218|1589.0|3193.0|4804.0|6429.0|6792.0|8107.0|9826.0|11553.0|13286.0|14030.0
 2014|F3645|35-39|W|GER|1390|258|1622.0|3256.0|4858.0|6480.0|6831.0|8122.0|9773.0|11457.0|13241.0|14029.0
 2014|F517|45-49|W|GER|1389|217|1661.0|3361.0|5036.0|6681.0|7039.0|8313.0|9978.0|11612.0|13316.0|14026.0
 2014|F9322|30-34|W|SWE|1388|256|1596.0|3204.0|4798.0|6380.0|6719.0|8002.0|9678.0|11390.0|13223.0|14026.0
 2014|F8904|30-34|W|FRA|1387|255|1589.0|3191.0|4970.0|6732.0|7102.0|8395.0|10034.0|11667.0|13319.0|14026.0
 2014|F5777|35-39|W|GER|1386|257|1676.0|3337.0|4993.0|6643.0|7020.0|8359.0|10063.0|11687.0|13333.0|14025.0
 2014|F2206|45-49|W|GER|1385|216|1637.0|3278.0|4910.0|6562.0|6916.0|8203.0|9842.0|11504.0|13240.0|14025.0
 2014|F449|65-69|W|DEN|1384|1|1514.0|3061.0|4626.0|6202.0|6538.0|7793.0|9611.0|11327.0|13185.0|14018.0
 2014|F4645|45-49|W|DEN|1383|215|1655.0|3326.0|5004.0|6652.0|7002.0|8287.0|9986.0|11630.0|13293.0|14018.0
 2014|F8015|H|W|GBR|1382|221|1657.0|3295.0|4910.0|6534.0|6962.0|8238.0|9925.0|11595.0|13289.0|14018.0
 2014|F5622|40-44|W|NED|1381|281|1659.0|3347.0|5078.0|6717.0|7065.0|8359.0|10009.0|11645.0|13298.0|14017.0
 2014|F2523|30-34|W|HUN|1380|254|1724.0|3373.0|5018.0|6677.0|7035.0|8323.0|9984.0|11661.0|13325.0|14017.0
 2014|F1163|40-44|W|GER|1379|280|1461.0|3008.0|4568.0|6142.0|6489.0|7806.0|9533.0|11291.0|13180.0|14015.0
 2014|F5514|55-59|W|DEN|1378|39|1508.0|3040.0|4592.0|6246.0|6588.0|7921.0|9598.0|11303.0|13151.0|14014.0
 2014|F6301|60-64|W|GER|1377|14|1603.0|3195.0|4822.0|6426.0|6776.0|8107.0|9823.0|11519.0|13249.0|14008.0
 2014|F4986|45-49|W|GER|1376|214|1602.0|3205.0|4805.0|6407.0|6753.0|8045.0|9715.0|11415.0|13227.0|14006.0
 2014|F3212|30-34|W|ITA|1375|253|1572.0|3122.0|4682.0|6278.0|6619.0|7894.0|9578.0|11315.0|13194.0|14006.0
 2014|F1510|30-34|W|GBR|1374|252|1696.0|3393.0|5027.0|6678.0|7041.0|8333.0|9994.0|11652.0|13293.0|14005.0
 2014|F2712|H|W|GER|1373|220|1640.0|3217.0|4800.0|6379.0|6733.0|7985.0|9608.0|11308.0|13167.0|14004.0
 2014|F6327|H|W|DEN|1372|219|1482.0|3022.0|4534.0|6063.0|6401.0|7659.0|9382.0|11243.0|13159.0|14003.0
 2014|F1384|35-39|W|FRA|1371|256|1641.0|3312.0|4944.0|6603.0|6963.0|8289.0|9996.0|11644.0|13315.0|14002.0
 2014|F7960|45-49|W|GER|1370|213|1672.0|3329.0|4964.0|6625.0|6994.0|8320.0|10004.0|11669.0|13311.0|14002.0
 2014|F6192|50-54|W|CHI|1369|99|1589.0|3176.0|4750.0|6341.0|6692.0|7978.0|9685.0|11440.0|13253.0|14002.0
 2014|F9562|35-39|W|NED|1368|255|1617.0|3215.0|4844.0|6492.0|6847.0|8180.0|9869.0|11559.0|13257.0|14001.0
 2014|F6024|35-39|W|GER|1367|254|1665.0|3320.0|4974.0|6617.0|6973.0|8289.0|9979.0|11679.0|13319.0|14001.0
 2014|F6763|30-34|W|SWE|1366|251|1636.0|3292.0|4954.0|6617.0|6984.0|8316.0|10003.0|11638.0|13286.0|13998.0
 2014|F6425|40-44|W|FIN|1365|279|1653.0|3279.0|4935.0|6582.0|6942.0|8265.0|10004.0|11665.0|13301.0|13998.0
 2014|F3374|50-54|W|NOR|1364|98|1581.0|3169.0|4772.0|6374.0|6726.0|8008.0|9665.0|11369.0|13194.0|13995.0
 2014|F6210|35-39|W|GER|1363|253|1552.0|3111.0|4665.0|6260.0|6609.0|7906.0|9642.0|11451.0|13256.0|13995.0
 2014|F9512|50-54|W|GER|1362|97|1649.0|3298.0|4920.0|6524.0|6874.0|8159.0|9822.0|11570.0|13268.0|13995.0
 2014|F6239|30-34|W|IRL|1361|250|1670.0|3344.0|5010.0|6674.0|7047.0|8366.0|10030.0|11662.0|13299.0|13993.0
 2014|F4263|30-34|W|GER|1360|249|1578.0|3213.0|4820.0|6440.0|6794.0|8067.0|9747.0|11476.0|13240.0|13993.0
 2014|F3640|40-44|W|AUS|1359|278|1630.0|3270.0|4873.0|6484.0|6834.0|8136.0|9800.0|11455.0|13234.0|13991.0
 2014|F5717|40-44|W|ESP|1358|277|1679.0|3367.0|5051.0|6720.0|7088.0|8391.0|10038.0|11669.0|13300.0|13990.0
 2014|F1744|45-49|W|FRA|1357|212|1860.0|3536.0|5155.0|6771.0|7123.0|8412.0|10049.0|11637.0|13275.0|13988.0
 2014|F7973|H|W|NED|1356|218|1513.0|3037.0|4545.0|6153.0|6527.0|7907.0|9667.0|11459.0|13259.0|13988.0
 2014|F7679|45-49|W|GER|1354|211|1602.0|3214.0|4856.0|6465.0|6811.0|8118.0|9771.0|11474.0|13219.0|13987.0
 2014|F7273|30-34|W|GER|1354|248|1671.0|3357.0|5035.0|6695.0|7058.0|8364.0|10008.0|11640.0|13280.0|13987.0
 2014|F7237|40-44|W|CAN|1353|276|1681.0|3332.0|4916.0|6495.0|6844.0|8143.0|9798.0|11485.0|13207.0|13987.0
 2014|F8772|60-64|W|ITA|1352|13|1557.0|3111.0|4706.0|6340.0|6694.0|8015.0|9700.0|11400.0|13191.0|13987.0
 2014|F2631|35-39|W|ESP|1351|252|1646.0|3263.0|4869.0|6472.0|6827.0|8103.0|9748.0|11430.0|13227.0|13986.0
 2014|F712|40-44|W|GBR|1350|275|1579.0|3198.0|4835.0|6449.0|6797.0|8102.0|9767.0|11438.0|13217.0|13984.0
 2014|F7125|H|W|GER|1349|217|1611.0|3234.0|4826.0|6410.0|6757.0|8062.0|9712.0|11381.0|13197.0|13984.0
 2014|F7459|45-49|W|FRA|1348|210|1599.0|3221.0|4821.0|6401.0|6743.0|8027.0|9710.0|11367.0|13195.0|13984.0
 2014|F4977|45-49|W|GER|1347|209|1531.0|3076.0|4626.0|6186.0|6538.0|7838.0|9556.0|11348.0|13180.0|13982.0
 2014|F9542|50-54|W|GER|1346|96|1532.0|3076.0|4658.0|6278.0|6636.0|7937.0|9636.0|11379.0|13170.0|13980.0
 2014|F3047|40-44|W|GBR|1345|274|1671.0|3352.0|4988.0|6651.0|7008.0|8307.0|9965.0|11595.0|13260.0|13980.0
 2014|F5535|50-54|W|GER|1344|95|1613.0|3219.0|4813.0|6430.0|6769.0|8055.0|9709.0|11416.0|13220.0|13979.0
 2014|F1924|H|W|GBR|1343|216|1613.0|3220.0|4859.0|6508.0|6864.0|8152.0|9812.0|11504.0|13228.0|13979.0
 2014|F1004|30-34|W|GBR|1342|247|1706.0|3387.0|5059.0|6709.0|7070.0|8356.0|10024.0|11644.0|13311.0|13979.0
 2014|F7720|40-44|W|GER|1341|273|1625.0|3287.0|4901.0|6533.0|6889.0|8202.0|9884.0|11570.0|13252.0|13978.0
 2014|F3355|45-49|W|BRA|1340|208|1652.0|3422.0|5047.0|6682.0|7054.0|8342.0|9978.0|11597.0|13258.0|13978.0
 2014|F2181|55-59|W|GER|1339|38|1605.0|3222.0|4783.0|6422.0|6768.0|8046.0|9760.0|11489.0|13238.0|13976.0
 2014|F8844|45-49|W|NOR|1338|207|1665.0|3322.0|4944.0|6589.0|6946.0|8253.0|9913.0|11565.0|13219.0|13975.0
 2014|F850|50-54|W|DEN|1337|94|1611.0|3230.0|4818.0|6428.0|6781.0|8052.0|9697.0|11388.0|13178.0|13970.0
 2014|F8346|45-49|W|NOR|1335|206|1569.0|3148.0|4705.0|6299.0|6651.0|7938.0|9638.0|11361.0|13195.0|13969.0
 2014|F7948|55-59|W|GER|1335|37|1617.0|3275.0|4923.0|6562.0|6911.0|8190.0|9846.0|11489.0|13177.0|13969.0
 2014|F5993|30-34|W|GBR|1334|246|1622.0|3267.0|4925.0|6576.0|6941.0|8263.0|9965.0|11621.0|13279.0|13969.0
 2014|F6571|50-54|W|DEN|1333|93|1628.0|3263.0|4888.0|6516.0|6868.0|8209.0|9894.0|11569.0|13247.0|13968.0
 2014|F1724|35-39|W|SVK|1332|251|1678.0|3339.0|4973.0|6600.0|6962.0|8231.0|9878.0|11544.0|13241.0|13968.0
 2014|F7494|35-39|W|NOR|1331|250|1638.0|3278.0|4882.0|6512.0|6867.0|8166.0|9846.0|11522.0|13236.0|13967.0
 2014|F4176|30-34|W|FRA|1329|245|1586.0|3157.0|4783.0|6391.0|6745.0|8061.0|9731.0|11436.0|13211.0|13965.0
 2014|F3259|40-44|W|DEN|1329|272|1631.0|3250.0|4865.0|6487.0|6840.0|8122.0|9756.0|11506.0|13213.0|13965.0
 2014|F6502|45-49|W|SWE|1328|205|1587.0|3238.0|4893.0|6539.0|6886.0|8217.0|9987.0|11654.0|13300.0|13964.0
 2014|F5754|50-54|W|GER|1327|92|1621.0|3236.0|4825.0|6462.0|6820.0|8135.0|9832.0|11542.0|13232.0|13964.0
 2014|F2301|40-44|W|SLO|1326|271|1658.0|3316.0|4981.0|6652.0|7008.0|8303.0|10014.0|11646.0|13261.0|13964.0
 2014|F2898|H|W|DEN|1325|215|1610.0|3246.0|4888.0|6563.0|6968.0|8273.0|9962.0|11620.0|13280.0|13962.0
 2014|F2956|40-44|W|JPN|1324|270|1730.0|3425.0|5066.0|6716.0|7081.0|8398.0|10076.0|11659.0|13272.0|13962.0
 2014|F8366|35-39|W|GBR|1323|249|1630.0|3237.0|4895.0|6569.0|6925.0|8235.0|9948.0|11567.0|13261.0|13959.0
 2014|F9508|30-34|W|ISR|1322|244|1671.0|3324.0|4963.0|6659.0|7024.0|8355.0|10004.0|11648.0|13303.0|13954.0
 2014|F741|50-54|W|FRA|1321|91|1649.0|3318.0|5016.0|6704.0|7064.0|8367.0|9989.0|11594.0|13241.0|13950.0
 2014|F6344|40-44|W|GER|1320|269|1508.0|3049.0|4638.0|6274.0|6624.0|7907.0|9586.0|11308.0|13114.0|13949.0
 2014|F6503|40-44|W|SWE|1319|268|1538.0|3096.0|4686.0|6298.0|6651.0|7915.0|9579.0|11351.0|13187.0|13948.0
 2014|F2386|35-39|W|GBR|1318|248|1606.0|3201.0|4987.0|6637.0|6985.0|8285.0|9925.0|11584.0|13245.0|13947.0
 2014|F4445|40-44|W|GER|1317|267|1660.0|3320.0|4974.0|6622.0|6985.0|8294.0|9940.0|11577.0|13234.0|13947.0
 2014|F7380|35-39|W|GER|1316|247|1644.0|3264.0|4877.0|6509.0|6869.0|8159.0|9827.0|11525.0|13209.0|13946.0
 2014|F6561|50-54|W|GBR|1315|90|1680.0|3322.0|4961.0|6597.0|6958.0|8250.0|9919.0|11528.0|13198.0|13945.0
 2014|F2683|45-49|W|GER|1314|204|1561.0|3147.0|4761.0|6396.0|6757.0|8055.0|9746.0|11456.0|13199.0|13944.0
 2014|F5867|35-39|W|GBR|1313|246|1686.0|3318.0|4906.0|6497.0|6847.0|8119.0|9778.0|11439.0|13179.0|13944.0
 2014|F2098|H|W|RUS|1312|214|1622.0|3235.0|4830.0|6416.0|6761.0|8049.0|9813.0|11504.0|13225.0|13943.0
 2014|F6345|40-44|W|GER|1311|266|1606.0|3233.0|4840.0|6449.0|6805.0|8118.0|9789.0|11511.0|13227.0|13943.0
 2014|F5310|40-44|W|BEL|1310|265|1576.0|3147.0|4730.0|6327.0|6672.0|7963.0|9636.0|11372.0|13152.0|13942.0
 2014|F8426|40-44|W|GBR|1309|264|1670.0|3344.0|5003.0|6661.0|7027.0|8330.0|9995.0|11613.0|13252.0|13942.0
 2014|F611|H|W|GER|1308|213|1662.0|3302.0|4909.0|6536.0|6887.0|8177.0|9827.0|11480.0|13164.0|13939.0
 2014|F6491|40-44|W|GER|1307|263|1643.0|3300.0|4934.0|6572.0|6919.0|8212.0|9871.0|11531.0|13199.0|13937.0
 2014|F7428|40-44|W|DEN|1306|262|1602.0|3140.0|4715.0|6286.0|6639.0|7922.0|9684.0|11378.0|13122.0|13934.0
 2014|F6071|H|W|GBR|1305|212|1583.0|3197.0|4814.0|6463.0|6826.0|8151.0|9829.0|11493.0|13223.0|13933.0
 2014|F8313|45-49|W|USA|1304|203|1644.0|3263.0|4869.0|6483.0|6838.0|8116.0|9768.0|11476.0|13226.0|13933.0
 2014|F8393|45-49|W|JPN|1303|202|1633.0|3245.0|4881.0|6537.0|6897.0|8191.0|9865.0|11515.0|13193.0|13933.0
 2014|F9303|H|W|POL|1302|211|1600.0|3199.0|4793.0|6396.0|6748.0|8030.0|9700.0|11407.0|13187.0|13932.0
 2014|F1478|55-59|W|GER|1301|36|1610.0|3240.0|4877.0|6518.0|6877.0|8195.0|9869.0|11533.0|13214.0|13931.0
 2014|F8871|30-34|W|GER|1300|243|1595.0|3205.0|4799.0|6387.0|6744.0|8027.0|9653.0|11370.0|13168.0|13929.0
 2014|F5795|40-44|W|GBR|1299|261|1630.0|3231.0|4869.0|6531.0|6893.0|8219.0|9864.0|11495.0|13202.0|13928.0
 2014|F1825|40-44|W|FRA|1298|260|1539.0|3090.0|4709.0|6311.0|6650.0|7935.0|9661.0|11338.0|13155.0|13925.0
 2014|F5103|40-44|W|FRA|1297|259|1642.0|3260.0|4942.0|6553.0|6909.0|8211.0|9901.0|11588.0|13230.0|13925.0
 2014|F9355|H|W|GER|1296|210|1551.0|3132.0|4717.0|6329.0|6682.0|7978.0|9661.0|11377.0|13146.0|13925.0
 2014|F8757|40-44|W|ESP|1295|258|1685.0|3371.0|5034.0|6701.0|7060.0|8363.0|10026.0|11633.0|13216.0|13924.0
 2014|F1772|40-44|W|ESP|1294|257|1685.0|3371.0|5037.0|6700.0|7060.0|8363.0|10021.0|11634.0|13215.0|13924.0
 2014|F6716|45-49|W|DEN|1293|201|1646.0|3289.0|4925.0|6564.0|6924.0|8216.0|9944.0|11570.0|13211.0|13921.0
 2014|F5455|50-54|W|GER|1292|89|1510.0|3064.0|4621.0|6219.0|6583.0|7870.0|9587.0|11319.0|13128.0|13920.0
 2014|F1794|30-34|W|TPE|1291|242|1646.0|3188.0|4800.0|6410.0|6765.0|8100.0|9841.0|11534.0|13215.0|13918.0
 2014|F8824|40-44|W|POL|1290|256|1631.0|3238.0|4861.0|6495.0|6847.0|8150.0|9813.0|11477.0|13187.0|13917.0
 2014|F6541|50-54|W|NED|1289|88|1632.0|3282.0|4977.0|6649.0|7015.0|8343.0|10003.0|11628.0|13238.0|13916.0
 2014|F5417|H|W|GER|1288|209|1642.0|3233.0|4829.0|6522.0|6889.0|8195.0|9906.0|11551.0|13192.0|13916.0
 2014|F5058|50-54|W|SUI|1287|87|1675.0|3253.0|4846.0|6515.0|6881.0|8180.0|9811.0|11493.0|13161.0|13915.0
 2014|F8280|30-34|W|IND|1286|241|1652.0|3308.0|4936.0|6586.0|6944.0|8242.0|9912.0|11561.0|13199.0|13912.0
 2014|F7446|40-44|W|DEN|1285|255|1670.0|3354.0|5049.0|6732.0|7094.0|8427.0|10070.0|11667.0|13240.0|13912.0
 2014|F6275|40-44|W|GER|1284|254|1599.0|3230.0|4831.0|6483.0|6846.0|8169.0|9857.0|11579.0|13234.0|13911.0
 2014|F7962|45-49|W|GER|1283|200|1671.0|3315.0|4946.0|6579.0|6933.0|8211.0|9865.0|11531.0|13183.0|13910.0
 2014|F1981|30-34|W|PAR|1282|240|1624.0|3261.0|4827.0|6432.0|6786.0|8080.0|9770.0|11387.0|13192.0|13909.0
 2014|F3267|45-49|W|CAN|1281|199|1619.0|3253.0|4901.0|6566.0|6931.0|8236.0|9914.0|11584.0|13203.0|13906.0
 2014|F7260|45-49|W|GER|1280|198|1621.0|3288.0|4937.0|6603.0|6964.0|8273.0|9933.0|11570.0|13205.0|13906.0
 2014|F5461|45-49|W|DEN|1279|197|1593.0|3202.0|4803.0|6441.0|6865.0|8168.0|9826.0|11508.0|13177.0|13906.0
 2014|F1057|30-34|W|GBR|1278|239|1573.0|3140.0|4694.0|6267.0|6608.0|7923.0|9721.0|11435.0|13182.0|13900.0
 2014|F7887|H|W|GER|1277|208|1572.0|3181.0|4810.0|6430.0|6778.0|8081.0|9736.0|11411.0|13153.0|13900.0
 2014|F5075|45-49|W|GER|1276|196|1581.0|3191.0|4796.0|6422.0|6775.0|8083.0|9760.0|11465.0|13175.0|13897.0
 2014|F9108|30-34|W|GBR|1275|238|1624.0|3292.0|4950.0|6577.0|6926.0|8205.0|9849.0|11502.0|13172.0|13896.0
 2014|F7518|30-34|W|AUS|1274|237|1566.0|3148.0|4753.0|6374.0|6730.0|8050.0|9717.0|11380.0|13135.0|13896.0
 2014|F5974|30-34|W|SWE|1273|236|1547.0|3118.0|4700.0|6293.0|6643.0|7967.0|9653.0|11357.0|13141.0|13893.0
 2014|F399|50-54|W|GER|1272|86|1542.0|3140.0|4751.0|6402.0|6757.0|8069.0|9756.0|11450.0|13152.0|13893.0
 2014|F6181|40-44|W|FRA|1271|253|1709.0|3272.0|4885.0|6517.0|6867.0|8132.0|9756.0|11373.0|13036.0|13892.0
 2014|F205|55-59|W|GER|1270|35|1630.0|3319.0|4966.0|6602.0|6959.0|8226.0|9896.0|11533.0|13176.0|13892.0
 2014|F5178|30-34|W|DEN|1269|235|1645.0|3283.0|4863.0|6461.0|6812.0|8123.0|9802.0|11463.0|13184.0|13889.0
 2014|F6852|55-59|W|ITA|1268|34|1555.0|3150.0|4746.0|6382.0|6738.0|8050.0|9764.0|11452.0|13145.0|13887.0
 2014|F9278|55-59|W|USA|1267|33|1578.0|3179.0|4750.0|6343.0|6744.0|7995.0|9626.0|11286.0|13053.0|13886.0
 2014|F6279|H|W|GER|1266|207|1636.0|3260.0|4881.0|6501.0|6848.0|8127.0|9790.0|11457.0|13164.0|13885.0
 2014|F2076|30-34|W|GBR|1265|234|1669.0|3301.0|4966.0|6635.0|6999.0|8303.0|9965.0|11565.0|13177.0|13883.0
 2014|F1426|H|W|GER|1264|206|1629.0|3266.0|4896.0|6526.0|6884.0|8165.0|9813.0|11473.0|13155.0|13883.0
 2014|F3353|30-34|W|GER|1263|233|1595.0|3226.0|4851.0|6500.0|6861.0|8154.0|9813.0|11480.0|13188.0|13882.0
 2014|F1454|H|W|GER|1262|205|1663.0|3302.0|4909.0|6535.0|6887.0|8177.0|9827.0|11480.0|13137.0|13882.0
 2014|F3826|40-44|W|GER|1261|252|1638.0|3239.0|4865.0|6536.0|6890.0|8174.0|9807.0|11456.0|13150.0|13881.0
 2014|F2016|35-39|W|ESP|1260|245|1672.0|3323.0|4976.0|6620.0|6977.0|8275.0|9910.0|11534.0|13172.0|13881.0
 2014|F4285|35-39|W|SWE|1259|244|1599.0|3182.0|4803.0|6407.0|6760.0|8027.0|9676.0|11432.0|13139.0|13877.0
 2014|F8187|45-49|W|DEN|1258|195|2239.0|4851.0|7257.0|9962.0|NaN|NaN|NaN|NaN|NaN|13876.0
 2014|F8847|50-54|W|DEN|1257|85|1605.0|3214.0|4838.0|6475.0|6830.0|8109.0|9744.0|11405.0|13135.0|13873.0
 2014|F1963|45-49|W|CAN|1256|194|1619.0|3237.0|4822.0|6427.0|6773.0|8062.0|9726.0|11384.0|13128.0|13872.0
 2014|F980|H|W|USA|1255|204|1664.0|3346.0|5009.0|6669.0|7019.0|8285.0|9925.0|11546.0|13168.0|13872.0
 2014|F6975|30-34|W|GER|1254|232|1576.0|3206.0|4793.0|6399.0|6749.0|8038.0|9749.0|11439.0|13145.0|13871.0
 2014|F4073|50-54|W|DEN|1253|84|1538.0|3081.0|4604.0|6163.0|6497.0|7751.0|9478.0|11119.0|13058.0|13871.0
 2014|F7996|40-44|W|DEN|1252|251|1636.0|3265.0|4881.0|6499.0|6856.0|8140.0|9804.0|11437.0|13131.0|13871.0
 2014|F9203|35-39|W|SVK|1251|243|1624.0|3270.0|4892.0|6543.0|6902.0|8200.0|9867.0|11518.0|13172.0|13870.0
 2014|F4516|50-54|W|GER|1250|83|1513.0|3041.0|4554.0|6113.0|6457.0|7725.0|9390.0|11141.0|13035.0|13869.0
 2014|F1083|45-49|W|MAR|1249|193|1691.0|3312.0|4936.0|6557.0|6904.0|8186.0|9844.0|11512.0|13166.0|13869.0
 2014|F2293|30-34|W|GER|1248|231|1640.0|3319.0|4963.0|6638.0|6990.0|8299.0|9978.0|11623.0|13210.0|13869.0
 2014|F725|40-44|W|POL|1247|250|1602.0|3229.0|4838.0|6434.0|6781.0|8044.0|9677.0|11366.0|13116.0|13869.0
 2014|F3173|35-39|W|GER|1246|242|1557.0|3183.0|4817.0|6472.0|6828.0|8131.0|9808.0|11454.0|13150.0|13868.0
 2014|F7392|55-59|W|GER|1245|32|1596.0|3204.0|4805.0|6453.0|6805.0|8090.0|9741.0|11413.0|13136.0|13867.0
 2014|F3377|35-39|W|HUN|1244|241|1486.0|2986.0|4521.0|6098.0|6447.0|7849.0|9484.0|11136.0|12964.0|13866.0
 2014|F4065|45-49|W|SLO|1243|192|1651.0|3340.0|4972.0|6581.0|6918.0|8187.0|9804.0|11409.0|13079.0|13862.0
 2014|F3708|40-44|W|GBR|1241|249|1806.0|3426.0|5036.0|6678.0|7030.0|8316.0|9945.0|11504.0|13133.0|13861.0
 2014|F7084|45-49|W|ESP|1241|191|1120.0|2934.0|4680.0|6358.0|6706.0|8055.0|9830.0|11504.0|13133.0|13861.0
 2014|F3855|35-39|W|GER|1240|240|1617.0|3293.0|4859.0|6423.0|6761.0|8003.0|9674.0|11377.0|13136.0|13859.0
 2014|F5493|40-44|W|GER|1239|248|1529.0|3068.0|4638.0|6235.0|6585.0|7881.0|9571.0|11264.0|13072.0|13857.0
 2014|F7117|45-49|W|DEN|1238|190|1622.0|3281.0|4910.0|6537.0|6893.0|8185.0|9811.0|11432.0|13106.0|13854.0
 2014|F1159|35-39|W|GER|1236|238|1646.0|3312.0|4972.0|6615.0|6970.0|8267.0|9887.0|11506.0|13153.0|13852.0
 2014|F3010|35-39|W|ESP|1236|238|1646.0|3312.0|4972.0|6615.0|6970.0|8267.0|9887.0|11506.0|13153.0|13852.0
 2014|F9078|30-34|W|GBR|1235|230|1512.0|3060.0|4615.0|6214.0|6568.0|7859.0|9537.0|11286.0|13090.0|13850.0
 2014|F8572|30-34|W|POL|1234|229|1706.0|3368.0|4975.0|6576.0|6930.0|8194.0|9828.0|11472.0|13145.0|13850.0
 2014|F1371|35-39|W|MEX|1233|237|1670.0|3307.0|4962.0|6620.0|6982.0|8289.0|9933.0|11542.0|13152.0|13849.0
 2014|F1675|45-49|W|ITA|1232|189|1556.0|3181.0|4790.0|6430.0|6782.0|8095.0|9796.0|11472.0|13125.0|13849.0
 2014|F1463|50-54|W|USA|1231|82|1574.0|3167.0|4753.0|6357.0|6709.0|7993.0|9676.0|11350.0|13080.0|13848.0
 2014|F3044|50-54|W|GER|1230|81|1598.0|3268.0|4866.0|6487.0|6843.0|8151.0|9846.0|11475.0|13141.0|13848.0
 2014|F5711|45-49|W|GER|1229|188|1443.0|2886.0|4343.0|5886.0|6229.0|7504.0|9238.0|11095.0|13057.0|13848.0
 2014|F4275|45-49|W|GER|1228|187|1619.0|3229.0|4842.0|6501.0|6860.0|8154.0|9792.0|11434.0|13145.0|13844.0
 2014|F6566|45-49|W|BRA|1227|186|1518.0|3198.0|5066.0|6632.0|6970.0|8285.0|9894.0|11490.0|13142.0|13843.0
 2014|F1119|50-54|W|FRA|1226|80|1636.0|3274.0|4928.0|6599.0|6958.0|8262.0|9905.0|11548.0|13166.0|13842.0
 2014|F6847|40-44|W|FRA|1225|247|1663.0|3330.0|4991.0|6620.0|6977.0|8266.0|9908.0|11529.0|13155.0|13837.0
 2014|F7765|30-34|W|GER|1224|228|1631.0|3250.0|4819.0|6399.0|6747.0|8038.0|9675.0|11380.0|13124.0|13834.0
 2014|F2814|30-34|W|MEX|1223|227|1540.0|3131.0|4694.0|6319.0|6668.0|7960.0|9641.0|11311.0|13070.0|13834.0
 2014|F8060|50-54|W|ISL|1222|79|1626.0|3247.0|4838.0|6450.0|6808.0|8094.0|9766.0|11445.0|13148.0|13833.0
 2014|F5547|35-39|W|GBR|1221|236|1440.0|2940.0|4510.0|6126.0|6479.0|7813.0|9567.0|11274.0|13081.0|13832.0
 2014|F5241|40-44|W|NED|1220|246|1666.0|3237.0|4780.0|6348.0|6695.0|7969.0|9647.0|11368.0|13094.0|13831.0
 2014|F7893|40-44|W|GER|1219|245|1608.0|3190.0|4746.0|6297.0|6639.0|7897.0|9541.0|11281.0|13080.0|13830.0
 2014|F6347|30-34|W|SUI|1218|226|1685.0|3322.0|4939.0|6601.0|6966.0|8238.0|9891.0|11480.0|13120.0|13829.0
 2014|F3168|45-49|W|GER|1217|185|1586.0|3155.0|4712.0|6314.0|6667.0|7947.0|9742.0|11421.0|13100.0|13829.0
 2014|F6494|30-34|W|USA|1216|225|1626.0|3229.0|4871.0|6483.0|6833.0|8134.0|9812.0|11470.0|13114.0|13828.0
 2014|F7087|30-34|W|NOR|1215|224|1692.0|3400.0|5082.0|6752.0|7107.0|8349.0|9952.0|11521.0|13120.0|13828.0
 2014|F1396|40-44|W|CAN|1214|244|1588.0|3151.0|4711.0|6302.0|6648.0|7927.0|9576.0|11260.0|13036.0|13826.0
 2014|F3120|30-34|W|ITA|1213|223|1594.0|3171.0|4776.0|6411.0|6763.0|8052.0|9729.0|11443.0|13141.0|13825.0
 2014|F3526|45-49|W|DEN|1212|184|1546.0|3123.0|4641.0|6176.0|6513.0|7725.0|9329.0|10980.0|12874.0|13824.0
 2014|F6036|45-49|W|ENG|1211|183|1717.0|3391.0|5022.0|6645.0|7003.0|8276.0|9945.0|11530.0|13121.0|13821.0
 2014|F6025|45-49|W|AUT|1210|182|1617.0|3252.0|4889.0|6541.0|6900.0|8211.0|9863.0|11509.0|13142.0|13821.0
 2014|F4216|50-54|W|DEN|1209|78|1682.0|3309.0|4910.0|6487.0|6833.0|8085.0|9730.0|11385.0|13079.0|13820.0
 2014|F4480|45-49|W|NED|1208|181|1746.0|3309.0|4906.0|6525.0|6870.0|8160.0|9823.0|11489.0|13123.0|13819.0
 2014|F1191|40-44|W|FRA|1207|243|1687.0|3336.0|4980.0|6662.0|7025.0|8333.0|9999.0|11603.0|13183.0|13819.0
 2014|F2552|35-39|W|GER|1206|235|1637.0|3263.0|4889.0|6515.0|6863.0|8142.0|9788.0|11415.0|13079.0|13819.0
 2014|F2219|35-39|W|BEL|1205|234|1749.0|3397.0|4999.0|6595.0|6938.0|8194.0|9811.0|11440.0|13096.0|13818.0
 2014|F9189|40-44|W|GBR|1204|242|1685.0|3355.0|4982.0|6551.0|6901.0|8201.0|9813.0|11403.0|13093.0|13818.0
 2014|F2733|40-44|W|USA|1203|241|1569.0|3178.0|4745.0|6314.0|6660.0|7931.0|9577.0|11264.0|13045.0|13818.0
 2014|F621|40-44|W|MEX|1202|240|1682.0|3319.0|4920.0|6546.0|6901.0|8193.0|9823.0|11450.0|13104.0|13815.0
 2014|F7667|45-49|W|GER|1201|180|1660.0|3264.0|4865.0|6504.0|6854.0|8149.0|9794.0|11422.0|13086.0|13815.0
 2014|F7616|35-39|W|ESP|1200|233|1596.0|3187.0|4790.0|6393.0|6744.0|8027.0|9654.0|11274.0|12996.0|13815.0
 2014|F4348|30-34|W|GER|1199|222|1654.0|3304.0|4937.0|6584.0|6948.0|8235.0|9893.0|11484.0|13117.0|13814.0
 2014|F2342|50-54|W|FRA|1198|77|1523.0|3123.0|4730.0|6355.0|6709.0|8017.0|9745.0|11393.0|13098.0|13813.0
 2014|F7220|35-39|W|GER|1197|232|1516.0|3051.0|4618.0|6236.0|6594.0|7895.0|9618.0|11321.0|13066.0|13809.0
 2014|F4038|35-39|W|USA|1195|231|1654.0|3284.0|4932.0|6548.0|6907.0|8184.0|9815.0|11401.0|13046.0|13808.0
 2014|F593|40-44|W|SVK|1195|239|1574.0|3168.0|4752.0|6359.0|6712.0|7989.0|9616.0|11289.0|13039.0|13808.0
 2014|F2045|35-39|W|GUA|1194|230|1513.0|3035.0|4577.0|6112.0|6454.0|7700.0|9359.0|11119.0|13013.0|13805.0
 2014|F2234|40-44|W|USA|1193|238|1617.0|3231.0|4797.0|6390.0|6734.0|8021.0|9727.0|11398.0|13101.0|13802.0
 2014|F3064|30-34|W|GER|1192|221|1537.0|3141.0|4742.0|6424.0|6777.0|8070.0|9740.0|11407.0|13116.0|13802.0
 2014|F4672|40-44|W|FIN|1191|237|1623.0|3247.0|4868.0|6533.0|6901.0|8204.0|9867.0|11498.0|13117.0|13802.0
 2014|F6353|35-39|W|SWE|1190|229|1642.0|3269.0|4901.0|6492.0|6842.0|8139.0|9779.0|11501.0|13126.0|13801.0
 2014|F3552|35-39|W|GBR|1189|228|1644.0|3324.0|5007.0|6611.0|6962.0|8236.0|9930.0|11517.0|13113.0|13800.0
 2014|F3176|H|W|GER|1188|203|1569.0|3133.0|4681.0|6238.0|6578.0|7840.0|9506.0|11245.0|13046.0|13798.0
 2014|F6555|40-44|W|GER|1187|236|1634.0|3288.0|4953.0|6665.0|7024.0|8311.0|9935.0|11518.0|13117.0|13797.0
 2014|F9142|H|W|GBR|1186|202|1602.0|3184.0|4758.0|6342.0|6691.0|7946.0|9584.0|11269.0|13041.0|13796.0
 2014|F3992|40-44|W|SUI|1185|235|1717.0|3345.0|4918.0|6503.0|6851.0|8117.0|9736.0|11349.0|13063.0|13795.0
 2014|F2705|30-34|W|GER|1184|220|1606.0|3237.0|4859.0|6478.0|6831.0|8093.0|9721.0|11358.0|13038.0|13795.0
 2014|F8934|60-64|W|GER|1183|12|1590.0|3212.0|4807.0|6415.0|6767.0|8046.0|9705.0|11371.0|13058.0|13795.0
 2014|F4528|45-49|W|GER|1182|179|1638.0|3248.0|4846.0|6440.0|6785.0|8124.0|9751.0|11419.0|13088.0|13794.0
 2014|F5849|45-49|W|RSA|1181|178|1700.0|3371.0|5000.0|6592.0|6947.0|8237.0|9862.0|11472.0|13097.0|13794.0
 2014|F2943|30-34|W|DEN|1180|219|1488.0|3037.0|4621.0|6231.0|6570.0|7859.0|9549.0|11254.0|13034.0|13794.0
 2014|F9287|30-34|W|GBR|1179|218|1591.0|3186.0|4801.0|6404.0|6752.0|8043.0|9679.0|11347.0|13046.0|13791.0
 2014|F304|55-59|W|GER|1178|31|1564.0|3127.0|4730.0|6297.0|6638.0|7905.0|9558.0|11218.0|13029.0|13790.0
 2014|F2819|45-49|W|SUI|1177|177|1590.0|3145.0|4691.0|6253.0|6595.0|7875.0|9508.0|11154.0|12809.0|13790.0
 2014|F2142|35-39|W|GER|1176|227|1590.0|3269.0|4851.0|6462.0|6813.0|8107.0|9766.0|11416.0|13075.0|13789.0
 2014|F5853|50-54|W|GBR|1175|76|1491.0|2985.0|4522.0|6064.0|6415.0|7698.0|9344.0|11094.0|12937.0|13789.0
 2014|F7718|40-44|W|GER|1174|234|1605.0|3173.0|4786.0|6377.0|6730.0|8016.0|9669.0|11350.0|13064.0|13788.0
 2014|F5594|30-34|W|BEL|1173|217|1608.0|3225.0|4838.0|6481.0|6840.0|8127.0|9786.0|11437.0|13107.0|13787.0
 2014|F4766|45-49|W|GER|1172|176|1615.0|3210.0|4794.0|6383.0|6736.0|8025.0|9697.0|11374.0|13029.0|13787.0
 2014|F5869|50-54|W|CAN|1171|75|1608.0|3187.0|4750.0|6309.0|6817.0|8050.0|9647.0|11275.0|13030.0|13787.0
 2014|F688|35-39|W|VEN|1170|226|1536.0|3111.0|4685.0|6254.0|6598.0|7852.0|9497.0|11225.0|13047.0|13786.0
 2014|F7630|40-44|W|USA|1169|233|1643.0|3260.0|4871.0|6458.0|6803.0|8079.0|9734.0|11416.0|13099.0|13786.0
 2014|F7409|30-34|W|GER|1168|216|1492.0|3024.0|4526.0|6052.0|6377.0|7586.0|9219.0|11099.0|13009.0|13786.0
 2014|F7103|35-39|W|ITA|1167|225|1600.0|3239.0|4902.0|6552.0|6910.0|8210.0|9876.0|11489.0|13093.0|13786.0
 2014|F5743|30-34|W|JPN|1166|215|1462.0|2989.0|4601.0|6217.0|6577.0|7934.0|9744.0|11418.0|13081.0|13785.0
 2014|F8865|45-49|W|GER|1165|175|1571.0|3150.0|4736.0|6399.0|6752.0|8060.0|9720.0|11393.0|13084.0|13784.0
 2014|F5498|H|W|GER|1164|201|1599.0|3275.0|4885.0|6534.0|6887.0|8197.0|9876.0|11487.0|13110.0|13781.0
 2014|F4208|H|W|GER|1163|200|1599.0|3273.0|4884.0|6533.0|6886.0|8197.0|9876.0|11486.0|13109.0|13781.0
 2014|F3061|40-44|W|GER|1162|232|1545.0|3097.0|4657.0|6258.0|6603.0|7876.0|9563.0|11283.0|13034.0|13780.0
 2014|F1536|40-44|W|DEN|1161|231|1643.0|3311.0|4934.0|6585.0|6925.0|8197.0|9813.0|11429.0|13040.0|13776.0
 2014|F2967|45-49|W|ITA|1160|174|1616.0|3208.0|4799.0|6411.0|6759.0|8049.0|9719.0|11380.0|13052.0|13775.0
 2014|F2816|40-44|W|MEX|1159|230|1589.0|3218.0|4827.0|6419.0|6797.0|8078.0|9732.0|11390.0|13045.0|13774.0
 2014|F1567|45-49|W|GER|1158|173|1563.0|3134.0|4712.0|6296.0|6641.0|7965.0|9639.0|11322.0|13074.0|13773.0
 2014|F2914|H|W|USA|1157|199|1652.0|3322.0|5002.0|6666.0|7024.0|8305.0|9919.0|11515.0|13106.0|13772.0
 2014|F993|45-49|W|GBR|1156|172|1636.0|3278.0|4904.0|6535.0|6886.0|8160.0|9801.0|11437.0|13065.0|13772.0
 2014|F2295|40-44|W|AUS|1155|229|1560.0|3139.0|4713.0|6317.0|6665.0|7932.0|9591.0|11283.0|13024.0|13771.0
 2014|F7175|30-34|W|GER|1154|214|1604.0|3237.0|4867.0|6472.0|6818.0|8103.0|9738.0|11396.0|13045.0|13769.0
 2014|F7300|35-39|W|NED|1153|224|1658.0|3349.0|4949.0|6564.0|6909.0|8187.0|9804.0|11398.0|13054.0|13768.0
 2014|F5354|45-49|W|GER|1152|171|1537.0|3115.0|4757.0|6343.0|6687.0|8007.0|9730.0|11401.0|13048.0|13765.0
 2014|F1990|40-44|W|GER|1151|228|1571.0|3128.0|4704.0|6285.0|6629.0|7868.0|9459.0|11066.0|12964.0|13764.0
 2014|F8502|40-44|W|FIN|1150|227|1615.0|3228.0|4845.0|6471.0|6823.0|8113.0|9751.0|11404.0|13052.0|13764.0
 2014|F6268|40-44|W|GER|1149|226|1636.0|3283.0|4897.0|6524.0|6884.0|8168.0|9793.0|11428.0|13077.0|13764.0
 2014|F6269|40-44|W|GER|1148|225|1636.0|3286.0|4896.0|6525.0|6884.0|8161.0|9793.0|11427.0|13077.0|13763.0
 2014|F588|40-44|W|ESP|1147|224|1636.0|3277.0|4896.0|6504.0|6856.0|8131.0|9757.0|11433.0|13086.0|13760.0
 2014|F9579|30-34|W|GER|1146|213|1469.0|2925.0|4396.0|5948.0|6301.0|7705.0|9449.0|11214.0|13052.0|13758.0
 2014|F5019|45-49|W|GER|1145|170|1624.0|3237.0|4821.0|6402.0|6740.0|7979.0|9569.0|11179.0|12940.0|13758.0
 2014|F8990|45-49|W|GBR|1144|169|1646.0|3322.0|4975.0|6599.0|6953.0|8232.0|9863.0|11449.0|13039.0|13758.0
 2014|F8795|35-39|W|GER|1143|223|1628.0|3261.0|4892.0|6510.0|6853.0|8115.0|9700.0|11269.0|13020.0|13755.0
 2014|F564|45-49|W|JPN|1142|168|1630.0|3278.0|4934.0|6599.0|6953.0|8238.0|9879.0|11495.0|13081.0|13753.0
 2014|F2820|45-49|W|GER|1141|167|1592.0|3184.0|4764.0|6349.0|6700.0|7970.0|9611.0|11259.0|13007.0|13752.0
 2014|F1743|30-34|W|ESP|1140|212|1703.0|3299.0|4883.0|6499.0|6849.0|8126.0|9775.0|11400.0|13049.0|13748.0
 2014|F7258|H|W|GER|1139|198|1594.0|3164.0|4729.0|6302.0|6647.0|7909.0|9541.0|11213.0|12991.0|13748.0
 2014|F3365|35-39|W|SUI|1138|222|1598.0|3192.0|4801.0|6420.0|6774.0|8042.0|9686.0|11324.0|13004.0|13747.0
 2014|F5196|35-39|W|FRA|1137|221|1776.0|3414.0|5020.0|6614.0|6960.0|8195.0|9792.0|11404.0|13057.0|13747.0
 2014|F7544|40-44|W|ESP|1136|223|1525.0|3096.0|4668.0|6279.0|6630.0|7933.0|9601.0|11258.0|12988.0|13746.0
 2014|F3684|30-34|W|FRA|1135|211|1499.0|3027.0|4526.0|6052.0|6383.0|7583.0|9244.0|10917.0|12843.0|13743.0
 2014|F3882|50-54|W|FRA|1134|74|1519.0|3000.0|4504.0|6091.0|6438.0|7715.0|9383.0|11140.0|12959.0|13743.0
 2014|F7724|35-39|W|SUI|1133|220|1581.0|3148.0|4734.0|6330.0|6676.0|7940.0|9589.0|11281.0|13011.0|13742.0
 2014|F4084|50-54|W|BRA|1132|73|1545.0|3108.0|4692.0|6295.0|6692.0|7999.0|9693.0|11360.0|13020.0|13741.0
 2014|F5250|40-44|W|GER|1130|222|1688.0|3329.0|4944.0|6544.0|6886.0|8148.0|9752.0|11366.0|13047.0|13740.0
 2014|F5765|45-49|W|GER|1130|166|1606.0|3237.0|4860.0|6478.0|6831.0|8093.0|9721.0|11358.0|13037.0|13740.0
 2014|F805|45-49|W|ESP|1129|165|1528.0|3080.0|4661.0|6235.0|6654.0|7928.0|9598.0|11257.0|12978.0|13737.0
 2014|F5124|35-39|W|GBR|1128|219|1604.0|3215.0|4831.0|6434.0|6795.0|8076.0|9732.0|11367.0|13029.0|13737.0
 2014|F5880|30-34|W|GER|1127|210|1598.0|3209.0|4780.0|6386.0|6737.0|8027.0|9715.0|11359.0|13025.0|13736.0
 2014|F9310|H|W|NED|1126|197|1573.0|3225.0|4900.0|6599.0|6970.0|8277.0|9921.0|11493.0|13035.0|13736.0
 2014|F9311|30-34|W|NED|1125|209|1572.0|3224.0|4899.0|6594.0|6968.0|8275.0|9920.0|11491.0|13033.0|13734.0
 2014|F2068|45-49|W|GER|1124|164|1598.0|3218.0|4847.0|6466.0|6821.0|8093.0|9742.0|11374.0|13035.0|13733.0
 2014|F5332|H|W|GER|1123|196|1656.0|3283.0|4903.0|6539.0|6896.0|8173.0|9777.0|11372.0|13032.0|13732.0
 2014|F6565|40-44|W|GER|1122|221|1560.0|3169.0|4781.0|6399.0|6755.0|8029.0|9682.0|11381.0|13023.0|13731.0
 2014|F2431|30-34|W|RUS|1121|208|1576.0|3125.0|4693.0|6293.0|6645.0|7930.0|9596.0|11267.0|12996.0|13725.0
 2014|F2626|30-34|W|MEX|1120|207|1609.0|3172.0|4724.0|6311.0|6662.0|7923.0|9540.0|11204.0|12960.0|13725.0
 2014|F4283|40-44|W|SWE|1119|220|1588.0|3146.0|4711.0|6291.0|6635.0|7911.0|9594.0|11275.0|13005.0|13725.0
 2014|F5275|45-49|W|ITA|1118|163|1633.0|3233.0|4843.0|6476.0|6827.0|8123.0|9781.0|11400.0|13042.0|13724.0
 2014|F618|30-34|W|MEX|1117|206|1631.0|3308.0|4952.0|6567.0|6911.0|8191.0|9822.0|11422.0|13008.0|13724.0
 2014|F2557|30-34|W|BUL|1116|205|1624.0|3225.0|4816.0|6419.0|6758.0|8003.0|9656.0|11296.0|12987.0|13724.0
 2014|F9385|35-39|W|POL|1115|218|1585.0|3217.0|4843.0|6455.0|6807.0|8071.0|9730.0|11347.0|13033.0|13720.0
 2014|F361|55-59|W|GER|1114|30|1498.0|3026.0|4581.0|6169.0|6514.0|7798.0|9481.0|11182.0|12944.0|13718.0
 2014|F7537|50-54|W|GER|1113|72|1498.0|3026.0|4581.0|6168.0|6514.0|7798.0|9480.0|11182.0|12943.0|13717.0
 2014|F7758|45-49|W|GER|1112|162|1587.0|3211.0|4795.0|6390.0|6738.0|8012.0|9645.0|11288.0|12984.0|13714.0
 2014|F572|50-54|W|GER|1111|71|1609.0|3226.0|4836.0|6428.0|6783.0|8024.0|9652.0|11317.0|12986.0|13712.0
 2014|F7945|45-49|W|ESP|1110|161|1517.0|3061.0|4609.0|6214.0|6562.0|7862.0|9550.0|11254.0|12991.0|13712.0
 2014|F7015|H|W|GER|1109|195|1524.0|3077.0|4635.0|6238.0|6592.0|7894.0|9593.0|11276.0|12973.0|13712.0
 2014|F9382|50-54|W|GER|1108|70|1587.0|3188.0|4782.0|6381.0|6733.0|8004.0|9640.0|11283.0|12968.0|13710.0
 2014|F8792|45-49|W|ESP|1107|160|1587.0|3189.0|4777.0|6386.0|6731.0|8020.0|NaN|11309.0|12985.0|13709.0
 2014|F6153|45-49|W|SUI|1106|159|1626.0|3234.0|4832.0|6437.0|6795.0|8106.0|9788.0|11384.0|13011.0|13708.0
 2014|F5774|30-34|W|BRA|1105|204|1572.0|3183.0|4758.0|6385.0|6735.0|8005.0|9663.0|11298.0|12965.0|13706.0
 2014|F8826|45-49|W|ITA|1104|158|1633.0|3233.0|4843.0|6478.0|6828.0|8095.0|9742.0|11386.0|13035.0|13705.0
 2014|F7778|30-34|W|GER|1103|203|1640.0|3274.0|4892.0|6516.0|6867.0|8156.0|9790.0|11407.0|13007.0|13704.0
 2014|F9433|50-54|W|USA|1102|69|1654.0|3297.0|4931.0|6573.0|6924.0|8178.0|9773.0|11415.0|13031.0|13702.0
 2014|F7871|45-49|W|GER|1101|157|1627.0|3259.0|4858.0|6481.0|6836.0|8106.0|9741.0|11367.0|13025.0|13701.0
 2014|F6256|30-34|W|GER|1100|202|1432.0|2921.0|4458.0|6012.0|6358.0|7633.0|9321.0|11092.0|12887.0|13700.0
 2014|F9521|50-54|W|GER|1099|68|1526.0|3048.0|4597.0|6186.0|6538.0|7836.0|9524.0|11212.0|12925.0|13698.0
 2014|F2772|45-49|W|ITA|1098|156|1600.0|3235.0|4844.0|6443.0|6787.0|8049.0|9677.0|11325.0|12968.0|13695.0
 2014|F9472|45-49|W|CAN|1097|155|1491.0|3003.0|4516.0|6060.0|6392.0|7616.0|9235.0|10907.0|12833.0|13695.0
 2014|F4396|40-44|W|GER|1096|219|1599.0|3170.0|4779.0|6371.0|6711.0|8017.0|9626.0|11261.0|12946.0|13695.0
 2014|F8486|H|W|DEN|1095|194|1631.0|3256.0|4867.0|6492.0|6844.0|8111.0|9720.0|11335.0|12961.0|13694.0
 2014|F9230|30-34|W|GBR|1094|201|1655.0|3283.0|4888.0|6496.0|6847.0|8112.0|9729.0|11328.0|12961.0|13694.0
 2014|F5536|40-44|W|GBR|1093|218|1559.0|3151.0|4874.0|6475.0|6818.0|8085.0|9724.0|11298.0|12986.0|13693.0
 2014|F529|35-39|W|GBR|1092|217|1582.0|3176.0|4761.0|6338.0|6683.0|7931.0|9536.0|11196.0|12952.0|13692.0
 2014|F7251|45-49|W|USA|1091|154|1630.0|3273.0|4925.0|6552.0|6901.0|8173.0|9804.0|11420.0|13026.0|13691.0
 2014|F2086|40-44|W|ITA|1090|217|1599.0|3194.0|4785.0|6387.0|6737.0|8021.0|9729.0|11339.0|12977.0|13690.0
 2014|F2581|45-49|W|SWE|1089|153|1625.0|3218.0|4807.0|6399.0|6746.0|8014.0|9641.0|11286.0|12963.0|13689.0
 2014|F3364|45-49|W|GER|1088|152|1592.0|3143.0|4720.0|6305.0|6649.0|7909.0|9551.0|11225.0|12948.0|13689.0
 2014|F3133|40-44|W|GER|1087|216|1548.0|3130.0|4736.0|6322.0|6672.0|7937.0|9588.0|11241.0|12965.0|13688.0
 2014|F1326|40-44|W|MEX|1086|215|1693.0|3381.0|5020.0|6663.0|7023.0|8291.0|9925.0|11548.0|13060.0|13687.0
 2014|F2436|30-34|W|POL|1085|200|1662.0|3319.0|4943.0|6549.0|6898.0|8184.0|9802.0|11399.0|13010.0|13687.0
 2014|F1957|H|W|GBR|1084|193|1533.0|3019.0|4504.0|6015.0|6349.0|7570.0|9264.0|11042.0|12930.0|13687.0
 2014|F1272|45-49|W|GER|1083|151|1572.0|3176.0|4792.0|6402.0|6757.0|8051.0|9712.0|11332.0|12986.0|13685.0
 2014|F854|55-59|W|GER|1082|29|1561.0|3061.0|4588.0|6143.0|6485.0|7743.0|9456.0|11184.0|12932.0|13684.0
 2014|F2078|50-54|W|GER|1081|67|1560.0|3125.0|4700.0|6299.0|6644.0|7926.0|9599.0|11300.0|12984.0|13684.0
 2014|F4891|40-44|W|GER|1080|214|1480.0|3017.0|4654.0|6188.0|6531.0|7858.0|9598.0|11255.0|12951.0|13683.0
 2014|F4720|H|W|POL|1079|192|1673.0|3319.0|4959.0|6607.0|6958.0|8233.0|9871.0|11438.0|13024.0|13682.0
 2014|F5763|45-49|W|GER|1078|150|1487.0|3035.0|4605.0|6168.0|6519.0|7779.0|9433.0|11124.0|12880.0|13680.0
 2014|F6255|35-39|W|GER|1077|216|1555.0|3075.0|4592.0|6104.0|6439.0|7693.0|9391.0|11259.0|12954.0|13679.0
 2014|F6311|35-39|W|GER|1076|215|1652.0|3305.0|4869.0|6432.0|6780.0|8067.0|9683.0|11307.0|12956.0|13678.0
 2014|F895|30-34|W|DEN|1075|199|1432.0|2892.0|4344.0|5826.0|6152.0|7371.0|9080.0|11018.0|12904.0|13676.0
 2014|F4168|35-39|W|GER|1074|214|1599.0|3202.0|4769.0|6356.0|6701.0|7964.0|9579.0|11192.0|12938.0|13675.0
 2014|F1237|30-34|W|ARG|1073|198|1536.0|3025.0|4576.0|6195.0|6548.0|7862.0|9543.0|11204.0|12938.0|13673.0
 2014|F774|30-34|W|GBR|1072|197|1492.0|3004.0|4524.0|6095.0|6440.0|7716.0|9385.0|11120.0|12905.0|13672.0
 2014|F1831|30-34|W|HKG|1071|196|1380.0|2780.0|4197.0|5633.0|5951.0|7095.0|8578.0|10105.0|12434.0|13667.0
 2014|F3283|30-34|W|GER|1070|195|1544.0|3086.0|4629.0|6178.0|6519.0|7783.0|9480.0|11163.0|12924.0|13667.0
 2014|F6632|40-44|W|DEN|1069|213|1551.0|3086.0|4627.0|6241.0|6584.0|7813.0|9416.0|11120.0|12881.0|13666.0
 2014|F9094|45-49|W|USA|1068|149|1573.0|3144.0|4753.0|6380.0|6732.0|8010.0|9646.0|11267.0|12948.0|13666.0
 2014|F8633|35-39|W|GER|1067|213|1462.0|2920.0|4410.0|5937.0|6277.0|7600.0|9342.0|11145.0|12918.0|13665.0
 2014|F7649|50-54|W|RUS|1066|66|1672.0|3326.0|4940.0|6540.0|6879.0|8130.0|9720.0|11314.0|12944.0|13665.0
 2014|F4828|45-49|W|GER|1065|148|1630.0|3244.0|4867.0|6443.0|6790.0|8080.0|9708.0|11327.0|12974.0|13665.0
 2014|F7845|35-39|W|GER|1064|212|1630.0|3244.0|4867.0|6443.0|6790.0|8080.0|9708.0|11327.0|12975.0|13664.0
 2014|F6800|45-49|W|ISL|1063|147|1541.0|3078.0|4637.0|6221.0|6570.0|7841.0|9508.0|11181.0|12912.0|13663.0
 2014|F6016|30-34|W|NOR|1062|194|1614.0|3206.0|4800.0|6418.0|6768.0|8051.0|9678.0|11318.0|12972.0|13662.0
 2014|F1876|50-54|W|ITA|1060|65|1600.0|3239.0|4904.0|6552.0|6910.0|8211.0|9876.0|11489.0|13040.0|13661.0
 2014|F5095|40-44|W|GER|1060|212|1466.0|2950.0|4442.0|5964.0|6359.0|7627.0|9420.0|11121.0|12909.0|13661.0
 2014|F4503|35-39|W|POL|1059|211|1606.0|3204.0|4790.0|6382.0|6730.0|7990.0|9627.0|11273.0|12943.0|13660.0
 2014|F8922|40-44|W|NED|1058|211|1585.0|3126.0|4619.0|6175.0|6510.0|7790.0|9427.0|11079.0|12889.0|13655.0
 2014|F4427|30-34|W|NOR|1057|193|1464.0|2926.0|4371.0|5947.0|6301.0|7617.0|9392.0|11185.0|12934.0|13653.0
 2014|F4205|35-39|W|FIN|1056|210|1549.0|3074.0|4601.0|6141.0|6476.0|7753.0|9364.0|11038.0|12866.0|13653.0
 2014|F4303|30-34|W|GBR|1055|192|1668.0|3346.0|5013.0|6647.0|7014.0|8301.0|9954.0|11530.0|13035.0|13652.0
 2014|F8895|35-39|W|BEL|1054|209|1621.0|3242.0|4834.0|6465.0|6813.0|8077.0|9697.0|11327.0|12962.0|13651.0
 2014|F3995|50-54|W|GER|1053|64|1506.0|3033.0|4612.0|6155.0|6544.0|7804.0|9489.0|11156.0|12871.0|13651.0
 2014|F6910|40-44|W|SLO|1052|210|1481.0|3048.0|4678.0|6349.0|6699.0|7950.0|9618.0|11248.0|12967.0|13644.0
 2014|F5068|45-49|W|NED|1051|146|1601.0|3248.0|4880.0|6472.0|6823.0|8102.0|9726.0|11355.0|12948.0|13643.0
 2014|F1612|50-54|W|CAN|1050|63|1536.0|3167.0|4825.0|6503.0|6852.0|8102.0|9693.0|11278.0|12900.0|13642.0
 2014|F6287|45-49|W|ESP|1049|145|1603.0|3213.0|4838.0|6485.0|6836.0|8134.0|9752.0|11373.0|12981.0|13641.0
 2014|F2096|30-34|W|AUS|1048|191|1647.0|3359.0|5010.0|6653.0|7002.0|8229.0|9801.0|11355.0|12924.0|13641.0
 2014|F1909|35-39|W|ESP|1047|208|1621.0|3203.0|4779.0|6362.0|6706.0|7935.0|9536.0|11177.0|12878.0|13640.0
 2014|F1317|H|W|GER|1046|191|1484.0|2972.0|4491.0|6066.0|6404.0|7670.0|9333.0|11085.0|12915.0|13640.0
 2014|F4730|H|W|SWE|1045|190|1401.0|2846.0|4319.0|5941.0|6283.0|7573.0|9330.0|11174.0|12919.0|13636.0
 2014|F1582|45-49|W|GER|1044|144|1651.0|3279.0|4903.0|6536.0|6879.0|8124.0|9745.0|11388.0|12962.0|13635.0
 2014|F2277|40-44|W|NED|1043|209|1650.0|3249.0|4854.0|6451.0|6796.0|8052.0|9675.0|11276.0|12930.0|13634.0
 2014|F4333|35-39|W|DEN|1042|207|1581.0|3181.0|4787.0|6404.0|6740.0|8032.0|9659.0|11253.0|12924.0|13634.0
 2014|F4432|35-39|W|USA|1041|206|1468.0|2957.0|4479.0|6036.0|6383.0|7636.0|9369.0|11087.0|12888.0|13632.0
 2014|F1878|50-54|W|CAN|1040|62|1548.0|3141.0|4710.0|6287.0|6627.0|7877.0|9497.0|11218.0|12904.0|13630.0
 2014|F8765|H|W|FRA|1039|189|1582.0|3200.0|4858.0|6390.0|6718.0|8085.0|9832.0|11463.0|13010.0|13628.0
 2014|F8586|30-34|W|CAN|1038|190|1581.0|3191.0|4785.0|6373.0|6720.0|8023.0|9668.0|11287.0|12927.0|13628.0
 2014|F4218|45-49|W|GBR|1037|143|1552.0|3122.0|4775.0|6362.0|6713.0|8000.0|9660.0|11309.0|12918.0|13627.0
 2014|F818|40-44|W|BEL|1036|208|1531.0|3133.0|4698.0|6309.0|6647.0|7921.0|9578.0|11220.0|12912.0|13626.0
 2014|F7332|40-44|W|FRA|1035|207|1533.0|3094.0|4657.0|6243.0|6587.0|7832.0|9432.0|11071.0|12853.0|13625.0
 2014|F2501|35-39|W|GER|1034|205|1632.0|3235.0|4831.0|6430.0|6778.0|8052.0|9679.0|11298.0|12907.0|13624.0
 2014|F1857|35-39|W|DEN|1033|204|1510.0|3064.0|4640.0|6216.0|6563.0|7805.0|9409.0|11027.0|12847.0|13624.0
 2014|F4728|H|W|USA|1032|188|1646.0|3181.0|4748.0|6323.0|6660.0|7908.0|9538.0|11202.0|12903.0|13623.0
 2014|F7445|45-49|W|GER|1031|142|1593.0|3194.0|4776.0|6331.0|6661.0|7937.0|9618.0|11238.0|12927.0|13622.0
 2014|F9064|H|W|GER|1030|187|1754.0|3470.0|5162.0|6805.0|7159.0|8450.0|10043.0|11558.0|13017.0|13619.0
 2014|F1107|45-49|W|NOR|1029|141|1571.0|3159.0|4749.0|6352.0|6702.0|7967.0|9617.0|11274.0|12931.0|13619.0
 2014|F1718|30-34|W|ITA|1028|189|1611.0|3131.0|4626.0|6148.0|6480.0|7730.0|9369.0|11058.0|12831.0|13618.0
 2014|F4960|30-34|W|CAN|1027|188|1598.0|3175.0|4755.0|6356.0|6701.0|7962.0|9583.0|11186.0|12863.0|13616.0
 2014|F4799|35-39|W|JPN|1026|203|1582.0|3170.0|4722.0|6306.0|6734.0|8001.0|9595.0|11239.0|12900.0|13616.0
 2014|F8565|30-34|W|AUS|1025|187|1539.0|3115.0|4688.0|6250.0|6593.0|7884.0|9591.0|11239.0|12915.0|13615.0
 2014|F9677|35-39|W|GER|1024|202|1639.0|3253.0|4852.0|6453.0|6801.0|8047.0|9652.0|11256.0|12901.0|13613.0
 2014|F3071|50-54|W|GER|1023|61|1621.0|3239.0|4830.0|6406.0|6749.0|8009.0|9650.0|11257.0|12907.0|13612.0
 2014|F6013|30-34|W|GER|1022|186|1468.0|2987.0|4565.0|6133.0|6483.0|7753.0|9401.0|11087.0|12890.0|13612.0
 2014|F6368|30-34|W|AUS|1021|185|1512.0|3039.0|4603.0|6128.0|6455.0|7692.0|9354.0|11109.0|12871.0|13610.0
 2014|F7097|40-44|W|DEN|1020|206|1607.0|3269.0|4914.0|6532.0|6868.0|8160.0|9787.0|11320.0|12917.0|13609.0
 2014|F286|50-54|W|GER|1019|60|1584.0|3183.0|4764.0|6352.0|6699.0|7954.0|9582.0|11223.0|12880.0|13607.0
 2014|F4860|30-34|W|GER|1018|184|1486.0|2938.0|4394.0|5864.0|6183.0|7353.0|9045.0|10965.0|12856.0|13607.0
 2014|F7451|45-49|W|GER|1016|139|1553.0|3144.0|4726.0|6319.0|6663.0|7923.0|9544.0|11170.0|12868.0|13606.0
 2014|F7450|45-49|W|GER|1016|139|1553.0|3144.0|4726.0|6319.0|6663.0|7923.0|9544.0|11170.0|12868.0|13606.0
 2014|F8567|30-34|W|GBR|1015|183|1500.0|3000.0|4503.0|6032.0|6372.0|7618.0|9271.0|11000.0|12838.0|13606.0
 2014|F8759|45-49|W|NOR|1014|138|1472.0|2987.0|4513.0|6057.0|6399.0|7652.0|9303.0|10989.0|12808.0|13605.0
 2014|F7357|30-34|W|ESP|1013|182|1629.0|3244.0|4812.0|6372.0|6741.0|7967.0|9632.0|11193.0|12875.0|13603.0
 2014|F7975|H|W|GER|1012|186|1578.0|3198.0|4818.0|6449.0|6802.0|8080.0|9727.0|11343.0|12928.0|13602.0
 2014|F6532|35-39|W|IRL|1011|201|1626.0|3210.0|4805.0|6397.0|6747.0|7985.0|9574.0|11157.0|12831.0|13602.0
 2014|F4032|50-54|W|GER|1010|59|1561.0|3144.0|4727.0|6306.0|6656.0|7968.0|9586.0|11233.0|12909.0|13597.0
 2014|F2348|55-59|W|GBR|1009|28|1565.0|3114.0|4658.0|6205.0|6545.0|7787.0|9418.0|11095.0|12823.0|13595.0
 2014|F5957|30-34|W|NED|1008|181|1553.0|3143.0|4737.0|6318.0|6664.0|7916.0|9517.0|11152.0|12852.0|13595.0
 2014|F9593|40-44|W|DEN|1007|205|1559.0|3164.0|4741.0|6330.0|6677.0|7928.0|9552.0|11201.0|12888.0|13592.0
 2014|F1223|35-39|W|GER|1006|200|1494.0|3010.0|4555.0|6138.0|6482.0|7741.0|9401.0|11110.0|12841.0|13591.0
 2014|F2158|40-44|W|SUI|1005|204|1584.0|3181.0|4774.0|6370.0|6721.0|8002.0|9637.0|11253.0|12909.0|13590.0
 2014|28318|45-49|W|GER|1004|137|1467.0|2938.0|4415.0|5925.0|6258.0|7503.0|9151.0|10882.0|12752.0|13585.0
 2014|F840|45-49|W|SWE|1003|136|1564.0|3121.0|4663.0|6224.0|6565.0|7825.0|9437.0|11085.0|12828.0|13584.0
 2014|F2726|45-49|W|ITA|1002|135|1468.0|2961.0|4472.0|6036.0|6382.0|7658.0|9325.0|11043.0|12827.0|13582.0
 2014|F9326|H|W|SWE|1001|185|1459.0|2948.0|4444.0|6015.0|6356.0|7642.0|9351.0|11023.0|12802.0|13580.0
 2014|F2882|JA|W|SWE|1000|3|1764.0|3492.0|5167.0|6819.0|7179.0|8429.0|9992.0|11499.0|12960.0|13578.0
 2014|F6562|35-39|W|POL|999|199|1680.0|3310.0|4915.0|6536.0|6890.0|8146.0|9743.0|11333.0|12906.0|13578.0
 2014|F6824|45-49|W|GER|998|134|1601.0|3207.0|4791.0|6378.0|6721.0|8019.0|9641.0|11236.0|12867.0|13578.0
 2014|F6993|55-59|W|GBR|997|27|1633.0|3314.0|4929.0|6560.0|6921.0|8181.0|9803.0|11356.0|12911.0|13578.0
 2014|F2590|35-39|W|DEN|996|198|1665.0|3328.0|4929.0|6565.0|6908.0|8154.0|9696.0|11262.0|12872.0|13578.0
 2014|F5657|45-49|W|SWE|995|133|1599.0|3225.0|4799.0|6378.0|6721.0|7975.0|9586.0|11198.0|12857.0|13575.0
 2014|F2536|30-34|W|GBR|994|180|1583.0|3165.0|4720.0|6321.0|6668.0|7926.0|9553.0|11188.0|12860.0|13574.0
 2014|F8174|35-39|W|GBR|993|197|1543.0|3057.0|4555.0|6060.0|6382.0|7539.0|9077.0|10793.0|12649.0|13573.0
 2014|F3468|30-34|W|NED|992|179|1574.0|3172.0|4784.0|6414.0|6770.0|8055.0|9650.0|11255.0|12883.0|13573.0
 2014|F2600|H|W|SWE|991|184|1440.0|2933.0|4429.0|5961.0|6312.0|7721.0|9598.0|11166.0|12900.0|13571.0
 2014|F2708|35-39|W|GBR|990|196|1584.0|3122.0|4667.0|6238.0|6663.0|7918.0|9590.0|11253.0|12891.0|13565.0
 2014|F504|35-39|W|DEN|989|195|1614.0|3262.0|4807.0|6405.0|6747.0|7982.0|9568.0|11156.0|12837.0|13565.0
 2014|F1659|H|W|GBR|988|183|1534.0|3061.0|4611.0|6205.0|6547.0|7786.0|9430.0|11087.0|12814.0|13563.0
 2014|F6303|35-39|W|FRA|987|194|1626.0|3221.0|4821.0|6428.0|6772.0|8033.0|9673.0|11290.0|12885.0|13562.0
 2014|F9131|55-59|W|GER|986|26|1430.0|2903.0|4420.0|5986.0|6320.0|7595.0|9323.0|11044.0|12806.0|13561.0
 2014|F8715|40-44|W|FRA|985|203|1599.0|3213.0|4804.0|6411.0|6796.0|8066.0|9667.0|11210.0|12847.0|13560.0
 2014|F7687|55-59|W|GER|984|25|1559.0|3128.0|4727.0|6338.0|6691.0|7965.0|9570.0|11197.0|12856.0|13558.0
 2014|F8905|45-49|W|ISR|983|132|1593.0|3182.0|4773.0|6375.0|6723.0|8001.0|9586.0|11201.0|12859.0|13557.0
 2014|F3184|40-44|W|MEX|982|202|1574.0|3133.0|4671.0|6237.0|6579.0|7826.0|9433.0|11054.0|12766.0|13555.0
 2014|F7043|H|W|GER|981|182|1599.0|3236.0|4824.0|6434.0|6781.0|8043.0|9669.0|11271.0|12864.0|13552.0
 2014|F6684|60-64|W|ITA|980|11|1424.0|2874.0|4348.0|5837.0|6166.0|7380.0|8940.0|10513.0|12338.0|13552.0
 2014|F8296|30-34|W|SWE|979|178|1597.0|3157.0|4711.0|6255.0|6590.0|7815.0|9399.0|11001.0|12771.0|13550.0
 2014|F7352|30-34|W|ESP|978|177|1693.0|3346.0|5011.0|6657.0|7004.0|8276.0|9890.0|11364.0|12867.0|13549.0
 2014|F7509|35-39|W|FRA|977|193|1575.0|3133.0|4670.0|6232.0|6575.0|7823.0|9436.0|11035.0|12758.0|13546.0
 2014|F2740|35-39|W|ESP|976|192|1507.0|3044.0|4579.0|6145.0|6498.0|7737.0|9373.0|11051.0|12828.0|13545.0
 2014|F9046|45-49|W|FIN|975|131|1591.0|3172.0|4730.0|6302.0|6646.0|7901.0|9539.0|11178.0|12842.0|13544.0
 2014|F839|35-39|W|GER|974|191|1535.0|3100.0|4618.0|6143.0|6476.0|7699.0|9264.0|10970.0|12750.0|13543.0
 2014|F820|40-44|W|ISR|973|201|1558.0|3140.0|4686.0|6224.0|6563.0|7821.0|9451.0|11116.0|12801.0|13542.0
 2014|F8166|55-59|W|USA|972|24|1602.0|3196.0|4785.0|6402.0|6755.0|8016.0|9622.0|11235.0|12861.0|13539.0
 2014|F3271|60-64|W|USA|971|10|1583.0|3191.0|4758.0|6340.0|6686.0|7930.0|9525.0|11141.0|12817.0|13536.0
 2014|F8306|30-34|W|USA|970|176|1532.0|3059.0|4584.0|6167.0|6520.0|7802.0|9474.0|11154.0|12836.0|13535.0
 2014|F8230|40-44|W|ECU|969|200|1537.0|3063.0|4571.0|6120.0|6462.0|7739.0|9386.0|11066.0|12806.0|13535.0
 2014|F3234|H|W|USA|968|181|1495.0|2963.0|4479.0|6046.0|6398.0|7671.0|9335.0|10994.0|12766.0|13534.0
 2014|F5334|30-34|W|NED|967|175|1462.0|2927.0|4395.0|5892.0|6221.0|7501.0|9305.0|11013.0|12767.0|13534.0
 2014|F7979|45-49|W|GBR|966|130|1583.0|3130.0|4672.0|6231.0|6579.0|7821.0|9427.0|11085.0|12787.0|13531.0
 2014|F2095|40-44|W|SWE|965|199|1492.0|2983.0|4467.0|5982.0|6304.0|7548.0|9215.0|11016.0|12795.0|13531.0
 2014|F6248|40-44|W|DEN|964|198|1604.0|3213.0|4815.0|6424.0|6777.0|8054.0|9675.0|11279.0|12855.0|13530.0
 2014|F1245|50-54|W|FRA|963|58|1635.0|3230.0|4757.0|6311.0|6653.0|7873.0|9469.0|11096.0|12787.0|13528.0
 2014|F5615|30-34|W|GBR|962|174|1568.0|3179.0|4801.0|6398.0|6746.0|8006.0|9602.0|11223.0|12848.0|13527.0
 2014|F8150|30-34|W|GBR|961|173|1498.0|2948.0|4394.0|5919.0|6259.0|7515.0|9176.0|10897.0|12710.0|13526.0
 2014|F5272|45-49|W|FRA|960|129|1545.0|3132.0|4654.0|6165.0|6490.0|7699.0|9301.0|10966.0|12766.0|13524.0
 2014|F2043|H|W|GBR|959|180|1553.0|3106.0|4684.0|6291.0|6643.0|7896.0|9525.0|11165.0|12845.0|13524.0
 2014|F1355|30-34|W|DEN|958|172|1640.0|3267.0|4858.0|6446.0|6796.0|8047.0|9637.0|11201.0|12848.0|13524.0
 2014|F8720|H|W|GBR|957|179|1621.0|3194.0|4774.0|6343.0|6685.0|7939.0|9562.0|11188.0|12827.0|13516.0
 2014|F6648|35-39|W|GER|956|190|1605.0|3209.0|4826.0|6425.0|6774.0|8036.0|9645.0|11222.0|12820.0|13511.0
 2014|F4369|55-59|W|SWE|955|23|1511.0|3036.0|4600.0|6200.0|6556.0|7834.0|9469.0|11095.0|12780.0|13510.0
 2014|F5108|H|W|NED|954|178|1639.0|3254.0|4852.0|6445.0|6786.0|8018.0|9596.0|11192.0|12805.0|13509.0
 2014|F2147|45-49|W|ITA|953|128|1548.0|3113.0|4684.0|6275.0|6624.0|7892.0|9516.0|11135.0|12796.0|13508.0
 2014|F8261|45-49|W|GER|952|127|1605.0|3205.0|4794.0|6397.0|6743.0|8018.0|9659.0|11260.0|12830.0|13507.0
 2014|F615|35-39|W|GER|951|189|1570.0|3129.0|4700.0|6267.0|6613.0|7871.0|9510.0|11156.0|12804.0|13505.0
 2014|F2152|60-64|W|NED|950|9|1646.0|3290.0|4914.0|6522.0|6875.0|8154.0|9750.0|11297.0|12838.0|13505.0
 2014|F8786|35-39|W|GER|949|188|1602.0|3218.0|4830.0|6444.0|6798.0|8071.0|9667.0|11251.0|12826.0|13504.0
 2014|F8419|45-49|W|SUI|948|126|1407.0|2879.0|4394.0|5935.0|6275.0|7547.0|9200.0|10944.0|12742.0|13502.0
 2014|F4196|45-49|W|GER|947|125|1488.0|2986.0|4494.0|6022.0|6361.0|7588.0|9222.0|10934.0|12724.0|13502.0
 2014|F4295|H|W|GBR|946|177|1449.0|2920.0|4395.0|5895.0|6219.0|7411.0|9045.0|10849.0|12721.0|13500.0
 2014|F5778|45-49|W|GER|945|124|1625.0|3223.0|4796.0|6405.0|6748.0|8013.0|9631.0|11209.0|12814.0|13499.0
 2014|F2113|40-44|W|DEN|944|197|1494.0|2986.0|4482.0|6003.0|6339.0|7560.0|9193.0|10905.0|12752.0|13498.0
 2014|F1092|35-39|W|GBR|943|187|1504.0|3043.0|4565.0|6131.0|6544.0|7795.0|9429.0|11057.0|12772.0|13497.0
 2014|F1374|30-34|W|GER|942|171|1584.0|3147.0|4707.0|6260.0|6589.0|7843.0|9455.0|11106.0|12792.0|13495.0
 2014|F3375|H|W|FIN|941|176|1637.0|3252.0|4869.0|6521.0|6873.0|8125.0|9694.0|11250.0|12830.0|13494.0
 2014|F7484|H|W|GER|940|175|1601.0|3231.0|4839.0|6441.0|6789.0|8050.0|9649.0|11246.0|12839.0|13493.0
 2014|F6358|40-44|W|SWE|939|196|1537.0|3095.0|4685.0|6297.0|6650.0|7912.0|9536.0|11157.0|12811.0|13492.0
 2014|F4580|30-34|W|GER|938|170|1591.0|3176.0|4754.0|6355.0|6708.0|7981.0|9591.0|11175.0|12811.0|13489.0
 2014|F4191|30-34|W|GER|937|169|1611.0|3215.0|4860.0|6475.0|6820.0|8074.0|9676.0|11263.0|12834.0|13481.0
 2014|F8598|35-39|W|GBR|936|186|1553.0|3145.0|4725.0|6255.0|6584.0|7795.0|9394.0|11097.0|12802.0|13480.0
 2014|F4721|30-34|W|GER|935|168|1630.0|3264.0|4869.0|6449.0|6797.0|8045.0|9633.0|11218.0|12797.0|13480.0
 2014|F6925|35-39|W|ARG|934|185|1521.0|3032.0|4548.0|6082.0|6423.0|7670.0|9326.0|11061.0|12784.0|13479.0
 2014|F786|35-39|W|GBR|933|184|1603.0|3189.0|4734.0|6300.0|6639.0|7881.0|9503.0|11130.0|12781.0|13476.0
 2014|F1367|40-44|W|FRA|932|195|1641.0|3259.0|4843.0|6421.0|6767.0|8020.0|9620.0|11201.0|12787.0|13475.0
 2014|F3559|35-39|W|NED|931|183|1468.0|2963.0|4484.0|6022.0|6363.0|7591.0|9222.0|10940.0|12701.0|13475.0
 2014|F8999|40-44|W|NED|930|194|1464.0|2991.0|4596.0|6180.0|6572.0|7833.0|9451.0|11139.0|12775.0|13475.0
 2014|F1721|45-49|W|USA|929|123|1490.0|3003.0|4508.0|6050.0|6382.0|7592.0|9160.0|10820.0|12627.0|13473.0
 2014|F5134|35-39|W|GBR|928|182|1623.0|3227.0|4809.0|6372.0|6716.0|7961.0|9537.0|11152.0|12781.0|13473.0
 2014|F7909|30-34|W|GER|927|167|1556.0|3084.0|4643.0|6207.0|6551.0|7826.0|9431.0|11097.0|12752.0|13473.0
 2014|F2103|35-39|W|GER|926|181|1585.0|3142.0|4700.0|6301.0|6644.0|7879.0|9484.0|11105.0|12765.0|13472.0
 2014|F3620|30-34|W|GBR|925|166|1628.0|3283.0|4918.0|6528.0|6887.0|8172.0|9820.0|11356.0|12854.0|13471.0
 2014|F5277|40-44|W|GER|924|193|1539.0|3088.0|4629.0|6143.0|6479.0|7701.0|9285.0|10950.0|12704.0|13471.0
 2014|F7856|35-39|W|GER|923|180|1507.0|3055.0|4584.0|6155.0|6497.0|7779.0|9440.0|11107.0|12757.0|13470.0
 2014|F1505|H|W|GBR|922|174|1572.0|3124.0|4691.0|6266.0|6607.0|7850.0|9463.0|11096.0|12747.0|13469.0
 2014|F2366|55-59|W|FRA|921|22|1698.0|3349.0|4854.0|6385.0|6714.0|7956.0|9571.0|11203.0|12800.0|13466.0
 2014|F3321|40-44|W|NOR|920|192|1420.0|2834.0|4288.0|5804.0|6145.0|7447.0|9206.0|10960.0|12743.0|13463.0
 2014|F3613|H|W|IRL|919|173|1516.0|3037.0|4579.0|6087.0|6419.0|7657.0|9385.0|11088.0|12737.0|13463.0
 2014|F5861|30-34|W|ESP|918|165|1511.0|3083.0|4672.0|6274.0|6611.0|7903.0|9507.0|11142.0|12790.0|13462.0
 2014|F6489|50-54|W|NOR|917|57|1536.0|3093.0|4658.0|6234.0|6580.0|7827.0|9455.0|11096.0|12760.0|13461.0
 2014|F1488|60-64|W|GER|916|8|1520.0|3064.0|4627.0|6193.0|6537.0|7815.0|9413.0|11088.0|12735.0|13460.0
 2014|F7835|35-39|W|GER|915|179|1570.0|3082.0|4605.0|6160.0|6496.0|7732.0|9336.0|10974.0|12696.0|13460.0
 2014|F7160|55-59|W|ENG|914|21|1605.0|3206.0|4814.0|6436.0|6784.0|8050.0|9658.0|11251.0|12800.0|13459.0
 2014|F2504|50-54|W|GER|913|56|1596.0|3186.0|4783.0|6385.0|6725.0|7976.0|9566.0|11152.0|12767.0|13459.0
 2014|F2005|H|W|GBR|912|172|1555.0|3094.0|4640.0|6191.0|6521.0|7731.0|9302.0|10927.0|12674.0|13458.0
 2014|F2972|45-49|W|GER|911|122|1549.0|3102.0|4668.0|6213.0|6550.0|7803.0|9401.0|11050.0|12720.0|13456.0
 2014|F3348|H|W|SUI|910|171|1594.0|3204.0|4812.0|6399.0|6741.0|7980.0|9552.0|11140.0|12769.0|13456.0
 2014|F1692|H|W|BRA|909|170|1595.0|3197.0|4785.0|6358.0|6706.0|7977.0|9583.0|11180.0|12767.0|13455.0
 2014|F1604|45-49|W|BRA|908|121|1558.0|3104.0|4665.0|6222.0|6565.0|7861.0|9538.0|11185.0|12774.0|13454.0
 2014|F5894|45-49|W|IRL|907|120|1415.0|2879.0|4393.0|5938.0|6280.0|7537.0|9196.0|10945.0|12708.0|13452.0
 2014|F6267|H|W|GER|906|169|1555.0|3140.0|4707.0|6305.0|6648.0|7944.0|9558.0|11174.0|12771.0|13450.0
 2014|F5554|H|W|NED|905|168|1763.0|3494.0|5124.0|6733.0|7080.0|8311.0|9915.0|11378.0|12817.0|13450.0
 2014|F7597|35-39|W|USA|904|178|1607.0|3241.0|4848.0|6449.0|6806.0|8078.0|9686.0|11282.0|12835.0|13449.0
 2014|F5992|30-34|W|NZL|903|164|1593.0|3152.0|4690.0|6255.0|6599.0|7867.0|9476.0|11171.0|12768.0|13449.0
 2014|F3095|40-44|W|GBR|902|191|1555.0|3126.0|4700.0|6294.0|6639.0|7895.0|9500.0|11119.0|12739.0|13448.0
 2014|F8685|30-34|W|DEN|901|163|1612.0|3211.0|4835.0|6432.0|6763.0|8014.0|9609.0|11179.0|12760.0|13445.0
 2014|F1922|30-34|W|GBR|900|162|1508.0|2997.0|4528.0|6083.0|6421.0|7684.0|9343.0|11006.0|12711.0|13445.0
 2014|F5505|30-34|W|GER|899|161|1557.0|3062.0|4551.0|6052.0|6386.0|7618.0|9216.0|10889.0|12675.0|13442.0
 2014|F3475|40-44|W|GER|898|190|1584.0|3252.0|4861.0|6467.0|6818.0|8094.0|9739.0|11300.0|12817.0|13441.0
 2014|F3836|30-34|W|NOR|897|160|1605.0|3207.0|4798.0|6387.0|6733.0|7967.0|9553.0|11151.0|12740.0|13439.0
 2014|F6574|H|W|DEN|896|167|1551.0|3088.0|4652.0|6197.0|6525.0|7805.0|9409.0|11056.0|12727.0|13439.0
 2014|F2824|40-44|W|GER|895|189|1584.0|3191.0|4773.0|6348.0|6682.0|7930.0|9508.0|11122.0|12743.0|13438.0
 2014|F5000|30-34|W|GER|894|159|1503.0|3061.0|4616.0|6186.0|6528.0|7796.0|9424.0|11064.0|12734.0|13438.0
 2014|F5775|35-39|W|DEN|893|177|1560.0|3132.0|4709.0|6302.0|6641.0|7884.0|9488.0|11102.0|12754.0|13436.0
 2014|F5233|H|W|GER|892|166|1469.0|2970.0|4485.0|6061.0|6409.0|7701.0|9369.0|11010.0|12722.0|13436.0
 2014|F9407|40-44|W|GER|891|188|1576.0|3175.0|4775.0|6361.0|6702.0|7953.0|9551.0|11142.0|12746.0|13435.0
 2014|F5590|H|W|FIN|890|165|1568.0|3119.0|4687.0|6274.0|6619.0|7858.0|9442.0|11040.0|12694.0|13435.0
 2014|F2244|60-64|W|USA|889|7|1581.0|3202.0|4723.0|6263.0|6601.0|7810.0|9394.0|10999.0|12677.0|13434.0
 2014|F8896|55-59|W|NED|888|20|2506.0|5235.0|8145.0|NaN|NaN|NaN|NaN|NaN|12244.0|13433.0
 2014|F930|30-34|W|GBR|887|158|1606.0|3222.0|4832.0|6430.0|6777.0|8021.0|9607.0|11172.0|12759.0|13428.0
 2014|F4070|30-34|W|IRL|886|157|1789.0|3445.0|4971.0|6494.0|6825.0|8063.0|9604.0|11138.0|12761.0|13428.0
 2014|F6171|45-49|W|GER|885|119|1531.0|3082.0|4607.0|6145.0|6479.0|7700.0|9292.0|10961.0|12660.0|13428.0
 2014|F6367|45-49|W|GER|884|118|1510.0|3035.0|4579.0|6133.0|6477.0|7744.0|9366.0|11031.0|12697.0|13427.0
 2014|F4519|40-44|W|USA|883|187|1526.0|3060.0|4592.0|6158.0|6508.0|7779.0|9434.0|11081.0|12715.0|13423.0
 2014|F5617|45-49|W|ITA|882|117|1598.0|3154.0|4707.0|6283.0|6620.0|7862.0|9464.0|11106.0|12727.0|13422.0
 2014|F1930|30-34|W|GBR|881|156|1680.0|3333.0|4961.0|6620.0|6971.0|8250.0|9851.0|11378.0|12814.0|13421.0
 2014|F6897|35-39|W|FRA|880|176|1627.0|3226.0|4845.0|6433.0|6782.0|8027.0|9660.0|11222.0|12786.0|13421.0
 2014|F6160|H|W|GER|879|164|1522.0|3044.0|4545.0|6054.0|6390.0|7601.0|9208.0|10867.0|12656.0|13420.0
 2014|F8401|H|W|NED|878|163|1510.0|3037.0|4558.0|6086.0|6421.0|7621.0|9186.0|10811.0|12636.0|13419.0
 2014|F7140|45-49|W|GER|877|116|1562.0|3159.0|4743.0|6331.0|6677.0|7937.0|9555.0|11163.0|12743.0|13419.0
 2014|F1080|45-49|W|DEN|876|115|1910.0|3847.0|5819.0|7888.0|8332.0|NaN|NaN|NaN|NaN|13418.0
 2014|F8802|H|W|NED|875|162|1568.0|3103.0|4658.0|6216.0|6555.0|7797.0|9384.0|10966.0|12671.0|13418.0
 2014|F803|50-54|W|NOR|874|55|1554.0|3097.0|4668.0|6234.0|6582.0|7841.0|9408.0|11019.0|12689.0|13417.0
 2014|F6103|H|W|DEN|873|161|1552.0|3194.0|4811.0|6417.0|6775.0|8018.0|9653.0|11219.0|12763.0|13417.0
 2014|F8255|H|W|GER|872|160|1580.0|3218.0|4846.0|6491.0|6841.0|8103.0|9683.0|11201.0|12754.0|13413.0
 2014|F9284|40-44|W|AUS|871|186|1451.0|2922.0|4408.0|5908.0|6241.0|7478.0|9126.0|10851.0|12651.0|13411.0
 2014|F554|45-49|W|GER|870|114|1551.0|3161.0|4737.0|6310.0|6653.0|7900.0|9502.0|11114.0|12718.0|13411.0
 2014|F6733|30-34|W|ESP|869|155|1545.0|3122.0|4702.0|6296.0|6643.0|7917.0|9533.0|11170.0|12751.0|13407.0
 2014|F7488|40-44|W|SUI|868|185|1611.0|3230.0|4783.0|6373.0|6716.0|7948.0|9516.0|11103.0|12715.0|13406.0
 2014|F636|35-39|W|SUI|867|175|1666.0|3315.0|4940.0|6544.0|6886.0|8144.0|9707.0|11249.0|12759.0|13402.0
 2014|F8845|40-44|W|IRL|866|184|1600.0|3218.0|4805.0|6392.0|6733.0|8000.0|9592.0|11162.0|12743.0|13401.0
 2014|F1218|40-44|W|ITA|865|183|1571.0|3157.0|4741.0|6329.0|6675.0|7944.0|9530.0|11112.0|12736.0|13397.0
 2014|F7138|55-59|W|GER|864|19|1526.0|3057.0|4599.0|6158.0|6499.0|7740.0|9355.0|10997.0|12649.0|13395.0
 2014|F1268|30-34|W|GER|863|154|1594.0|3189.0|4766.0|6331.0|6677.0|7925.0|9503.0|11071.0|12674.0|13393.0
 2014|F448|50-54|W|GER|862|54|1523.0|3069.0|4638.0|6225.0|6566.0|7810.0|9415.0|11034.0|12683.0|13392.0
 2014|F3704|45-49|W|SWE|861|113|1525.0|3038.0|4548.0|6069.0|6402.0|7606.0|9213.0|10879.0|12648.0|13391.0
 2014|F8383|30-34|W|GER|860|153|1525.0|3102.0|4687.0|6254.0|6697.0|7947.0|9539.0|11108.0|12696.0|13389.0
 2014|F4729|50-54|W|GER|859|53|1572.0|3115.0|4658.0|6217.0|6558.0|7806.0|9431.0|11045.0|12683.0|13389.0
 2014|F5716|55-59|W|CAN|858|18|1494.0|3047.0|4603.0|6191.0|6541.0|7792.0|9417.0|11067.0|12710.0|13388.0
 2014|F227|45-49|W|DEN|857|112|1580.0|3153.0|4723.0|6282.0|6629.0|7855.0|9476.0|11131.0|12687.0|13384.0
 2014|F314|40-44|W|GER|856|182|1489.0|3002.0|4509.0|6050.0|6388.0|7630.0|9221.0|10788.0|12495.0|13382.0
 2014|F8204|40-44|W|GER|855|181|1500.0|3017.0|4548.0|6083.0|6407.0|7608.0|9200.0|10863.0|12616.0|13381.0
 2014|F3312|45-49|W|GER|854|111|1561.0|3138.0|4699.0|6245.0|6633.0|7871.0|9453.0|11040.0|12692.0|13380.0
 2014|9263|H|W|CAN|853|159|1586.0|3165.0|4719.0|6288.0|6631.0|7862.0|9405.0|11010.0|12672.0|13380.0
 2014|F6218|40-44|W|BRA|852|180|1582.0|3186.0|4813.0|6434.0|6777.0|8047.0|9626.0|11181.0|12738.0|13380.0
 2014|F8248|40-44|W|GER|851|179|1580.0|3132.0|4678.0|6237.0|6574.0|7816.0|9407.0|11018.0|12653.0|13377.0
 2014|F2812|35-39|W|GER|850|174|1547.0|3098.0|4685.0|6268.0|6613.0|7901.0|9544.0|11159.0|12714.0|13377.0
 2014|F5904|40-44|W|GER|849|178|1613.0|3235.0|4853.0|6442.0|6788.0|8011.0|9563.0|11126.0|12687.0|13377.0
 2014|F1476|H|W|GBR|848|158|1552.0|3123.0|4653.0|6221.0|6558.0|7796.0|9396.0|11015.0|12672.0|13375.0
 2014|F5908|H|W|GBR|847|157|1509.0|3054.0|4608.0|6171.0|6511.0|7783.0|9403.0|11023.0|12675.0|13368.0
 2014|F5248|H|W|FRA|846|156|1732.0|3254.0|4739.0|6262.0|6599.0|7853.0|9451.0|11052.0|12686.0|13368.0
 2014|F3200|50-54|W|ITA|845|52|1603.0|3178.0|4779.0|6342.0|6681.0|7945.0|9564.0|11129.0|12687.0|13366.0
 2014|F2891|45-49|W|CAN|844|110|1574.0|3177.0|4723.0|6272.0|6608.0|7876.0|9464.0|11051.0|12675.0|13365.0
 2014|F6465|H|W|GER|843|155|1527.0|3247.0|4856.0|6398.0|6788.0|7977.0|9528.0|11137.0|12716.0|13364.0
 2014|F292|55-59|W|NED|842|17|1411.0|2850.0|4329.0|5859.0|6190.0|7417.0|9046.0|10766.0|12572.0|13363.0
 2014|F6960|40-44|W|DEN|841|177|1454.0|2941.0|4437.0|5956.0|6282.0|7462.0|9029.0|10745.0|12591.0|13361.0
 2014|F4770|30-34|W|GER|840|152|1538.0|3087.0|4656.0|6214.0|6553.0|7769.0|9331.0|10931.0|12646.0|13360.0
 2014|F3388|30-34|W|GBR|839|151|1594.0|3217.0|4764.0|6333.0|6671.0|7932.0|9556.0|11142.0|12700.0|13359.0
 2014|F2831|50-54|W|NOR|838|51|1682.0|3298.0|4892.0|6477.0|6822.0|8052.0|9622.0|11167.0|12712.0|13357.0
 2014|F3017|35-39|W|GBR|837|173|1504.0|3075.0|4651.0|6256.0|6605.0|7864.0|9459.0|11059.0|12683.0|13357.0
 2014|F4811|H|W|GER|836|154|1579.0|3147.0|4709.0|6285.0|6628.0|7897.0|9494.0|11125.0|12731.0|13354.0
 2014|F2126|35-39|W|GBR|835|172|1600.0|3229.0|4713.0|6248.0|6593.0|7824.0|9451.0|11067.0|12691.0|13351.0
 2014|F2987|40-44|W|GBR|834|176|1499.0|3041.0|4633.0|6194.0|6534.0|7842.0|9451.0|11023.0|12638.0|13350.0
 2014|F5687|35-39|W|PUR|833|171|1554.0|3110.0|4664.0|6241.0|6583.0|7835.0|9412.0|11008.0|12628.0|13348.0
 2014|F8822|60-64|W|AUS|832|6|1532.0|3060.0|4589.0|6150.0|6495.0|7757.0|9363.0|10947.0|12612.0|13347.0
 2014|F1321|40-44|W|GER|831|175|1472.0|2929.0|4435.0|5956.0|6300.0|7541.0|9156.0|10809.0|12563.0|13347.0
 2014|F2402|45-49|W|IRL|830|109|1593.0|3302.0|4934.0|6480.0|6815.0|8044.0|9724.0|11208.0|12703.0|13344.0
 2014|F4700|40-44|W|NED|829|174|1547.0|3053.0|4641.0|6169.0|6504.0|7802.0|9410.0|11014.0|12650.0|13344.0
 2014|F5787|30-34|W|GER|828|150|1631.0|3234.0|4816.0|6392.0|6735.0|7961.0|9535.0|11109.0|12685.0|13344.0
 2014|F3340|40-44|W|GER|827|173|0.0|0.0|0.0|0.0|0.0|0.0|0.0|0.0|0.0|13342.0
 2014|F216|55-59|W|GER|826|16|1497.0|3011.0|4546.0|6094.0|6452.0|7685.0|9288.0|10913.0|12597.0|13341.0
 2014|F8301|30-34|W|GBR|825|149|1524.0|3071.0|4614.0|6189.0|6535.0|7765.0|9373.0|10986.0|12651.0|13340.0
 2014|F9465|H|W|GBR|824|153|1429.0|2929.0|4466.0|6005.0|6351.0|7602.0|9219.0|10868.0|12610.0|13338.0
 2014|F7216|H|W|GER|823|152|1659.0|3297.0|4900.0|6474.0|6816.0|8020.0|9580.0|11116.0|12665.0|13337.0
 2014|F3035|H|W|GER|822|151|1664.0|3352.0|4922.0|6477.0|6816.0|8043.0|9600.0|11127.0|12656.0|13336.0
 2014|F6992|JA|W|DEN|821|2|1472.0|2958.0|4497.0|6063.0|6407.0|7670.0|9275.0|10883.0|12608.0|13335.0
 2014|F4037|45-49|W|FRA|820|108|1633.0|3234.0|4860.0|6443.0|6786.0|8023.0|9601.0|11160.0|12696.0|13335.0
 2014|F9061|30-34|W|GER|819|148|1632.0|3247.0|4860.0|6443.0|6785.0|8027.0|9620.0|11165.0|12689.0|13334.0
 2014|F6243|40-44|W|ESP|818|172|1645.0|3255.0|4815.0|6375.0|6715.0|7964.0|9534.0|11095.0|12665.0|13334.0
 2014|F4056|60-64|W|CAN|817|5|1610.0|3207.0|4794.0|6394.0|6737.0|7972.0|9546.0|11121.0|12683.0|13333.0
 2014|F1939|30-34|W|PUR|816|147|1555.0|3066.0|4549.0|6060.0|6402.0|7639.0|9260.0|10886.0|12573.0|13332.0
 2014|F3642|H|W|NED|815|150|1635.0|3211.0|4785.0|6359.0|6698.0|7937.0|9523.0|11091.0|12664.0|13331.0
 2014|F3984|30-34|W|GER|814|146|1656.0|3297.0|4897.0|6458.0|6790.0|8003.0|9562.0|11144.0|12676.0|13329.0
 2014|F7034|40-44|W|CRO|813|171|1596.0|3171.0|4731.0|6306.0|6647.0|7876.0|9433.0|11078.0|12667.0|13325.0
 2014|F7076|40-44|W|DEN|812|170|1539.0|3117.0|4685.0|6253.0|6592.0|7820.0|9423.0|11015.0|12625.0|13323.0
 2014|F6291|40-44|W|GBR|811|169|1497.0|3025.0|4507.0|5993.0|6316.0|7610.0|9264.0|10910.0|12626.0|13323.0
 2014|F8180|30-34|W|POL|810|145|1578.0|3214.0|4819.0|6402.0|6750.0|7999.0|9573.0|11126.0|12675.0|13322.0
 2014|F3513|30-34|W|GBR|809|144|1486.0|2978.0|4504.0|6063.0|6408.0|7692.0|9318.0|10923.0|12598.0|13322.0
 2014|F3205|H|W|POL|808|149|1611.0|3190.0|4800.0|6375.0|6716.0|7942.0|9513.0|11059.0|12647.0|13322.0
 2014|F2904|H|W|CAN|807|148|1570.0|3132.0|4672.0|6218.0|6556.0|7782.0|9370.0|11016.0|12652.0|13319.0
 2014|F4808|45-49|W|GER|806|107|1550.0|3099.0|4645.0|6162.0|6496.0|7702.0|9283.0|10915.0|12599.0|13317.0
 2014|F1221|40-44|W|DEN|805|168|1748.0|3506.0|5288.0|7219.0|7609.0|NaN|NaN|NaN|12419.0|13315.0
 2014|F9219|H|W|GER|804|147|1569.0|3101.0|4659.0|6217.0|6557.0|7796.0|9373.0|10950.0|12587.0|13313.0
 2014|F4437|40-44|W|GER|803|167|1498.0|2997.0|4514.0|6081.0|6419.0|7684.0|9345.0|10993.0|12620.0|13313.0
 2014|F4621|45-49|W|GER|802|106|1533.0|3071.0|4618.0|6178.0|6518.0|7749.0|9339.0|10933.0|12600.0|13311.0
 2014|F7487|45-49|W|SUI|801|105|1500.0|3017.0|4575.0|6190.0|6533.0|7771.0|9367.0|10962.0|12596.0|13310.0
 2014|F8897|30-34|W|BEL|800|143|1484.0|2953.0|4429.0|5959.0|6304.0|7530.0|9168.0|10805.0|12568.0|13310.0
 2014|F7618|35-39|W|ESP|799|170|1529.0|3089.0|4629.0|6154.0|6490.0|7692.0|NaN|10850.0|12571.0|13309.0
 2014|F6710|60-64|W|DEN|798|4|1616.0|3180.0|4750.0|6318.0|6656.0|7887.0|9467.0|11043.0|12640.0|13309.0
 2014|F6070|50-54|W|CHI|797|50|1575.0|3138.0|4704.0|6278.0|6612.0|7856.0|9427.0|11005.0|12608.0|13307.0
 2014|F4872|45-49|W|GER|796|104|1528.0|3041.0|4554.0|6091.0|6425.0|7662.0|9250.0|10862.0|12560.0|13307.0
 2014|F6212|H|W|FRA|795|146|1591.0|3190.0|4765.0|6366.0|6707.0|7955.0|9513.0|11070.0|12661.0|13306.0
 2014|F9164|45-49|W|GER|794|103|1520.0|3033.0|4557.0|6081.0|6419.0|7640.0|9237.0|10879.0|12561.0|13303.0
 2014|F38|H|W|USA|793|145|1280.0|2579.0|3886.0|5217.0|5518.0|6678.0|8473.0|10426.0|12424.0|13299.0
 2014|F7998|40-44|W|USA|792|166|1468.0|2941.0|4416.0|5895.0|6214.0|7383.0|8941.0|10643.0|12474.0|13296.0
 2014|F9196|40-44|W|MEX|791|165|1612.0|3150.0|4698.0|6245.0|6579.0|7837.0|9465.0|11069.0|12657.0|13296.0
 2014|F7199|40-44|W|ITA|790|164|1543.0|3058.0|4578.0|6128.0|6471.0|7710.0|9303.0|10912.0|12565.0|13296.0
 2014|F7828|40-44|W|DEN|789|163|1576.0|3149.0|4694.0|6236.0|6571.0|7807.0|9410.0|10993.0|12586.0|13291.0
 2014|F9416|40-44|W|GBR|788|162|1530.0|3048.0|4564.0|6105.0|6447.0|7684.0|9278.0|10898.0|12556.0|13290.0
 2014|F4030|45-49|W|GER|787|102|1617.0|3152.0|4691.0|6250.0|6590.0|7816.0|9385.0|10967.0|12579.0|13289.0
 2014|F7719|40-44|W|DEN|786|161|1600.0|3205.0|4752.0|6292.0|6672.0|7882.0|9461.0|11044.0|12621.0|13289.0
 2014|F1564|30-34|W|GER|785|142|1534.0|3108.0|4647.0|6217.0|6559.0|7812.0|9387.0|10948.0|12576.0|13289.0
 2014|F6729|45-49|W|GER|784|101|1570.0|3057.0|4557.0|6088.0|6423.0|7636.0|9245.0|10831.0|12529.0|13288.0
 2014|F3387|50-54|W|SUI|783|49|1592.0|3118.0|4638.0|6181.0|6517.0|7740.0|9299.0|10859.0|12544.0|13288.0
 2014|F1952|35-39|W|CHI|782|169|1440.0|2848.0|4247.0|5686.0|6000.0|7169.0|8703.0|10528.0|12622.0|13285.0
 2014|F2636|40-44|W|ESP|781|160|1534.0|3067.0|4614.0|6165.0|6503.0|7740.0|9334.0|10961.0|12586.0|13284.0
 2014|F8550|40-44|W|FRA|780|159|1568.0|3109.0|4645.0|6178.0|6513.0|7710.0|9265.0|10869.0|12547.0|13283.0
 2014|F7664|50-54|W|GER|779|48|1606.0|3211.0|4781.0|6343.0|6678.0|7910.0|9476.0|11038.0|12602.0|13283.0
 2014|F2992|40-44|W|ITA|778|158|1463.0|2925.0|4406.0|5902.0|6237.0|7481.0|9107.0|10729.0|12448.0|13283.0
 2014|F7130|45-49|W|GER|777|100|1532.0|3097.0|4639.0|6188.0|6525.0|7769.0|9355.0|10957.0|12576.0|13282.0
 2014|F8770|30-34|W|CAN|776|141|1542.0|3110.0|4645.0|6203.0|6543.0|7762.0|9333.0|10918.0|12532.0|13279.0
 2014|F3572|50-54|W|DEN|775|47|1498.0|3006.0|4532.0|6096.0|6434.0|7677.0|9291.0|10923.0|12568.0|13278.0
 2014|F1787|40-44|W|GBR|774|157|1587.0|3199.0|4781.0|6355.0|6696.0|7943.0|9535.0|11085.0|12627.0|13274.0
 2014|F5173|50-54|W|DEN|773|46|1495.0|2995.0|4499.0|6025.0|6364.0|7601.0|9208.0|10852.0|12536.0|13273.0
 2014|F5756|30-34|W|CRO|772|140|1584.0|3160.0|4731.0|6317.0|6663.0|7919.0|9532.0|11076.0|12629.0|13270.0
 2014|F9119|50-54|W|GBR|771|45|1544.0|3113.0|4671.0|6242.0|6598.0|7838.0|9462.0|11042.0|12599.0|13270.0
 2014|F1033|40-44|W|NOR|770|156|1590.0|3194.0|4777.0|6346.0|6687.0|7927.0|9471.0|11009.0|12579.0|13269.0
 2014|F806|40-44|W|ESP|769|155|1524.0|3079.0|4661.0|6235.0|6648.0|7924.0|9595.0|11161.0|12622.0|13268.0
 2014|F1546|30-34|W|DEN|768|139|1574.0|3167.0|4728.0|6292.0|6632.0|7874.0|9444.0|11010.0|12588.0|13268.0
 2014|F2447|35-39|W|GER|767|168|1571.0|3115.0|4657.0|6204.0|6545.0|7815.0|9424.0|11015.0|12615.0|13267.0
 2014|F2198|45-49|W|MEX|766|99|1545.0|3032.0|4513.0|6024.0|6352.0|7566.0|9173.0|10810.0|12504.0|13266.0
 2014|F3230|50-54|W|MEX|765|44|1517.0|3069.0|4611.0|6176.0|6520.0|7770.0|9361.0|10971.0|12577.0|13266.0
 2014|F2667|55-59|W|GER|763|15|1499.0|2995.0|4503.0|6019.0|6352.0|7568.0|9159.0|10809.0|12507.0|13265.0
 2014|F8194|45-49|W|GER|763|98|1512.0|3020.0|4579.0|6117.0|6450.0|7660.0|9247.0|10890.0|12559.0|13265.0
 2014|F1226|50-54|W|DEN|762|43|1534.0|3078.0|4603.0|6100.0|6452.0|7656.0|9250.0|10876.0|12552.0|13265.0
 2014|F5519|H|W|SWE|761|144|1515.0|3043.0|4589.0|6131.0|6467.0|7700.0|9293.0|10888.0|12541.0|13262.0
 2014|F2663|35-39|W|GBR|760|167|1531.0|3080.0|4636.0|6196.0|6535.0|7786.0|9395.0|10987.0|12599.0|13260.0
 2014|F5384|30-34|W|FIN|759|138|1564.0|3176.0|4758.0|6303.0|6640.0|7890.0|9477.0|11012.0|12588.0|13260.0
 2014|F3304|30-34|W|NOR|758|137|1558.0|3132.0|4669.0|6195.0|6530.0|7794.0|9364.0|10919.0|12569.0|13258.0
 2014|F7742|H|W|GER|757|143|1473.0|2925.0|4399.0|5890.0|6207.0|7364.0|8948.0|10579.0|12501.0|13257.0
 2014|F9480|35-39|W|JPN|756|166|1536.0|3058.0|4584.0|6133.0|6472.0|7693.0|9268.0|10904.0|12565.0|13254.0
 2014|F8208|45-49|W|DEN|755|97|1534.0|3055.0|4585.0|6154.0|6497.0|7740.0|9319.0|10929.0|12559.0|13252.0
 2014|F7142|40-44|W|DEN|754|154|1503.0|3034.0|4579.0|6120.0|6460.0|7660.0|9206.0|10804.0|12504.0|13249.0
 2014|F2841|35-39|W|SWE|753|165|1596.0|3182.0|4766.0|6355.0|6710.0|7977.0|9558.0|11112.0|12629.0|13249.0
 2014|F8697|40-44|W|EST|752|153|1568.0|3061.0|4572.0|6075.0|6411.0|7650.0|9236.0|10847.0|12512.0|13247.0
 2014|F2483|H|W|USA|751|142|1521.0|3065.0|4614.0|6153.0|6493.0|7692.0|9244.0|10824.0|12505.0|13246.0
 2014|F8902|H|W|DEN|750|141|1510.0|3049.0|4574.0|6102.0|6433.0|7641.0|9172.0|10769.0|12496.0|13245.0
 2014|F2920|40-44|W|GER|749|152|1561.0|3145.0|4698.0|6250.0|6605.0|7853.0|9426.0|11002.0|12581.0|13242.0
 2014|F9351|40-44|W|USA|748|151|1601.0|3191.0|4769.0|6346.0|6687.0|7902.0|9462.0|11004.0|12572.0|13242.0
 2014|F8355|40-44|W|GER|747|150|1543.0|3082.0|4611.0|6130.0|6468.0|7683.0|9266.0|10851.0|12494.0|13237.0
 2014|F8528|35-39|W|JPN|746|164|1671.0|3345.0|4941.0|6535.0|6873.0|8097.0|9651.0|11141.0|12609.0|13233.0
 2014|F4698|30-34|W|GER|745|136|1510.0|2988.0|4484.0|5994.0|6329.0|7554.0|9154.0|10790.0|12487.0|13233.0
 2014|F660|JA|W|DEN|744|1|1642.0|3301.0|4900.0|6482.0|6819.0|8054.0|9579.0|11068.0|12570.0|13233.0
 2014|F4494|45-49|W|ISR|743|96|1579.0|3169.0|4735.0|6290.0|6623.0|7824.0|9372.0|10949.0|12558.0|13232.0
 2014|F1132|H|W|NED|742|140|1535.0|3076.0|4608.0|6151.0|6537.0|7734.0|9301.0|10924.0|12580.0|13232.0
 2014|F9652|30-34|W|POR|741|135|1652.0|3212.0|4765.0|6330.0|6666.0|7870.0|9436.0|10975.0|12536.0|13229.0
 2014|F5693|35-39|W|AUT|740|163|1531.0|3078.0|4647.0|6190.0|6528.0|7756.0|9376.0|10935.0|12530.0|13229.0
 2014|F3059|45-49|W|GER|739|95|1537.0|3044.0|4545.0|6101.0|6439.0|7665.0|9280.0|10845.0|12507.0|13227.0
 2014|F7877|35-39|W|DEN|738|162|1506.0|3003.0|4510.0|6036.0|6368.0|7581.0|9151.0|10776.0|12489.0|13226.0
 2014|F5279|45-49|W|USA|737|94|1492.0|3015.0|4552.0|6106.0|6445.0|7680.0|9272.0|10864.0|12497.0|13223.0
 2014|F1334|55-59|W|USA|736|14|1468.0|2966.0|4488.0|6044.0|6386.0|7652.0|9271.0|10857.0|12485.0|13223.0
 2014|F1319|40-44|W|USA|735|149|1516.0|3040.0|4546.0|6046.0|6383.0|7587.0|9155.0|10800.0|12485.0|13222.0
 2014|F2863|30-34|W|GBR|734|134|1466.0|2947.0|4428.0|5943.0|6277.0|7576.0|9253.0|10892.0|12520.0|13222.0
 2014|F6309|50-54|W|GER|733|42|1525.0|3050.0|4584.0|6147.0|6481.0|7717.0|9290.0|10911.0|12538.0|13221.0
 2014|F2280|50-54|W|GER|732|41|1476.0|2994.0|4511.0|6053.0|6404.0|7659.0|9283.0|10916.0|12545.0|13219.0
 2014|F9129|40-44|W|GBR|731|148|1533.0|3110.0|4726.0|6331.0|6681.0|7927.0|9491.0|11043.0|12552.0|13217.0
 2014|F1807|30-34|W|PUR|730|133|1462.0|2975.0|4487.0|6014.0|6356.0|7570.0|9152.0|10785.0|12511.0|13214.0
 2014|F7944|35-39|W|CAN|729|161|1488.0|2981.0|4482.0|5995.0|6324.0|7586.0|9188.0|10793.0|12490.0|13214.0
 2014|F9679|H|W|GER|728|139|1425.0|2868.0|4322.0|5828.0|6165.0|7417.0|9066.0|10762.0|12508.0|13210.0
 2014|F3489|40-44|W|GER|727|147|1465.0|2941.0|4423.0|5923.0|6258.0|7467.0|9076.0|10751.0|12468.0|13207.0
 2014|F2079|45-49|W|URU|726|93|1618.0|3202.0|4738.0|6300.0|6636.0|7859.0|9422.0|10964.0|12522.0|13207.0
 2014|F5962|30-34|W|AUT|725|132|1599.0|3170.0|4725.0|6295.0|6635.0|7870.0|9456.0|11010.0|12551.0|13206.0
 2014|F8977|55-59|W|ESP|724|13|1484.0|2973.0|4463.0|5973.0|6298.0|7516.0|9084.0|10697.0|12422.0|13206.0
 2014|F4020|50-54|W|SUI|723|40|1593.0|3119.0|4648.0|6194.0|6531.0|7735.0|9297.0|10845.0|12479.0|13205.0
 2014|F8784|40-44|W|SLO|722|146|1521.0|3077.0|4664.0|6251.0|6602.0|7852.0|9422.0|11006.0|12566.0|13203.0
 2014|F2422|35-39|W|FRA|721|160|1607.0|3183.0|4753.0|6341.0|6674.0|7924.0|9479.0|11002.0|12532.0|13202.0
 2014|F3848|50-54|W|DEN|720|39|1483.0|3043.0|4641.0|6222.0|6562.0|7793.0|9342.0|10931.0|12536.0|13202.0
 2014|F4141|55-59|W|GER|719|12|1506.0|3003.0|4483.0|5984.0|6314.0|7521.0|9097.0|10730.0|12435.0|13202.0
 2014|F5564|45-49|W|GBR|718|92|1565.0|3114.0|4656.0|6199.0|6538.0|7768.0|9320.0|10887.0|12482.0|13202.0
 2014|F559|45-49|W|FIN|717|91|1491.0|2990.0|4509.0|6058.0|6394.0|7646.0|9261.0|10861.0|12499.0|13200.0
 2014|F9113|40-44|W|DEN|716|145|1578.0|3124.0|4679.0|6224.0|6624.0|7844.0|9431.0|10989.0|12544.0|13199.0
 2014|F8609|45-49|W|NOR|715|90|1633.0|3207.0|4741.0|6301.0|6637.0|7863.0|9414.0|10978.0|12531.0|13198.0
 2014|F7795|35-39|W|DEN|714|159|1583.0|3121.0|4674.0|6238.0|6569.0|7803.0|9377.0|10945.0|12531.0|13195.0
 2014|F2313|H|W|GER|713|138|1537.0|3027.0|4530.0|6058.0|6392.0|7598.0|9183.0|10796.0|12470.0|13194.0
 2014|F1968|35-39|W|CRC|712|158|1613.0|3197.0|4751.0|6315.0|6652.0|7891.0|9469.0|10954.0|12481.0|13194.0
 2014|F2580|30-34|W|GBR|711|131|1600.0|3189.0|4750.0|6316.0|6654.0|7887.0|9427.0|10976.0|12546.0|13194.0
 2014|F6951|35-39|W|USA|710|157|1580.0|3151.0|4755.0|6328.0|6675.0|7895.0|9451.0|10991.0|12540.0|13191.0
 2014|F4165|35-39|W|MAR|709|156|1549.0|3132.0|4668.0|6240.0|6580.0|7811.0|9412.0|10986.0|12525.0|13191.0
 2014|F3564|35-39|W|RSA|708|155|1551.0|3097.0|4637.0|6193.0|6536.0|7787.0|9348.0|10905.0|12504.0|13190.0
 2014|F5451|40-44|W|MEX|707|144|1461.0|2925.0|4437.0|5944.0|6265.0|7554.0|9198.0|10865.0|12503.0|13189.0
 2014|F4589|35-39|W|FIN|706|154|1483.0|2972.0|4488.0|5987.0|6319.0|7545.0|9127.0|10832.0|12480.0|13188.0
 2014|F3702|30-34|W|EST|705|130|1490.0|3026.0|4552.0|6082.0|6420.0|7640.0|9203.0|10799.0|12495.0|13184.0
 2014|F3774|55-59|W|DEN|704|11|1529.0|3062.0|4593.0|6151.0|6481.0|7715.0|9288.0|10841.0|12495.0|13184.0
 2014|F8581|40-44|W|GBR|703|143|1493.0|2969.0|4433.0|5937.0|6263.0|7444.0|8982.0|10586.0|12409.0|13183.0
 2014|F538|35-39|W|GER|702|153|1597.0|3189.0|4804.0|6351.0|6711.0|7928.0|9508.0|11031.0|12556.0|13180.0
 2014|F4950|40-44|W|USA|701|142|1551.0|3096.0|4616.0|6131.0|6470.0|7674.0|9240.0|10852.0|12484.0|13178.0
 2014|F1859|H|W|DEN|700|137|1500.0|3035.0|4558.0|6077.0|6409.0|7622.0|9199.0|10794.0|12454.0|13177.0
 2014|F6049|40-44|W|DEN|699|141|1544.0|3106.0|4688.0|6256.0|6594.0|7815.0|9368.0|10925.0|12492.0|13176.0
 2014|F8431|45-49|W|GER|698|89|1515.0|3039.0|4528.0|6023.0|6366.0|7562.0|9152.0|10774.0|12450.0|13175.0
 2014|F1780|40-44|W|SUI|697|140|1598.0|3185.0|4745.0|6294.0|6635.0|7855.0|9403.0|10928.0|12484.0|13172.0
 2014|F9344|35-39|W|RSA|696|152|1451.0|2952.0|4461.0|5985.0|6322.0|7551.0|9156.0|10784.0|12444.0|13172.0
 2014|F760|30-34|W|CRC|695|129|1624.0|3224.0|4790.0|6361.0|6692.0|7899.0|9452.0|10983.0|12503.0|13171.0
 2014|F2700|30-34|W|IRL|694|128|1467.0|2953.0|4486.0|5991.0|6326.0|7535.0|9108.0|10749.0|12462.0|13168.0
 2014|F7714|35-39|W|AUT|693|151|1527.0|3058.0|4579.0|6097.0|6462.0|7687.0|9305.0|10877.0|12481.0|13163.0
 2014|F3043|30-34|W|GER|692|127|1453.0|2936.0|4418.0|5922.0|6256.0|7444.0|9018.0|10672.0|12387.0|13162.0
 2014|F5705|40-44|W|GER|691|139|1564.0|3121.0|4663.0|6228.0|6566.0|7810.0|9412.0|10925.0|12479.0|13162.0
 2014|F5728|50-54|W|NOR|689|38|1552.0|3104.0|4660.0|6209.0|6551.0|7770.0|9348.0|10932.0|12500.0|13161.0
 2014|F9133|30-34|W|GER|689|126|1531.0|3053.0|4599.0|6162.0|6498.0|7721.0|9319.0|10908.0|12503.0|13161.0
 2014|F1402|35-39|W|FRA|688|150|1453.0|2914.0|4407.0|5928.0|6266.0|7505.0|9110.0|10725.0|12453.0|13161.0
 2014|F8211|40-44|W|KOR|687|138|1400.0|2903.0|4424.0|5955.0|6287.0|7514.0|9227.0|10909.0|12493.0|13159.0
 2014|F5945|40-44|W|MEX|686|137|1518.0|3026.0|4521.0|6028.0|6358.0|7573.0|9139.0|10763.0|12424.0|13156.0
 2014|F3172|35-39|W|ISR|685|149|1564.0|3090.0|4640.0|6179.0|6515.0|7732.0|9295.0|10862.0|12469.0|13155.0
 2014|F7646|30-34|W|ISR|684|125|1546.0|3053.0|4533.0|6009.0|6333.0|7522.0|9052.0|10666.0|12391.0|13153.0
 2014|F4818|H|W|RUS|683|136|1531.0|3053.0|4572.0|6104.0|6443.0|7690.0|9295.0|10868.0|12459.0|13153.0
 2014|F2738|35-39|W|ESP|682|148|1570.0|3134.0|4693.0|6260.0|6599.0|7835.0|9412.0|10975.0|12508.0|13148.0
 2014|F7746|H|W|GER|681|135|1520.0|3034.0|4531.0|6032.0|6366.0|7542.0|9103.0|10715.0|12427.0|13145.0
 2014|F8032|30-34|W|BRA|680|124|1576.0|3146.0|4696.0|6252.0|6593.0|7811.0|9367.0|10930.0|12474.0|13144.0
 2014|F1193|40-44|W|DEN|679|136|1531.0|3050.0|4555.0|6057.0|6384.0|7581.0|9150.0|10747.0|12405.0|13144.0
 2014|F9049|H|W|NED|678|134|1564.0|3131.0|4712.0|6281.0|6623.0|7845.0|9400.0|10952.0|12498.0|13140.0
 2014|F9115|H|W|NED|677|133|1528.0|3080.0|4634.0|6206.0|6548.0|7765.0|9316.0|10878.0|12468.0|13139.0
 2014|F3843|35-39|W|ISL|676|147|1449.0|2911.0|4387.0|5870.0|6200.0|7422.0|9047.0|10730.0|12412.0|13133.0
 2014|F6067|30-34|W|USA|675|123|1579.0|3144.0|4678.0|6192.0|6527.0|7744.0|9301.0|10859.0|12434.0|13129.0
 2014|F2323|40-44|W|DEN|674|135|1564.0|3129.0|4659.0|6198.0|6534.0|7768.0|9332.0|10866.0|12434.0|13128.0
 2014|F1042|40-44|W|FRA|673|134|1518.0|3054.0|4584.0|6133.0|6467.0|7700.0|9283.0|10866.0|12464.0|13127.0
 2014|F3777|30-34|W|GER|672|122|1541.0|3013.0|4545.0|6110.0|6451.0|7720.0|9357.0|10969.0|12505.0|13127.0
 2014|F681|50-54|W|FRA|671|37|1550.0|3098.0|4609.0|6136.0|6470.0|7684.0|9247.0|10806.0|12406.0|13121.0
 2014|F5446|35-39|W|URU|670|146|1574.0|3043.0|4511.0|6001.0|6324.0|7548.0|9129.0|10733.0|12407.0|13117.0
 2014|F8291|H|W|SUI|669|132|1517.0|3024.0|4504.0|6007.0|6336.0|7538.0|9106.0|10717.0|12390.0|13117.0
 2014|F1665|30-34|W|ESP|668|121|1545.0|3055.0|4586.0|6133.0|6479.0|7711.0|9293.0|10843.0|12446.0|13114.0
 2014|F6392|40-44|W|DEN|667|133|1568.0|3115.0|4649.0|6176.0|6506.0|7719.0|9277.0|10832.0|12414.0|13111.0
 2014|F7124|35-39|W|GER|666|145|1433.0|2904.0|4399.0|5934.0|6275.0|7529.0|9167.0|10725.0|12376.0|13108.0
 2014|F7371|H|W|FIN|665|131|1547.0|3113.0|4633.0|6159.0|6493.0|7698.0|9271.0|10824.0|12425.0|13107.0
 2014|F6052|H|W|DEN|664|130|1571.0|3133.0|4656.0|6180.0|6518.0|7736.0|9306.0|10896.0|12471.0|13105.0
 2014|F9207|35-39|W|ARG|663|144|1390.0|2826.0|4291.0|5800.0|6137.0|7353.0|8956.0|10653.0|12365.0|13103.0
 2014|F5562|H|W|USA|662|129|1596.0|3203.0|4765.0|6297.0|6633.0|7848.0|9387.0|10923.0|12450.0|13103.0
 2014|F7762|35-39|W|USA|661|143|1612.0|3195.0|4751.0|6260.0|6582.0|7795.0|9371.0|10929.0|12455.0|13103.0
 2014|F5727|35-39|W|SLO|660|142|1515.0|3071.0|4606.0|6164.0|6502.0|7728.0|9278.0|10823.0|12403.0|13101.0
 2014|F8117|45-49|W|NOR|659|88|1382.0|2836.0|4292.0|5771.0|6091.0|7304.0|8900.0|10564.0|12325.0|13098.0
 2014|F6953|H|W|GER|658|128|1453.0|2930.0|4469.0|6004.0|6338.0|7575.0|9186.0|10767.0|12362.0|13095.0
 2014|F7598|30-34|W|RUS|657|120|1464.0|2938.0|4408.0|5915.0|6244.0|7459.0|9069.0|10701.0|12384.0|13093.0
 2014|F3437|45-49|W|USA|656|87|1583.0|3136.0|4650.0|6152.0|6479.0|7666.0|9209.0|10753.0|12399.0|13092.0
 2014|F8752|40-44|W|USA|655|132|1470.0|2941.0|4438.0|5926.0|6266.0|7537.0|9113.0|10658.0|12354.0|13091.0
 2014|F2653|40-44|W|NOR|654|131|1518.0|3063.0|4573.0|6108.0|6438.0|7661.0|9211.0|10777.0|12368.0|13087.0
 2014|F1850|40-44|W|DEN|653|130|1446.0|2950.0|4453.0|5975.0|6310.0|7536.0|9126.0|10737.0|12390.0|13087.0
 2014|F9321|40-44|W|CAN|652|129|1487.0|2962.0|4456.0|5966.0|6293.0|7495.0|9105.0|10692.0|12366.0|13083.0
 2014|F7745|40-44|W|DEN|651|128|1524.0|3054.0|4531.0|6036.0|6364.0|7580.0|9138.0|10721.0|12384.0|13081.0
 2014|F2072|45-49|W|GBR|650|86|1490.0|2989.0|4467.0|5949.0|6270.0|7474.0|9043.0|10655.0|12333.0|13075.0
 2014|F7039|H|W|AUT|649|127|1492.0|2966.0|4452.0|5980.0|6316.0|7554.0|9160.0|10767.0|12368.0|13074.0
 2014|F2115|35-39|W|GER|648|141|1476.0|2996.0|4529.0|6074.0|6418.0|7640.0|9208.0|10794.0|12397.0|13074.0
 2014|F6211|55-59|W|FRA|647|10|1547.0|3084.0|4625.0|6200.0|6538.0|7759.0|9318.0|10859.0|12418.0|13072.0
 2014|F8597|30-34|W|ESP|646|119|1571.0|3155.0|4699.0|6243.0|6573.0|7797.0|9347.0|10892.0|12419.0|13069.0
 2014|F8147|40-44|W|GER|645|127|1633.0|3238.0|4797.0|6323.0|6654.0|7837.0|9365.0|10861.0|12403.0|13066.0
 2014|F1757|35-39|W|USA|644|140|1494.0|2972.0|4459.0|5960.0|6287.0|7523.0|9129.0|10724.0|12348.0|13064.0
 2014|F2275|40-44|W|USA|643|126|1477.0|2939.0|4415.0|5917.0|6252.0|7466.0|9066.0|10691.0|12345.0|13064.0
 2014|F6126|40-44|W|GBR|642|125|1495.0|3007.0|4524.0|6048.0|6383.0|7586.0|9131.0|10719.0|12357.0|13062.0
 2014|F949|35-39|W|HUN|641|139|1607.0|3171.0|4712.0|6221.0|6554.0|7739.0|9257.0|10819.0|12391.0|13061.0
 2014|F1419|45-49|W|SUI|640|85|1446.0|2910.0|4403.0|5949.0|6277.0|7487.0|9058.0|10639.0|12306.0|13061.0
 2014|F6588|50-54|W|GER|639|36|1622.0|3183.0|4736.0|6261.0|6595.0|7774.0|9283.0|10816.0|12383.0|13060.0
 2014|F6973|35-39|W|GER|638|138|1462.0|2942.0|4413.0|5907.0|6230.0|7456.0|9053.0|10676.0|12346.0|13060.0
 2014|F4598|H|W|GBR|637|126|1476.0|2962.0|4449.0|5925.0|6248.0|7423.0|8918.0|10565.0|12376.0|13059.0
 2014|F6843|30-34|W|CRC|636|118|1543.0|3086.0|4652.0|6199.0|6533.0|7784.0|9362.0|10907.0|12442.0|13059.0
 2014|27019|35-39|W|RUS|635|137|1601.0|3177.0|4752.0|6323.0|6666.0|7891.0|9453.0|10941.0|12431.0|13059.0
 2014|F1683|35-39|W|CHI|634|136|1555.0|3103.0|4682.0|6218.0|6552.0|7772.0|9336.0|10909.0|12411.0|13056.0
 2014|F6927|30-34|W|RUS|633|117|1531.0|3063.0|4553.0|6043.0|6376.0|7588.0|9155.0|10714.0|12346.0|13050.0
 2014|F1322|40-44|W|FRA|632|124|1452.0|2914.0|4407.0|5930.0|6266.0|7505.0|9110.0|10699.0|12370.0|13048.0
 2014|F6098|H|W|GBR|631|125|1548.0|3044.0|4545.0|6098.0|6439.0|7663.0|9202.0|10739.0|12347.0|13047.0
 2014|F7473|40-44|W|CHI|630|123|1500.0|3009.0|4512.0|6027.0|6354.0|7552.0|9089.0|10687.0|12318.0|13041.0
 2014|F6794|40-44|W|ITA|629|122|1506.0|3009.0|4512.0|6052.0|6386.0|7616.0|9184.0|10753.0|12350.0|13041.0
 2014|F9346|30-34|W|GBR|628|116|1491.0|3004.0|4524.0|6094.0|6439.0|7633.0|9170.0|10744.0|12347.0|13040.0
 2014|F7766|50-54|W|GER|627|35|1571.0|3114.0|4616.0|6150.0|6492.0|7713.0|9260.0|10812.0|12366.0|13040.0
 2014|F9188|50-54|W|SUI|626|34|1528.0|3041.0|4529.0|6047.0|6377.0|7582.0|9144.0|10722.0|12311.0|13039.0
 2014|F5407|40-44|W|FRA|625|121|1544.0|3065.0|4576.0|6084.0|6416.0|7629.0|9179.0|10734.0|12333.0|13037.0
 2014|F8135|35-39|W|SWE|624|135|1465.0|2992.0|4509.0|6014.0|6337.0|7526.0|9069.0|10645.0|12330.0|13036.0
 2014|F6396|50-54|W|NOR|623|33|1547.0|3121.0|4657.0|6161.0|6492.0|7710.0|9248.0|10742.0|12348.0|13034.0
 2014|F2576|30-34|W|GBR|622|115|1511.0|3030.0|4565.0|6102.0|6437.0|7652.0|9210.0|10783.0|12364.0|13031.0
 2014|F7479|H|W|GER|621|124|1552.0|3075.0|4591.0|6115.0|6452.0|7659.0|9203.0|10775.0|12341.0|13028.0
 2014|F5891|H|W|RUS|620|123|1421.0|2890.0|4374.0|5867.0|6197.0|7390.0|8968.0|10578.0|12269.0|13024.0
 2014|F7821|35-39|W|AUT|619|134|1489.0|3016.0|4560.0|6110.0|6447.0|7666.0|9224.0|10786.0|12354.0|13024.0
 2014|F4824|30-34|W|USA|618|114|1556.0|3130.0|4653.0|6188.0|6523.0|7728.0|9245.0|10793.0|12360.0|13023.0
 2014|F8429|H|W|GER|617|122|1352.0|2666.0|3992.0|5334.0|5628.0|6694.0|8262.0|10234.0|12251.0|13020.0
 2014|F6245|30-34|W|ESP|616|113|1595.0|3186.0|4772.0|6339.0|6673.0|7885.0|9435.0|10941.0|12408.0|13020.0
 2014|F9317|40-44|W|GER|615|120|1509.0|2999.0|4510.0|6032.0|6365.0|7576.0|9149.0|10715.0|12320.0|13018.0
 2014|F9559|H|W|GER|614|121|1505.0|3021.0|4556.0|6087.0|6418.0|7650.0|9222.0|10781.0|12349.0|13015.0
 2014|F9431|30-34|W|ENG|613|112|1530.0|3018.0|4516.0|6047.0|6382.0|7599.0|9168.0|10736.0|12324.0|13015.0
 2014|F6427|30-34|W|IRL|612|111|1490.0|2987.0|4465.0|5949.0|6272.0|7470.0|8996.0|10623.0|12295.0|13012.0
 2014|F502|45-49|W|NED|611|84|1578.0|3119.0|4640.0|6165.0|6497.0|7699.0|9248.0|10770.0|12334.0|13011.0
 2014|F8119|H|W|DEN|610|120|1606.0|3192.0|4749.0|6303.0|6636.0|7848.0|9392.0|10886.0|12402.0|13011.0
 2014|F7067|35-39|W|GER|609|133|1511.0|3046.0|4596.0|6115.0|6442.0|7651.0|9189.0|10752.0|12345.0|13010.0
 2014|F6325|45-49|W|FRO|608|83|1416.0|2877.0|4344.0|5843.0|6174.0|7417.0|8981.0|10565.0|12225.0|13007.0
 2014|F6151|45-49|W|GER|607|82|1439.0|2921.0|4398.0|5905.0|6233.0|7450.0|9027.0|10622.0|12271.0|13003.0
 2014|F2665|35-39|W|NOR|606|132|1482.0|2945.0|4420.0|5887.0|6207.0|7416.0|9021.0|10619.0|12276.0|12995.0
 2014|F3731|H|W|GER|605|119|1540.0|3024.0|4498.0|6024.0|6353.0|7595.0|9180.0|10725.0|12305.0|12991.0
 2014|F6806|45-49|W|GER|604|81|1523.0|3014.0|4491.0|5989.0|6318.0|7560.0|9098.0|10664.0|12316.0|12991.0
 2014|F5084|55-59|W|DEN|603|9|1522.0|2988.0|4454.0|5940.0|6264.0|7445.0|8972.0|10550.0|12237.0|12988.0
 2014|F4763|50-54|W|GER|602|32|1473.0|2980.0|4503.0|6028.0|6364.0|7584.0|9155.0|10707.0|12297.0|12987.0
 2014|F4906|30-34|W|GER|601|110|1444.0|2914.0|4409.0|5930.0|6266.0|7477.0|9053.0|10637.0|12270.0|12986.0
 2014|F4173|H|W|GBR|600|118|1581.0|3148.0|4691.0|6246.0|6587.0|7811.0|9349.0|10845.0|12342.0|12986.0
 2014|F9683|40-44|W|POL|599|119|1407.0|2772.0|4145.0|5538.0|5839.0|7115.0|8673.0|10553.0|12269.0|12985.0
 2014|F8603|35-39|W|GER|598|131|1483.0|3005.0|4506.0|6004.0|6330.0|7506.0|9036.0|10591.0|12238.0|12984.0
 2014|F3664|30-34|W|GER|597|109|1522.0|3037.0|4562.0|6085.0|6423.0|7637.0|9172.0|10723.0|12283.0|12984.0
 2014|F8537|40-44|W|JPN|596|118|1566.0|3137.0|4698.0|6250.0|6583.0|7805.0|9346.0|10856.0|12340.0|12984.0
 2014|F6986|50-54|W|DEN|595|31|1489.0|2999.0|4512.0|6005.0|6336.0|7581.0|9165.0|10690.0|12301.0|12984.0
 2014|F6246|30-34|W|ESP|594|108|1595.0|3186.0|4772.0|6338.0|6673.0|7885.0|9435.0|10941.0|12407.0|12983.0
 2014|F8683|35-39|W|DEN|593|130|1531.0|3051.0|4573.0|6110.0|6444.0|7664.0|9204.0|10746.0|12312.0|12983.0
 2014|F8006|45-49|W|GBR|592|80|1511.0|3043.0|4580.0|6102.0|6435.0|7647.0|9197.0|10744.0|12293.0|12983.0
 2014|F3226|50-54|W|DEN|591|30|1508.0|3000.0|4525.0|6066.0|6399.0|7604.0|9164.0|10689.0|12277.0|12980.0
 2014|F7729|H|W|SVK|590|117|1435.0|2891.0|4389.0|5886.0|6214.0|7435.0|9032.0|10625.0|12287.0|12979.0
 2014|F7688|40-44|W|GER|589|117|1373.0|2763.0|4161.0|5583.0|5892.0|7054.0|8579.0|10810.0|NaN|12979.0
 2014|F5817|35-39|W|IRL|588|129|1603.0|3089.0|4577.0|6135.0|6472.0|7683.0|9233.0|10750.0|12299.0|12978.0
 2014|F207|60-64|W|GER|587|3|1463.0|2999.0|4493.0|5990.0|6318.0|7500.0|9067.0|10636.0|12255.0|12978.0
 2014|F916|45-49|W|ITA|586|79|1538.0|3082.0|4625.0|6179.0|6510.0|7713.0|9223.0|10754.0|12300.0|12977.0
 2014|F6524|H|W|NOR|585|116|1553.0|3080.0|4653.0|6158.0|6493.0|7691.0|9231.0|10747.0|12315.0|12974.0
 2014|F1389|30-34|W|GBR|584|107|1522.0|3062.0|4606.0|6124.0|6449.0|7655.0|9171.0|10737.0|12309.0|12973.0
 2014|F4075|30-34|W|FIN|583|106|1556.0|3083.0|4631.0|6200.0|6543.0|7754.0|9293.0|10833.0|12357.0|12970.0
 2014|F4465|40-44|W|DEN|582|116|1535.0|3065.0|4583.0|6109.0|6445.0|7666.0|9210.0|10750.0|12304.0|12969.0
 2014|F8316|55-59|W|NOR|581|8|1434.0|2877.0|4334.0|5820.0|6148.0|7337.0|8914.0|10510.0|12223.0|12968.0
 2014|F5838|30-34|W|AUS|580|105|1498.0|2988.0|4471.0|5977.0|6305.0|7491.0|9013.0|10573.0|12238.0|12968.0
 2014|F7555|45-49|W|GER|579|78|1511.0|3054.0|4580.0|6103.0|6431.0|7658.0|9180.0|10714.0|12277.0|12962.0
 2014|F3198|H|W|GER|578|115|1475.0|2925.0|4371.0|5854.0|6178.0|7385.0|8951.0|10517.0|12202.0|12962.0
 2014|F5638|45-49|W|FRA|577|77|1506.0|3024.0|4537.0|6052.0|6381.0|7583.0|9128.0|10682.0|12276.0|12958.0
 2014|F438|50-54|W|GER|576|29|1446.0|2890.0|4372.0|5891.0|6218.0|7458.0|9046.0|10639.0|12256.0|12957.0
 2014|F5027|40-44|W|DEN|575|115|1454.0|2899.0|4365.0|5860.0|6186.0|7383.0|8939.0|10554.0|12228.0|12957.0
 2014|F2260|H|W|HUN|574|114|1611.0|3188.0|4736.0|6231.0|6552.0|7715.0|9232.0|10763.0|12321.0|12955.0
 2014|F3254|50-54|W|GER|573|28|1477.0|2950.0|4442.0|5932.0|6258.0|7471.0|9047.0|10616.0|12234.0|12953.0
 2014|F1515|35-39|W|USA|572|128|1448.0|2905.0|4370.0|5856.0|6185.0|7383.0|8981.0|10592.0|12273.0|12947.0
 2014|F9430|30-34|W|CAN|571|104|1506.0|3016.0|4519.0|6036.0|6366.0|7593.0|9162.0|10678.0|12259.0|12946.0
 2014|F6915|40-44|W|SLO|570|114|1390.0|2822.0|4285.0|5757.0|6077.0|7291.0|8949.0|10553.0|12219.0|12944.0
 2014|F5246|H|W|GBR|568|112|1497.0|2923.0|4371.0|5843.0|6161.0|7326.0|8854.0|10453.0|12177.0|12944.0
 2014|F8278|H|W|USA|568|112|1533.0|3073.0|4601.0|6118.0|6456.0|7658.0|9193.0|10731.0|12270.0|12944.0
 2014|F4378|40-44|W|DEN|567|113|1548.0|3082.0|4599.0|6119.0|6451.0|7667.0|9206.0|10752.0|12286.0|12938.0
 2014|F9037|H|W|GER|566|111|1474.0|2964.0|4457.0|5937.0|6262.0|7436.0|8974.0|10556.0|12235.0|12938.0
 2014|F1318|35-39|W|USA|565|127|1500.0|2991.0|4471.0|5979.0|6309.0|7517.0|9073.0|10627.0|12243.0|12937.0
 2014|F2775|40-44|W|GER|564|112|1479.0|2967.0|4458.0|5937.0|6256.0|7442.0|8982.0|10639.0|12240.0|12937.0
 2014|F4087|35-39|W|KEN|563|126|1527.0|3079.0|4594.0|6107.0|6432.0|7640.0|9166.0|10688.0|12235.0|12936.0
 2014|F591|40-44|W|NOR|562|111|1536.0|3019.0|4491.0|5985.0|6310.0|7502.0|9055.0|10595.0|12189.0|12929.0
 2014|F8608|55-59|W|AUT|561|7|1525.0|3043.0|4582.0|6103.0|6435.0|7632.0|9158.0|10707.0|12265.0|12925.0
 2014|F3790|30-34|W|SUI|560|103|1426.0|2838.0|4263.0|5722.0|6042.0|7294.0|8870.0|10498.0|12192.0|12922.0
 2014|F1694|H|W|USA|559|110|1598.0|3176.0|4739.0|6288.0|6618.0|7817.0|9337.0|10803.0|12276.0|12921.0
 2014|F5788|30-34|W|POL|558|102|1471.0|2949.0|4435.0|5945.0|6276.0|7468.0|8972.0|10523.0|12160.0|12920.0
 2014|F8358|40-44|W|USA|557|110|1499.0|3023.0|4519.0|6008.0|6338.0|7542.0|9062.0|10624.0|12213.0|12917.0
 2014|F3142|40-44|W|DEN|556|109|1528.0|3045.0|4556.0|6085.0|6424.0|7633.0|9154.0|10688.0|12252.0|12915.0
 2014|F1765|40-44|W|POR|555|108|1497.0|2992.0|4511.0|6019.0|6347.0|7533.0|9058.0|10595.0|12207.0|12915.0
 2014|F1776|30-34|W|ITA|554|101|1450.0|2911.0|4403.0|6035.0|6435.0|7734.0|9227.0|10724.0|12234.0|12914.0
 2014|F208|60-64|W|GER|553|2|1492.0|3026.0|4531.0|6047.0|6377.0|7583.0|9121.0|10667.0|12228.0|12907.0
 2014|F3207|H|W|GER|552|109|1486.0|3001.0|4522.0|6036.0|6363.0|7573.0|9107.0|10643.0|12211.0|12905.0
 2014|F5462|35-39|W|SLO|551|125|1544.0|3047.0|4559.0|6086.0|6425.0|7627.0|9177.0|10724.0|12267.0|12903.0
 2014|F7187|30-34|W|GER|550|100|1469.0|2961.0|4442.0|5952.0|6292.0|7498.0|9071.0|10657.0|12223.0|12902.0
 2014|F5620|40-44|W|POL|549|107|1498.0|3001.0|4492.0|6003.0|6329.0|7525.0|9075.0|10647.0|12240.0|12901.0
 2014|F8969|40-44|W|FRA|548|106|1461.0|2931.0|4411.0|5922.0|6244.0|7423.0|8982.0|10554.0|12209.0|12898.0
 2014|F7152|H|W|GBR|547|108|1433.0|2857.0|4288.0|5710.0|6027.0|7203.0|8766.0|10382.0|12154.0|12897.0
 2014|F1697|40-44|W|SWE|546|105|1519.0|3021.0|4510.0|6004.0|6332.0|7521.0|9050.0|10596.0|12198.0|12894.0
 2014|F3647|35-39|W|GER|545|124|1526.0|3035.0|4546.0|6085.0|6416.0|7627.0|9165.0|10693.0|12229.0|12894.0
 2014|F8335|30-34|W|USA|544|99|1473.0|2921.0|4435.0|6025.0|6348.0|7597.0|9143.0|10707.0|12244.0|12892.0
 2014|F575|40-44|W|ITA|543|104|1533.0|3024.0|4530.0|6037.0|6370.0|7578.0|9119.0|10660.0|12231.0|12889.0
 2014|F1244|30-34|W|GBR|542|98|1515.0|3086.0|4646.0|6165.0|6528.0|7732.0|9241.0|10739.0|12250.0|12886.0
 2014|F4752|H|W|GER|541|107|1445.0|2912.0|4406.0|5935.0|6272.0|7503.0|9069.0|10649.0|12207.0|12886.0
 2014|F1061|40-44|W|FRA|540|103|1539.0|3045.0|4556.0|6075.0|6405.0|7601.0|9138.0|10662.0|12212.0|12886.0
 2014|F1714|40-44|W|USA|539|102|1544.0|3030.0|4487.0|5963.0|6289.0|7481.0|9037.0|10598.0|12186.0|12885.0
 2014|F6058|50-54|W|NOR|538|27|1568.0|3062.0|4534.0|6031.0|6351.0|7550.0|9075.0|10604.0|12203.0|12880.0
 2014|F9158|40-44|W|GER|537|101|1531.0|3047.0|4556.0|6066.0|6395.0|7586.0|9118.0|10638.0|12187.0|12878.0
 2014|F5720|35-39|W|MEX|536|123|1481.0|2933.0|4399.0|5931.0|6267.0|7494.0|9029.0|10567.0|12172.0|12877.0
 2014|F9242|35-39|W|GER|535|122|1456.0|2914.0|4378.0|5880.0|6211.0|7402.0|8968.0|10526.0|12163.0|12875.0
 2014|F2204|45-49|W|DEN|534|76|1526.0|3025.0|4529.0|6072.0|6403.0|7618.0|9172.0|10701.0|12226.0|12875.0
 2014|F4666|45-49|W|FRA|533|75|1393.0|2808.0|4219.0|5649.0|5965.0|7143.0|8699.0|10340.0|12080.0|12874.0
 2014|F5112|35-39|W|GER|532|121|1555.0|3097.0|4617.0|6135.0|6466.0|7657.0|9185.0|10699.0|12216.0|12872.0
 2014|F7161|50-54|W|ISL|531|26|1517.0|3020.0|4519.0|6040.0|6372.0|7574.0|9111.0|10664.0|12205.0|12872.0
 2014|F7707|35-39|W|AUT|530|120|1513.0|3043.0|4592.0|6138.0|6475.0|7693.0|9221.0|10735.0|12240.0|12871.0
 2014|F808|50-54|W|USA|529|25|1493.0|2994.0|4512.0|6053.0|6396.0|7599.0|9144.0|10659.0|12198.0|12870.0
 2014|F5571|H|W|GBR|528|106|1431.0|2910.0|4425.0|5939.0|6276.0|7602.0|9128.0|10645.0|12196.0|12869.0
 2014|F8274|35-39|W|SUI|527|119|1426.0|2861.0|4308.0|5804.0|6132.0|7330.0|8926.0|10532.0|12176.0|12865.0
 2014|F5064|45-49|W|HKG|526|74|1436.0|2876.0|4345.0|5855.0|6189.0|7419.0|8949.0|10513.0|12182.0|12864.0
 2014|F2521|30-34|W|USA|525|97|1474.0|2946.0|4394.0|5858.0|6185.0|7337.0|8840.0|10455.0|12190.0|12861.0
 2014|F1643|35-39|W|VEN|524|118|1497.0|3002.0|4534.0|6011.0|6332.0|7585.0|9061.0|10586.0|12168.0|12856.0
 2014|F5630|45-49|W|FRA|523|73|1477.0|2961.0|4469.0|6007.0|6339.0|7547.0|9076.0|10639.0|12199.0|12855.0
 2014|F8466|H|W|GER|522|105|1453.0|2926.0|4422.0|5930.0|6260.0|7465.0|9013.0|10586.0|12187.0|12855.0
 2014|F9591|50-54|W|SUI|521|24|1454.0|2915.0|4375.0|5856.0|6175.0|7361.0|8898.0|10483.0|12114.0|12855.0
 2014|F6511|40-44|W|DEN|520|100|1493.0|3003.0|4513.0|6035.0|6365.0|7552.0|9081.0|10601.0|12173.0|12853.0
 2014|F8559|H|W|FRA|519|104|1482.0|2953.0|4431.0|5928.0|6256.0|7436.0|8954.0|10518.0|12147.0|12851.0
 2014|F568|H|W|MEX|518|103|1523.0|3028.0|4511.0|5998.0|6328.0|7510.0|9038.0|10593.0|12183.0|12850.0
 2014|F1933|30-34|W|GBR|517|96|1498.0|2971.0|4488.0|5992.0|6320.0|7514.0|9038.0|10580.0|12154.0|12849.0
 2014|F1760|30-34|W|GER|516|95|1460.0|2917.0|4382.0|5864.0|6188.0|7364.0|8890.0|10464.0|12091.0|12848.0
 2014|F7044|30-34|W|CAN|515|94|1603.0|3167.0|4684.0|6154.0|6480.0|7634.0|9135.0|10633.0|12167.0|12847.0
 2014|F622|35-39|W|PAN|514|117|1538.0|3070.0|4609.0|6150.0|6484.0|7695.0|9224.0|10729.0|12215.0|12847.0
 2014|F4226|40-44|W|DEN|513|99|1532.0|3049.0|4567.0|6104.0|6438.0|7650.0|9198.0|10725.0|12218.0|12843.0
 2014|F4171|H|W|SWE|512|102|1432.0|2844.0|4270.0|5724.0|6049.0|7230.0|8802.0|10424.0|12120.0|12843.0
 2014|F6202|40-44|W|IRL|511|98|1434.0|2858.0|4302.0|5756.0|6076.0|7247.0|8852.0|10581.0|12173.0|12843.0
 2014|F3541|H|W|DEN|510|101|1503.0|2993.0|4476.0|5964.0|6292.0|7472.0|8973.0|10516.0|12130.0|12842.0
 2014|F5640|50-54|W|GER|509|23|1495.0|2955.0|4397.0|5855.0|6177.0|7354.0|8900.0|10480.0|12112.0|12841.0
 2014|F8936|45-49|W|ITA|508|72|1539.0|3055.0|4566.0|6075.0|6406.0|7638.0|9213.0|10726.0|12214.0|12839.0
 2014|F2363|30-34|W|GBR|507|93|1370.0|2781.0|4252.0|5777.0|6109.0|7343.0|8952.0|10565.0|12154.0|12838.0
 2014|F8514|40-44|W|GER|506|97|1505.0|2995.0|4486.0|5992.0|6326.0|7529.0|9092.0|10661.0|12186.0|12836.0
 2014|F2872|H|W|DEN|505|100|1491.0|2962.0|4441.0|5951.0|6279.0|7468.0|8977.0|10521.0|12134.0|12829.0
 2014|F8863|35-39|W|DEN|503|115|1466.0|2949.0|4435.0|5941.0|6273.0|7455.0|8981.0|10535.0|12127.0|12828.0
 2014|F6480|35-39|W|NOR|503|115|1470.0|2943.0|4431.0|5949.0|6277.0|7482.0|9039.0|10588.0|12153.0|12828.0
 2014|F8596|35-39|W|ESP|502|114|1518.0|3033.0|4533.0|6055.0|6381.0|7595.0|9140.0|10698.0|12210.0|12821.0
 2014|F3967|45-49|W|GER|501|71|1494.0|2978.0|4467.0|5986.0|6320.0|7530.0|9093.0|10629.0|12163.0|12819.0
 2014|F1912|30-34|W|GER|499|91|1500.0|3020.0|4523.0|6042.0|6378.0|7569.0|9097.0|10628.0|12174.0|12818.0
 2014|F1913|30-34|W|GER|499|91|1500.0|3020.0|4523.0|6042.0|6378.0|7569.0|9097.0|10628.0|12174.0|12818.0
 2014|F4640|45-49|W|DEN|498|70|1515.0|3009.0|4524.0|6026.0|6355.0|7558.0|9075.0|10602.0|12139.0|12815.0
 2014|F690|45-49|W|ITA|497|69|1544.0|3066.0|4569.0|6088.0|6422.0|7630.0|9161.0|10665.0|12192.0|12812.0
 2014|F7286|45-49|W|AUT|496|68|1421.0|2902.0|4411.0|5914.0|6239.0|7436.0|8974.0|10531.0|12127.0|12804.0
 2014|F5914|30-34|W|GER|494|90|1523.0|3024.0|4508.0|5982.0|6306.0|7484.0|8999.0|10515.0|12096.0|12803.0
 2014|F9653|H|W|POR|494|99|1401.0|2805.0|4227.0|5653.0|5966.0|7105.0|8652.0|10395.0|12115.0|12803.0
 2014|F1680|40-44|W|GER|493|96|1558.0|3090.0|4590.0|6092.0|6416.0|7604.0|9125.0|10634.0|12148.0|12798.0
 2014|F4441|30-34|W|POL|492|89|1506.0|3016.0|4522.0|6022.0|6352.0|7529.0|9054.0|10585.0|12134.0|12794.0
 2014|F4188|35-39|W|LAT|491|113|1400.0|2788.0|4174.0|5553.0|5854.0|6940.0|8356.0|9992.0|11974.0|12792.0
 2014|F1129|50-54|W|ESP|490|22|1441.0|2881.0|4346.0|5833.0|6160.0|7334.0|8854.0|10415.0|12063.0|12792.0
 2014|F8442|45-49|W|DEN|489|67|1481.0|2958.0|4450.0|5947.0|6274.0|7470.0|9021.0|10579.0|12142.0|12792.0
 2014|F8001|55-59|W|USA|488|6|1510.0|3021.0|4595.0|6090.0|6415.0|7611.0|9129.0|10632.0|12143.0|12789.0
 2014|F3665|40-44|W|DEN|487|95|1486.0|2989.0|4479.0|5977.0|6304.0|7493.0|9095.0|10577.0|12106.0|12788.0
 2014|F8111|H|W|IRL|486|98|1480.0|3038.0|4550.0|6033.0|6356.0|7521.0|9024.0|10540.0|12105.0|12787.0
 2014|F3904|H|W|GER|485|97|1492.0|2964.0|4446.0|5958.0|6284.0|7476.0|9030.0|10555.0|12122.0|12787.0
 2014|F2479|H|W|GER|484|96|1539.0|3024.0|4451.0|5899.0|6218.0|7392.0|8938.0|10513.0|12119.0|12780.0
 2014|F7069|30-34|W|GBR|483|88|1398.0|2845.0|4309.0|5813.0|6135.0|7343.0|8906.0|10461.0|12077.0|12778.0
 2014|F8018|H|W|RUS|482|95|1470.0|2942.0|4440.0|5960.0|6292.0|7487.0|9026.0|10583.0|12137.0|12778.0
 2014|F2511|H|W|GER|481|94|1580.0|3126.0|4634.0|6164.0|6496.0|7680.0|9201.0|10699.0|12163.0|12772.0
 2014|F1747|30-34|W|MEX|480|87|1571.0|3090.0|4608.0|6075.0|6396.0|7578.0|9104.0|10604.0|12111.0|12771.0
 2014|F6740|45-49|W|NED|479|66|1523.0|3036.0|4542.0|6054.0|6383.0|7574.0|9108.0|10616.0|12132.0|12771.0
 2014|F6730|30-34|W|GBR|478|86|1459.0|2941.0|4407.0|5911.0|6239.0|7433.0|8957.0|10499.0|12073.0|12770.0
 2014|F3614|H|W|USA|477|93|1560.0|3088.0|4609.0|6141.0|6484.0|7675.0|9186.0|10658.0|12126.0|12763.0
 2014|F6198|50-54|W|ITA|476|21|1403.0|2809.0|4238.0|5717.0|6039.0|7237.0|8844.0|10399.0|12063.0|12763.0
 2014|F8836|H|W|GBR|475|92|1421.0|2851.0|4299.0|5761.0|6082.0|7269.0|8849.0|10486.0|12092.0|12761.0
 2014|F9471|H|W|USA|474|91|1486.0|3004.0|4507.0|6032.0|6361.0|7571.0|9108.0|10595.0|12100.0|12752.0
 2014|F4823|H|W|DEN|473|90|1498.0|3011.0|4521.0|6032.0|6359.0|7557.0|9105.0|10608.0|12111.0|12750.0
 2014|F3864|30-34|W|GER|472|85|1518.0|3050.0|4571.0|6093.0|6418.0|7595.0|9132.0|10628.0|12128.0|12742.0
 2014|F8065|45-49|W|FIN|471|65|1509.0|3006.0|4519.0|6027.0|6342.0|7523.0|9028.0|10547.0|12082.0|12739.0
 2014|F8200|40-44|W|USA|470|94|1519.0|3002.0|4485.0|5954.0|6277.0|7503.0|8998.0|10522.0|12067.0|12739.0
 2014|F2393|40-44|W|GBR|469|93|1493.0|2959.0|4458.0|5916.0|6239.0|7406.0|8888.0|10412.0|12040.0|12736.0
 2014|F1712|35-39|W|MEX|468|112|1422.0|2881.0|4366.0|5837.0|6162.0|7373.0|8952.0|10503.0|12090.0|12736.0
 2014|F5187|30-34|W|SWE|467|84|1428.0|2834.0|4250.0|5687.0|6005.0|7174.0|8759.0|10370.0|12015.0|12733.0
 2014|F4012|40-44|W|BUL|466|92|1558.0|3121.0|4654.0|6158.0|6492.0|7657.0|9124.0|10612.0|12097.0|12731.0
 2014|F6945|35-39|W|GBR|465|111|1400.0|2860.0|4277.0|5730.0|6051.0|7224.0|8775.0|10373.0|12020.0|12728.0
 2014|F1914|H|W|DEN|464|89|1529.0|3027.0|4514.0|6018.0|6347.0|7523.0|9044.0|10569.0|12083.0|12722.0
 2014|F4532|40-44|W|NED|463|91|1482.0|2958.0|4458.0|5957.0|6285.0|7463.0|8973.0|10496.0|12052.0|12721.0
 2014|F6895|40-44|W|GER|462|90|1365.0|2813.0|4274.0|5733.0|6058.0|7267.0|8809.0|10399.0|12009.0|12720.0
 2014|F4390|40-44|W|CAN|461|89|1517.0|3012.0|4509.0|6020.0|6343.0|7528.0|9028.0|10529.0|12066.0|12715.0
 2014|F9618|H|W|SUI|460|88|1523.0|3033.0|4550.0|6059.0|6381.0|7568.0|9088.0|10600.0|12078.0|12707.0
 2014|F6380|H|W|GER|459|87|1453.0|2897.0|4349.0|5809.0|6129.0|7302.0|8823.0|10420.0|12011.0|12706.0
 2014|F1618|55-59|W|USA|458|5|1550.0|3079.0|4589.0|6103.0|6429.0|7601.0|9095.0|10573.0|12070.0|12705.0
 2014|F6251|35-39|W|BRA|457|110|1357.0|2761.0|4200.0|5661.0|5974.0|7205.0|8770.0|10365.0|12014.0|12703.0
 2014|F7162|40-44|W|GER|456|88|1452.0|2904.0|4340.0|5785.0|6098.0|7261.0|8889.0|10443.0|12029.0|12702.0
 2014|F4269|50-54|W|CAN|455|20|1509.0|3030.0|4562.0|6069.0|6389.0|7574.0|9093.0|10568.0|12062.0|12698.0
 2014|F6319|30-34|W|DEN|454|83|1555.0|3052.0|4514.0|5992.0|6317.0|7485.0|8976.0|10485.0|12017.0|12697.0
 2014|F8444|H|W|CAN|453|86|1521.0|3027.0|4497.0|5994.0|6323.0|7501.0|9056.0|10546.0|12072.0|12690.0
 2014|F6088|50-54|W|ITA|452|19|1520.0|3190.0|4660.0|6127.0|6443.0|7617.0|9112.0|10579.0|12057.0|12686.0
 2014|F2001|30-34|W|MEX|451|82|1519.0|3014.0|4485.0|5963.0|6291.0|7464.0|8988.0|10498.0|12024.0|12685.0
 2014|F4246|50-54|W|DEN|450|18|1485.0|2950.0|4448.0|5939.0|6263.0|7463.0|8954.0|10465.0|12009.0|12684.0
 2014|F7064|35-39|W|CAN|449|109|1535.0|3056.0|4541.0|6034.0|6358.0|7535.0|9044.0|10542.0|12045.0|12684.0
 2014|F1858|H|W|DEN|448|85|1459.0|2896.0|4348.0|5808.0|6127.0|7295.0|8805.0|10347.0|11955.0|12680.0
 2014|F2597|60-64|W|NOR|447|1|1476.0|2974.0|4461.0|5949.0|6273.0|7450.0|8962.0|10486.0|12025.0|12680.0
 2014|F3110|H|W|GER|446|84|1466.0|2939.0|4421.0|5942.0|6281.0|7484.0|9012.0|10521.0|12039.0|12680.0
 2014|F1995|35-39|W|SUI|445|108|1429.0|2892.0|4353.0|5826.0|6152.0|7322.0|8836.0|10385.0|11985.0|12679.0
 2014|F7224|30-34|W|CRO|444|81|1505.0|2989.0|4480.0|5958.0|6278.0|7453.0|8961.0|10459.0|11993.0|12679.0
 2014|F9292|35-39|W|DEN|443|107|1482.0|2970.0|4458.0|5952.0|6276.0|7458.0|8969.0|10480.0|12008.0|12678.0
 2014|F5231|40-44|W|SUI|442|87|1474.0|2957.0|4433.0|5934.0|6257.0|7436.0|8977.0|10500.0|12029.0|12672.0
 2014|F9315|30-34|W|SWE|441|80|1577.0|3095.0|4552.0|5996.0|6308.0|7439.0|8921.0|10426.0|11990.0|12665.0
 2014|F722|H|W|GER|440|83|1662.0|3301.0|4908.0|6458.0|6775.0|7911.0|9337.0|10716.0|12080.0|12663.0
 2014|F2185|35-39|W|MEX|439|106|1512.0|3031.0|4543.0|6043.0|6370.0|7552.0|9066.0|10578.0|12048.0|12661.0
 2014|F2968|35-39|W|SUI|438|105|1468.0|2932.0|4381.0|5833.0|6151.0|7319.0|8844.0|10403.0|11996.0|12657.0
 2014|F2519|30-34|W|GER|437|79|1311.0|2694.0|4110.0|5555.0|5875.0|7054.0|8604.0|10217.0|11891.0|12655.0
 2014|F4261|35-39|W|USA|436|104|1475.0|2927.0|4383.0|5853.0|6172.0|7339.0|8842.0|10388.0|11982.0|12653.0
 2014|F6921|35-39|W|FRA|435|103|1588.0|3130.0|4635.0|6148.0|6479.0|7644.0|9140.0|10601.0|12045.0|12652.0
 2014|F3326|30-34|W|GER|434|78|1431.0|2900.0|4328.0|5782.0|6100.0|7288.0|8854.0|10379.0|11982.0|12644.0
 2014|F4791|40-44|W|DEN|433|86|1505.0|3002.0|4504.0|6002.0|6322.0|7511.0|9018.0|10523.0|12019.0|12644.0
 2014|F8541|35-39|W|DEN|432|102|1479.0|2961.0|4431.0|5918.0|6238.0|7411.0|8921.0|10431.0|11982.0|12640.0
 2014|F4393|35-39|W|SVK|431|101|1484.0|2957.0|4425.0|5915.0|6240.0|7421.0|8939.0|10464.0|11990.0|12639.0
 2014|F2500|50-54|W|GER|430|17|1499.0|2965.0|4433.0|5901.0|6224.0|7397.0|8932.0|10436.0|11979.0|12639.0
 2014|F7560|35-39|W|COL|429|100|1509.0|2993.0|4473.0|5960.0|6289.0|7459.0|8964.0|10478.0|12002.0|12638.0
 2014|F983|40-44|W|GER|428|85|1505.0|2993.0|4480.0|5971.0|6295.0|7478.0|8977.0|10484.0|12000.0|12636.0
 2014|F4464|35-39|W|SWE|427|99|1519.0|3010.0|4491.0|5971.0|6296.0|7463.0|8948.0|10433.0|11955.0|12635.0
 2014|F7433|40-44|W|SWE|426|84|1519.0|3025.0|4510.0|6012.0|6339.0|7522.0|9031.0|10505.0|11991.0|12634.0
 2014|F2223|H|W|SUI|425|82|1550.0|3107.0|4597.0|6083.0|6415.0|7577.0|9120.0|10571.0|12036.0|12633.0
 2014|F1231|45-49|W|GER|424|64|1454.0|2923.0|4408.0|5863.0|6187.0|7344.0|8857.0|10376.0|11949.0|12632.0
 2014|F5167|35-39|W|GBR|423|98|1510.0|3010.0|4457.0|5894.0|6214.0|7388.0|8893.0|10402.0|11966.0|12630.0
 2014|F1320|40-44|W|GER|422|83|1523.0|3027.0|4555.0|6022.0|6340.0|7510.0|9010.0|10501.0|11984.0|12628.0
 2014|F7453|40-44|W|SUI|421|82|1430.0|2909.0|4408.0|5895.0|6216.0|7388.0|8916.0|10427.0|11962.0|12626.0
 2014|F540|40-44|W|SLO|420|81|1487.0|2981.0|4463.0|5997.0|6320.0|7509.0|9003.0|10493.0|11989.0|12625.0
 2014|F7400|35-39|W|SWE|419|97|1509.0|2974.0|4434.0|5909.0|6230.0|7384.0|8880.0|10393.0|11946.0|12618.0
 2014|F6602|50-54|W|USA|418|16|1494.0|2935.0|4400.0|5896.0|6224.0|7398.0|8929.0|10445.0|11972.0|12617.0
 2014|F8069|35-39|W|COL|417|96|1509.0|2993.0|4472.0|5961.0|6290.0|7459.0|8964.0|10472.0|11993.0|12617.0
 2014|F3760|40-44|W|ESP|416|80|1476.0|2943.0|4426.0|5912.0|6239.0|7408.0|8893.0|10398.0|11961.0|12614.0
 2014|F4153|35-39|W|GER|415|95|1567.0|3047.0|4523.0|6018.0|6340.0|7514.0|9011.0|10513.0|11989.0|12612.0
 2014|F2358|30-34|W|IRL|414|77|1444.0|2876.0|4310.0|5724.0|6032.0|7223.0|8763.0|10327.0|11923.0|12612.0
 2014|F3906|50-54|W|GER|413|15|1468.0|2919.0|4374.0|5871.0|6203.0|7390.0|8924.0|10446.0|11965.0|12612.0
 2014|F1094|45-49|W|NOR|412|63|1463.0|2909.0|4371.0|5851.0|6178.0|7363.0|8889.0|10408.0|11971.0|12611.0
 2014|F8867|50-54|W|SUI|411|14|1411.0|2846.0|4292.0|5752.0|6064.0|7213.0|8715.0|10243.0|11875.0|12611.0
 2014|F6559|30-34|W|FRA|410|76|1442.0|2912.0|4418.0|5880.0|6199.0|7363.0|8864.0|10363.0|11923.0|12604.0
 2014|F1710|40-44|W|ESP|409|79|1523.0|3008.0|4471.0|5927.0|6250.0|7391.0|8874.0|10376.0|11941.0|12600.0
 2014|F858|35-39|W|DEN|408|94|1522.0|3039.0|4543.0|6030.0|6350.0|7536.0|9025.0|10494.0|11965.0|12598.0
 2014|F1806|30-34|W|MEX|407|75|1496.0|2958.0|4422.0|5893.0|6216.0|7377.0|8869.0|10361.0|11882.0|12597.0
 2014|F3264|40-44|W|GER|406|78|1467.0|2918.0|4349.0|5777.0|6103.0|7259.0|8791.0|10326.0|11914.0|12597.0
 2014|F5762|30-34|W|GBR|405|74|1439.0|2901.0|4340.0|5789.0|6108.0|7254.0|8730.0|10238.0|11915.0|12596.0
 2014|F9636|40-44|W|GER|404|77|1505.0|3014.0|4540.0|6064.0|6403.0|7556.0|9003.0|10446.0|11935.0|12594.0
 2014|F4272|40-44|W|FRO|403|76|1458.0|2937.0|4417.0|5891.0|6214.0|7414.0|8924.0|10385.0|11932.0|12585.0
 2014|F5047|40-44|W|USA|402|75|1540.0|3063.0|4562.0|6038.0|6361.0|7525.0|8994.0|10452.0|11948.0|12583.0
 2014|F2844|50-54|W|GBR|401|13|1312.0|2641.0|4006.0|5414.0|5728.0|6895.0|8482.0|10123.0|11830.0|12582.0
 2014|F8997|30-34|W|LTU|400|73|1490.0|2979.0|4437.0|5896.0|6214.0|7384.0|8910.0|10410.0|11938.0|12581.0
 2014|F4435|45-49|W|FIN|399|62|1407.0|2864.0|4312.0|5773.0|6096.0|7266.0|8776.0|10301.0|11888.0|12580.0
 2014|F4803|45-49|W|BEL|398|61|1476.0|2952.0|4434.0|5916.0|6240.0|7407.0|8915.0|10428.0|11938.0|12579.0
 2014|F673|35-39|W|SWE|397|93|1470.0|2951.0|4441.0|5939.0|6263.0|7443.0|8928.0|10412.0|11934.0|12578.0
 2014|F3281|30-34|W|SWE|396|72|1436.0|2891.0|4366.0|5851.0|6176.0|7355.0|8850.0|10351.0|11911.0|12576.0
 2014|F9056|45-49|W|AUT|395|60|1389.0|2769.0|4163.0|5591.0|5906.0|7047.0|8548.0|10113.0|11808.0|12573.0
 2014|F6717|30-34|W|DEN|394|71|1477.0|2940.0|4382.0|5825.0|6139.0|7274.0|8760.0|10301.0|11891.0|12568.0
 2014|F6858|35-39|W|SUI|393|92|1432.0|2890.0|4352.0|5799.0|6118.0|7294.0|8790.0|10335.0|11908.0|12566.0
 2014|F6030|H|W|CRC|392|81|1335.0|2758.0|4176.0|5643.0|5961.0|7110.0|8607.0|10149.0|11810.0|12562.0
 2014|F2144|45-49|W|NED|391|59|1503.0|2990.0|4461.0|5922.0|6237.0|7381.0|8856.0|10349.0|11896.0|12561.0
 2014|F29|45-49|W|ITA|390|58|1403.0|2830.0|4272.0|5733.0|6055.0|7226.0|8768.0|10325.0|11882.0|12557.0
 2014|F2800|40-44|W|DEN|389|74|1471.0|2937.0|4403.0|5878.0|6201.0|7362.0|8850.0|10353.0|11884.0|12555.0
 2014|F4450|35-39|W|NED|388|91|1564.0|3109.0|4619.0|6096.0|6420.0|7599.0|9057.0|10492.0|11935.0|12554.0
 2014|F8282|45-49|W|GER|387|57|1452.0|2906.0|4357.0|5822.0|6147.0|7324.0|8833.0|10343.0|11888.0|12551.0
 2014|F2060|35-39|W|SUI|386|90|1503.0|2935.0|4395.0|5857.0|6174.0|7357.0|8880.0|10394.0|11913.0|12551.0
 2014|F6821|35-39|W|GER|385|89|1472.0|2950.0|4439.0|5942.0|6268.0|7450.0|8966.0|10445.0|11916.0|12550.0
 2014|F6357|50-54|W|SWE|384|12|1460.0|2894.0|4341.0|5777.0|6093.0|7245.0|8744.0|10272.0|11843.0|12549.0
 2014|F2255|40-44|W|ESP|383|73|1489.0|2967.0|4460.0|5950.0|6270.0|7435.0|8895.0|10368.0|11874.0|12548.0
 2014|F7227|30-34|W|NED|382|70|1487.0|2960.0|4423.0|5908.0|6234.0|7416.0|8933.0|10420.0|11907.0|12545.0
 2014|F8396|50-54|W|GER|381|11|1464.0|2904.0|4369.0|5868.0|6188.0|7350.0|8882.0|10392.0|11906.0|12545.0
 2014|F7403|45-49|W|FRA|380|56|1450.0|2899.0|4347.0|5795.0|6116.0|7277.0|8773.0|10313.0|11883.0|12543.0
 2014|F9601|45-49|W|SUI|379|55|1479.0|2976.0|4468.0|5968.0|6293.0|7453.0|8939.0|10424.0|11911.0|12543.0
 2014|F5656|45-49|W|ROU|378|54|1443.0|2811.0|4271.0|5774.0|6078.0|7228.0|8733.0|10302.0|11851.0|12538.0
 2014|F6394|H|W|DEN|377|80|1514.0|3000.0|4491.0|5980.0|6297.0|7460.0|8948.0|10422.0|11901.0|12534.0
 2014|F2439|30-34|W|POL|376|69|1472.0|2956.0|4462.0|5919.0|6255.0|7435.0|8920.0|10406.0|11896.0|12532.0
 2014|F4837|35-39|W|JPN|375|88|1455.0|2921.0|4364.0|5820.0|6135.0|7295.0|8797.0|10315.0|11857.0|12525.0
 2014|F1435|35-39|W|GER|374|87|1457.0|2920.0|4376.0|5851.0|6173.0|7339.0|8873.0|10370.0|11871.0|12521.0
 2014|F8357|H|W|GER|373|79|1393.0|2813.0|4260.0|5742.0|6069.0|7262.0|8799.0|10343.0|11869.0|12521.0
 2014|F9025|50-54|W|SUI|372|10|1475.0|2946.0|4409.0|5880.0|6200.0|7374.0|8878.0|10367.0|11866.0|12515.0
 2014|F2390|H|W|FRA|371|78|1397.0|2782.0|4177.0|5636.0|5960.0|7141.0|8638.0|10181.0|11802.0|12514.0
 2014|F3905|40-44|W|GER|370|72|1493.0|2982.0|4441.0|5898.0|6215.0|7371.0|8856.0|10365.0|11864.0|12513.0
 2014|F8809|35-39|W|GER|369|86|1339.0|2679.0|4026.0|5388.0|5689.0|6767.0|8167.0|9721.0|11573.0|12506.0
 2014|F5602|35-39|W|ITA|368|85|1452.0|2929.0|4429.0|5929.0|6262.0|7441.0|8938.0|10417.0|11893.0|12505.0
 2014|F2326|45-49|W|RSA|366|52|1463.0|2907.0|4368.0|5825.0|6140.0|7294.0|8779.0|10258.0|11821.0|12504.0
 2014|F1999|45-49|W|FRA|366|52|1443.0|2879.0|4319.0|5777.0|6093.0|7276.0|8770.0|10286.0|11819.0|12504.0
 2014|F5449|35-39|W|ESP|365|84|1507.0|2991.0|4475.0|5980.0|6307.0|7482.0|8973.0|10451.0|11897.0|12503.0
 2014|F2563|40-44|W|NOR|364|71|1490.0|2984.0|4467.0|5945.0|6266.0|7415.0|8891.0|10366.0|11850.0|12502.0
 2014|F2878|30-34|W|GER|363|68|1529.0|3032.0|4524.0|6014.0|6340.0|7503.0|8985.0|10436.0|11883.0|12500.0
 2014|F2648|H|W|NED|362|77|1503.0|2992.0|4425.0|5852.0|6172.0|7326.0|8784.0|10275.0|11822.0|12500.0
 2014|F7141|45-49|W|DEN|361|51|1518.0|2958.0|4357.0|5788.0|6110.0|7268.0|8761.0|10273.0|11827.0|12496.0
 2014|F9425|H|W|NED|360|76|1461.0|2933.0|4409.0|5894.0|6221.0|7404.0|8919.0|10402.0|11854.0|12491.0
 2014|F8955|H|W|NED|359|75|1461.0|2933.0|4409.0|5894.0|6220.0|7403.0|8919.0|10401.0|11854.0|12491.0
 2014|F1394|40-44|W|GBR|358|70|1468.0|2938.0|4399.0|5853.0|6175.0|7329.0|8809.0|10304.0|11839.0|12490.0
 2014|F1199|H|W|USA|357|74|1468.0|2916.0|4385.0|5856.0|6173.0|7314.0|8802.0|10284.0|11834.0|12485.0
 2014|F7848|30-34|W|GER|356|67|1448.0|2860.0|4272.0|5705.0|6008.0|7140.0|8592.0|10137.0|11723.0|12481.0
 2014|F241|30-34|W|GER|355|66|1497.0|2964.0|4436.0|5903.0|6223.0|7401.0|8872.0|10360.0|11853.0|12480.0
 2014|F3219|45-49|W|FRA|354|50|1468.0|2917.0|4369.0|5818.0|6137.0|7279.0|8768.0|10269.0|11804.0|12480.0
 2014|F755|30-34|W|CRC|353|65|1508.0|3000.0|4477.0|5976.0|6302.0|7466.0|8947.0|10426.0|11887.0|12478.0
 2014|F7593|35-39|W|DEN|352|83|1446.0|2883.0|4304.0|5724.0|6030.0|7175.0|8656.0|10163.0|11750.0|12477.0
 2014|F4747|30-34|W|GER|351|64|1469.0|2950.0|4399.0|5850.0|6171.0|7328.0|8812.0|10307.0|11823.0|12477.0
 2014|F9621|35-39|W|GER|350|82|1587.0|3090.0|4547.0|5989.0|6305.0|7442.0|8891.0|10342.0|11825.0|12474.0
 2014|F1043|45-49|W|IRL|348|48|1461.0|2943.0|4411.0|5871.0|6190.0|7352.0|8824.0|10297.0|11799.0|12463.0
 2014|F2449|45-49|W|GER|348|48|1434.0|2905.0|4383.0|5862.0|6181.0|7330.0|8826.0|10306.0|11797.0|12463.0
 2014|F3963|H|W|DEN|347|73|1491.0|2995.0|4515.0|5996.0|6314.0|7468.0|8921.0|10372.0|11833.0|12463.0
 2014|F6077|30-34|W|MEX|346|63|1516.0|2976.0|4442.0|5905.0|6229.0|7384.0|8856.0|10344.0|11821.0|12461.0
 2014|F2462|35-39|W|MAR|345|81|1485.0|2983.0|4486.0|5973.0|6296.0|7470.0|8963.0|10424.0|11881.0|12460.0
 2014|F6772|H|W|POL|344|72|1443.0|2931.0|4406.0|5888.0|6210.0|7359.0|8890.0|10347.0|11813.0|12459.0
 2014|F4716|40-44|W|GER|343|69|1537.0|3037.0|4525.0|6001.0|6318.0|7462.0|8918.0|10378.0|11835.0|12455.0
 2014|F1551|40-44|W|GER|342|68|1501.0|2996.0|4457.0|5917.0|6245.0|7392.0|8878.0|10358.0|11824.0|12454.0
 2014|F6764|40-44|W|GER|341|67|1445.0|2883.0|4307.0|5783.0|6108.0|7300.0|8769.0|10247.0|11769.0|12448.0
 2014|F2906|40-44|W|GER|340|66|1899.0|3834.0|5894.0|8107.0|8608.0|NaN|NaN|NaN|NaN|12448.0
 2014|F8578|40-44|W|DEN|339|65|1490.0|2989.0|4467.0|5950.0|6269.0|7412.0|8910.0|10366.0|11832.0|12448.0
 2014|F1946|45-49|W|IRL|338|47|1525.0|2991.0|4483.0|5915.0|6235.0|7379.0|8842.0|10303.0|11788.0|12446.0
 2014|F1900|30-34|W|GBR|337|62|1312.0|2774.0|4200.0|5640.0|5965.0|7136.0|8679.0|10215.0|11781.0|12440.0
 2014|F616|H|W|ESP|336|71|1731.0|3460.0|NaN|NaN|NaN|NaN|NaN|NaN|11646.0|12439.0
 2014|F9319|30-34|W|USA|335|61|1416.0|2820.0|4220.0|5667.0|5982.0|7127.0|8604.0|10128.0|11721.0|12438.0
 2014|F8882|H|W|NED|334|70|1488.0|2958.0|4425.0|5899.0|6220.0|7388.0|8859.0|10355.0|11812.0|12431.0
 2014|F8422|35-39|W|GER|333|80|1441.0|2891.0|4315.0|5733.0|6037.0|7181.0|8695.0|10222.0|11763.0|12430.0
 2014|F9174|H|W|GER|332|69|1505.0|2941.0|4399.0|5835.0|6151.0|7317.0|8763.0|10219.0|11786.0|12430.0
 2014|F8659|45-49|W|FRO|331|46|1416.0|2876.0|4343.0|5813.0|6130.0|7295.0|8790.0|10284.0|11779.0|12430.0
 2014|F9614|40-44|W|POR|330|64|1450.0|2889.0|4334.0|5783.0|6104.0|7258.0|8707.0|10198.0|11756.0|12428.0
 2014|F8591|30-34|W|ITA|329|60|1483.0|2959.0|4424.0|5883.0|6205.0|7376.0|8862.0|10316.0|11785.0|12426.0
 2014|F6865|45-49|W|HKG|328|45|1454.0|2904.0|4357.0|5793.0|6110.0|7240.0|8715.0|10190.0|11736.0|12422.0
 2014|F4518|45-49|W|GER|327|44|1481.0|2946.0|4385.0|5827.0|6141.0|7290.0|8760.0|10269.0|11761.0|12419.0
 2014|F3567|35-39|W|IRL|326|79|1456.0|2876.0|4272.0|5690.0|5999.0|7119.0|8601.0|10117.0|11697.0|12418.0
 2014|F9295|45-49|W|GER|325|43|1472.0|2925.0|4370.0|5811.0|6125.0|7266.0|8750.0|10229.0|11751.0|12417.0
 2014|F6708|35-39|W|FRA|324|78|1489.0|2925.0|4340.0|5758.0|6073.0|7199.0|8679.0|10147.0|11730.0|12413.0
 2014|F452|40-44|W|GER|323|63|1421.0|2854.0|4276.0|5693.0|6004.0|7136.0|8598.0|10120.0|11708.0|12411.0
 2014|F2451|45-49|W|GER|322|42|1394.0|2780.0|4194.0|5628.0|5946.0|7092.0|8579.0|10117.0|11722.0|12411.0
 2014|F5839|40-44|W|GBR|321|62|1447.0|2896.0|4327.0|5765.0|6079.0|7218.0|8651.0|10118.0|11695.0|12408.0
 2014|F9229|H|W|GER|320|68|1416.0|2825.0|4214.0|5617.0|5921.0|7039.0|8502.0|10096.0|11728.0|12406.0
 2014|F7952|H|W|GER|319|67|1428.0|2875.0|4321.0|5779.0|6092.0|7236.0|8723.0|10223.0|11747.0|12403.0
 2014|F8992|30-34|W|HUN|318|59|1565.0|3143.0|4616.0|6070.0|6405.0|7537.0|8990.0|10380.0|11801.0|12397.0
 2014|F9660|30-34|W|GER|317|58|1588.0|3050.0|4482.0|5919.0|6234.0|7352.0|8802.0|10240.0|11741.0|12396.0
 2014|F3295|35-39|W|GER|316|77|1440.0|2828.0|4254.0|5685.0|5998.0|7105.0|8548.0|10085.0|11681.0|12395.0
 2014|F7754|50-54|W|GER|315|9|1481.0|2945.0|4390.0|5829.0|6142.0|7282.0|8730.0|10191.0|11668.0|12390.0
 2014|F2428|H|W|GBR|314|66|1441.0|2893.0|4337.0|5791.0|6106.0|7258.0|8741.0|10232.0|11743.0|12389.0
 2014|F3520|45-49|W|ISL|313|41|1406.0|2807.0|4221.0|5647.0|5964.0|7108.0|8587.0|10116.0|11711.0|12386.0
 2014|F3439|40-44|W|NOR|312|61|1457.0|2904.0|4335.0|5760.0|6078.0|7230.0|8713.0|10204.0|11712.0|12384.0
 2014|F1822|45-49|W|HKG|311|40|1447.0|2884.0|4327.0|5779.0|6100.0|7242.0|8748.0|10233.0|11736.0|12379.0
 2014|F6142|H|W|GER|310|65|1330.0|2677.0|4033.0|5411.0|5717.0|6827.0|8299.0|9899.0|11637.0|12378.0
 2014|F6207|H|W|GER|309|64|1379.0|2772.0|4163.0|5582.0|5895.0|7036.0|8531.0|10073.0|11685.0|12377.0
 2014|F9179|H|W|USA|308|63|1297.0|2650.0|4046.0|5496.0|5812.0|6969.0|8495.0|10071.0|11669.0|12376.0
 2014|F9622|35-39|W|USA|307|76|1450.0|2907.0|4358.0|5819.0|6137.0|7288.0|8759.0|10236.0|11730.0|12371.0
 2014|F7249|40-44|W|SUI|306|60|1370.0|2742.0|4133.0|5547.0|5865.0|7006.0|8516.0|10070.0|11673.0|12366.0
 2014|F1122|40-44|W|NED|305|59|1430.0|2838.0|4248.0|5668.0|5979.0|7080.0|8534.0|10059.0|11689.0|12365.0
 2014|F2550|30-34|W|GER|304|57|1473.0|2936.0|4379.0|5836.0|6158.0|7305.0|8770.0|10246.0|11729.0|12364.0
 2014|F3960|40-44|W|GER|303|58|1482.0|2970.0|4464.0|5962.0|6286.0|7410.0|8857.0|10317.0|11764.0|12362.0
 2014|F657|H|W|DEN|302|62|1460.0|2907.0|4350.0|5799.0|6121.0|7260.0|8724.0|10203.0|11716.0|12361.0
 2014|F4185|H|W|NED|301|61|1461.0|2927.0|4375.0|5802.0|6114.0|7241.0|8697.0|10162.0|11697.0|12358.0
 2014|F1210|50-54|W|GER|300|8|1444.0|2890.0|4354.0|5815.0|6136.0|7304.0|8769.0|10246.0|11730.0|12356.0
 2014|F3803|45-49|W|NOR|299|39|1504.0|2968.0|4396.0|5818.0|6125.0|7252.0|8711.0|10180.0|11694.0|12355.0
 2014|F2119|30-34|W|CAN|298|56|1423.0|2849.0|4246.0|5662.0|5969.0|7096.0|8553.0|10030.0|11663.0|12352.0
 2014|F4302|30-34|W|USA|297|55|1579.0|3101.0|4580.0|6048.0|6366.0|7499.0|8946.0|10370.0|11767.0|12350.0
 2014|F7566|35-39|W|MEX|296|75|1413.0|2823.0|4248.0|5691.0|6004.0|7155.0|8621.0|10118.0|11660.0|12349.0
 2014|F8872|30-34|W|JPN|295|54|1398.0|2789.0|4188.0|5591.0|5897.0|7046.0|8511.0|10031.0|11628.0|12340.0
 2014|F6334|40-44|W|DEN|294|57|1442.0|2880.0|4297.0|5719.0|6030.0|7215.0|8704.0|10188.0|11694.0|12334.0
 2014|F9432|35-39|W|GBR|293|74|1490.0|2969.0|4408.0|5842.0|6154.0|7291.0|8749.0|10229.0|11706.0|12322.0
 2014|F1139|40-44|W|GER|292|56|1450.0|2856.0|4245.0|5638.0|5948.0|7061.0|8560.0|10108.0|11635.0|12320.0
 2014|F2850|30-34|W|GBR|291|53|1444.0|2917.0|4353.0|5778.0|6098.0|7232.0|8707.0|10181.0|11682.0|12319.0
 2014|F5539|35-39|W|DEN|290|73|1452.0|2907.0|4358.0|5798.0|6115.0|7287.0|8739.0|10196.0|11670.0|12311.0
 2014|F1555|H|W|POL|289|60|1468.0|2918.0|4361.0|5789.0|6102.0|7239.0|8686.0|10144.0|11654.0|12305.0
 2014|F699|H|W|GER|288|59|1500.0|2975.0|4414.0|5859.0|6168.0|7282.0|8729.0|10186.0|11664.0|12304.0
 2014|F3438|35-39|W|GER|287|72|1369.0|2775.0|4194.0|5615.0|5925.0|7057.0|8531.0|10054.0|11617.0|12303.0
 2014|F5474|45-49|W|NOR|286|38|1420.0|2834.0|4205.0|5592.0|5895.0|7004.0|8491.0|10032.0|11627.0|12300.0
 2014|F7700||W|SUI|285|0|1284.0|2576.0|3896.0|5264.0|5569.0|6705.0|8233.0|9858.0|11531.0|12299.0
 2014|F2979|H|W|GER|284|58|1494.0|2960.0|4387.0|5808.0|6113.0|7264.0|8724.0|10162.0|11637.0|12294.0
 2014|F1599|35-39|W|SUI|283|71|1510.0|3008.0|4471.0|5942.0|6261.0|7406.0|8862.0|10282.0|11701.0|12294.0
 2014|F1447|35-39|W|IRL|282|70|1330.0|2686.0|4165.0|5662.0|5970.0|7102.0|8573.0|10088.0|11635.0|12294.0
 2014|F899|40-44|W|MEX|281|55|1535.0|3015.0|4482.0|5930.0|6246.0|7384.0|8841.0|10277.0|11698.0|12292.0
 2014|F654|45-49|W|DEN|280|37|1483.0|2960.0|4435.0|5884.0|6190.0|7316.0|8763.0|10202.0|11673.0|12292.0
 2014|F2305|55-59|W|GER|279|4|1406.0|2822.0|4278.0|5759.0|6080.0|7260.0|8743.0|10216.0|11663.0|12291.0
 2014|F1075|40-44|W|FRA|278|54|1488.0|2906.0|4317.0|5704.0|6010.0|7173.0|8640.0|10090.0|11606.0|12288.0
 2014|F8742|35-39|W|GBR|277|69|1409.0|2828.0|4308.0|5722.0|6032.0|7159.0|8629.0|10109.0|11630.0|12285.0
 2014|F2903|H|W|SUI|276|57|1274.0|2572.0|3921.0|5407.0|5768.0|6897.0|8410.0|10050.0|11614.0|12280.0
 2014|F7799|40-44|W|SUI|275|53|1373.0|2741.0|4115.0|5456.0|5752.0|6857.0|8227.0|9707.0|11469.0|12276.0
 2014|F2417|45-49|W|IRL|274|36|1350.0|2738.0|4125.0|5519.0|5827.0|6998.0|8477.0|9988.0|11562.0|12269.0
 2014|F4880|30-34|W|GER|273|52|1468.0|2931.0|4386.0|5845.0|6165.0|7306.0|8748.0|10191.0|11634.0|12268.0
 2014|F8687|H|W|DEN|272|56|1459.0|2890.0|4326.0|5776.0|6089.0|7232.0|8665.0|10130.0|11611.0|12264.0
 2014|F2629|40-44|W|GER|271|52|1441.0|2854.0|4264.0|5703.0|6019.0|7158.0|8627.0|10096.0|11601.0|12260.0
 2014|F4968|35-39|W|GER|270|68|1337.0|2718.0|4158.0|5613.0|5925.0|7061.0|8550.0|10053.0|11610.0|12255.0
 2014|F1027|45-49|W|GER|269|35|1513.0|2873.0|4227.0|5570.0|5868.0|6984.0|8501.0|10015.0|11556.0|12255.0
 2014|F3430|45-49|W|SUI|268|34|1379.0|2774.0|4161.0|5558.0|5863.0|6975.0|8443.0|9942.0|11528.0|12254.0
 2014|F6612|45-49|W|POL|267|33|1446.0|2879.0|4283.0|5695.0|6007.0|7122.0|8561.0|10048.0|11577.0|12251.0
 2014|F1917|35-39|W|USA|266|67|1359.0|2729.0|4127.0|5556.0|5875.0|7056.0|8566.0|10056.0|11600.0|12246.0
 2014|F6338|50-54|W|GER|265|7|1406.0|2829.0|4266.0|5710.0|6027.0|7174.0|8649.0|10119.0|11601.0|12245.0
 2014|F5237|35-39|W|FIN|264|66|1434.0|2876.0|4321.0|5777.0|6096.0|7242.0|8727.0|10201.0|11648.0|12244.0
 2014|F3667|55-59|W|USA|263|3|1487.0|2950.0|4375.0|5816.0|6131.0|7285.0|8732.0|10150.0|11607.0|12242.0
 2014|F508|50-54|W|NOR|262|6|1492.0|2950.0|4387.0|5838.0|6157.0|7299.0|8764.0|10210.0|11650.0|12242.0
 2014|F8077|55-59|W|CAN|261|2|1394.0|2821.0|4214.0|5662.0|5963.0|7119.0|8567.0|10039.0|11569.0|12236.0
 2014|F2513|40-44|W|NOR|260|51|1481.0|2934.0|4402.0|5841.0|6150.0|7267.0|8709.0|10117.0|11585.0|12234.0
 2014|F2821|35-39|W|AUS|259|65|1455.0|2929.0|4340.0|5753.0|6064.0|7182.0|8621.0|10083.0|11591.0|12233.0
 2014|F2132|35-39|W|USA|258|64|1466.0|2931.0|4390.0|5855.0|6177.0|7339.0|8787.0|10208.0|11623.0|12233.0
 2014|F7105|35-39|W|GBR|257|63|1489.0|2989.0|4453.0|5933.0|6255.0|7385.0|8829.0|10234.0|11642.0|12233.0
 2014|F5284|40-44|W|SUI|256|50|1431.0|2857.0|4286.0|5731.0|6047.0|7195.0|8681.0|10152.0|11601.0|12232.0
 2014|F1263|40-44|W|SWE|255|49|1500.0|2983.0|4431.0|5873.0|6191.0|7324.0|8771.0|10204.0|11617.0|12231.0
 2014|F2027|45-49|W|GBR|254|32|1468.0|2931.0|4392.0|5855.0|6177.0|7318.0|8767.0|10202.0|11617.0|12224.0
 2014|F3211|30-34|W|SLO|253|51|1325.0|2731.0|4158.0|5595.0|5914.0|7058.0|8542.0|10041.0|11568.0|12219.0
 2014|F963|45-49|W|GER|252|31|1405.0|2849.0|4302.0|5759.0|6076.0|7198.0|8662.0|10109.0|11578.0|12213.0
 2014|F8399|H|W|FIN|251|55|1378.0|2771.0|4153.0|5558.0|5869.0|7013.0|8482.0|9969.0|11546.0|12207.0
 2014|F41|H|W|JPN|250|54|1262.0|2566.0|3886.0|5278.0|5592.0|6748.0|8282.0|9896.0|11538.0|12204.0
 2014|F8761|45-49|W|ITA|249|30|1407.0|2796.0|4189.0|5621.0|5935.0|7067.0|8552.0|10049.0|11547.0|12201.0
 2014|F6205|45-49|W|EST|248|29|1466.0|2900.0|4273.0|5673.0|5981.0|7101.0|8557.0|10032.0|11564.0|12200.0
 2014|F702|30-34|W|AUT|247|50|1359.0|2693.0|4062.0|5421.0|5721.0|6850.0|8334.0|9887.0|11530.0|12200.0
 2014|F2624|H|W|GER|246|53|1476.0|2930.0|4370.0|5811.0|6126.0|7275.0|8724.0|10137.0|11585.0|12197.0
 2014|F9016|30-34|W|GBR|245|49|1419.0|2805.0|4208.0|5624.0|5939.0|7082.0|8561.0|10022.0|11547.0|12195.0
 2014|F4849|H|W|GER|244|52|1456.0|2908.0|4349.0|5766.0|6078.0|7202.0|8644.0|10110.0|11577.0|12193.0
 2014|F6879|45-49|W|GER|243|28|1386.0|2794.0|4220.0|5651.0|5967.0|7095.0|8560.0|10036.0|11538.0|12186.0
 2014|F3909|50-54|W|SUI|242|5|1441.0|2874.0|4312.0|5771.0|6090.0|7223.0|8653.0|10074.0|11550.0|12181.0
 2014|F7330|40-44|W|FRA|241|48|1453.0|2880.0|4289.0|5716.0|6032.0|7165.0|8608.0|10057.0|11531.0|12180.0
 2014|F7426|35-39|W|DEN|240|62|1437.0|2878.0|4315.0|5747.0|6061.0|7218.0|8664.0|10104.0|11562.0|12176.0
 2014|F6958|40-44|W|DEN|239|47|1436.0|2849.0|4255.0|5665.0|5974.0|7096.0|8545.0|10018.0|11520.0|12155.0
 2014|F3565|45-49|W|GBR|238|27|1452.0|2904.0|4331.0|5764.0|6076.0|7210.0|8650.0|10075.0|11519.0|12150.0
 2014|F3362|40-44|W|CHI|237|46|1529.0|3003.0|4445.0|5887.0|6204.0|7335.0|8751.0|10193.0|11568.0|12143.0
 2014|F5854|30-34|W|POL|236|48|1419.0|2828.0|4231.0|5638.0|5944.0|7065.0|8548.0|10045.0|11516.0|12143.0
 2014|F8385|40-44|W|SLO|235|45|1451.0|2887.0|4304.0|5717.0|6023.0|7138.0|8578.0|10024.0|11500.0|12142.0
 2014|F3994|H|W|GER|234|51|1408.0|2841.0|4246.0|5676.0|5988.0|7112.0|8551.0|10001.0|11502.0|12142.0
 2014|F2140|35-39|W|ISR|233|61|1430.0|2829.0|4232.0|5635.0|5940.0|7055.0|8466.0|9915.0|11462.0|12137.0
 2014|F1456|30-34|W|GBR|232|47|1443.0|2849.0|4251.0|5697.0|6012.0|7158.0|8605.0|10040.0|11515.0|12136.0
 2014|F6073|35-39|W|GBR|231|60|1462.0|2898.0|4298.0|5707.0|6016.0|7129.0|8576.0|10020.0|11500.0|12133.0
 2014|F8827|45-49|W|GER|230|26|1429.0|2896.0|4324.0|5730.0|6053.0|7166.0|8597.0|10040.0|11507.0|12132.0
 2014|F4420|40-44|W|FRA|229|44|1394.0|2796.0|4210.0|5637.0|5951.0|7108.0|8595.0|10062.0|11513.0|12130.0
 2014|F1349|H|W|RUS|228|50|1346.0|2706.0|4099.0|5523.0|5836.0|6962.0|8476.0|10004.0|11520.0|12129.0
 2014|F4576|H|W|USA|227|49|1442.0|2870.0|4298.0|5728.0|6038.0|7159.0|8577.0|10011.0|11477.0|12113.0
 2014|F5335|H|W|NED|226|48|1391.0|2792.0|4202.0|5608.0|5915.0|7035.0|8502.0|9960.0|11462.0|12112.0
 2014|F8004|35-39|W|GBR|225|59|1404.0|2795.0|4165.0|5545.0|5852.0|6980.0|8453.0|9939.0|11447.0|12099.0
 2014|F8634|30-34|W|GBR|224|46|1461.0|2923.0|4349.0|5769.0|6077.0|7198.0|8618.0|10047.0|11484.0|12094.0
 2014|F7750|35-39|W|DEN|223|58|2200.0|NaN|NaN|NaN|NaN|NaN|NaN|NaN|11002.0|12088.0
 2014|F762|40-44|W|GBR|222|43|1427.0|2862.0|4271.0|5680.0|5988.0|7116.0|8548.0|9997.0|11460.0|12080.0
 2014|F6054|35-39|W|ESP|221|57|1419.0|2831.0|4229.0|5626.0|5930.0|7028.0|8426.0|9851.0|11378.0|12080.0
 2014|F6744|30-34|W|ARG|220|45|1374.0|2703.0|4072.0|5492.0|5804.0|6979.0|8443.0|9921.0|11422.0|12075.0
 2014|F9023|H|W|USA|219|47|1331.0|2671.0|4030.0|5425.0|5730.0|6881.0|8357.0|9863.0|11416.0|12073.0
 2014|F1287|35-39|W|CZE|218|56|1400.0|2794.0|4161.0|5523.0|5823.0|6922.0|8381.0|9899.0|11416.0|12057.0
 2014|F3661|35-39|W|AUT|217|55|1400.0|2794.0|4177.0|5584.0|5890.0|7010.0|8460.0|9925.0|11412.0|12052.0
 2014|F3596|H|W|NOR|216|46|1245.0|2507.0|3785.0|5123.0|5411.0|6530.0|7994.0|9641.0|11344.0|12044.0
 2014|F2002|35-39|W|USA|215|54|1426.0|2858.0|4274.0|5682.0|5984.0|7096.0|8578.0|9987.0|11399.0|12043.0
 2014|F1702|H|W|DEN|214|45|1388.0|2751.0|4125.0|5524.0|5834.0|6969.0|8450.0|9917.0|11407.0|12038.0
 2014|F8640|30-34|W|GER|213|44|1393.0|2788.0|4175.0|5588.0|5892.0|6999.0|8446.0|9912.0|11399.0|12029.0
 2014|F2012|30-34|W|GBR|212|43|1407.0|2821.0|4225.0|5622.0|5926.0|7033.0|8475.0|9921.0|11398.0|12024.0
 2014|F5501|40-44|W|GER|211|42|1455.0|2901.0|4339.0|5796.0|6109.0|7252.0|8690.0|10094.0|11461.0|12016.0
 2014|F6038|30-34|W|FRA|210|42|1488.0|2912.0|4313.0|5713.0|6014.0|7105.0|8487.0|9890.0|11360.0|12006.0
 2014|F5903|35-39|W|NED|209|53|1442.0|2856.0|4271.0|5701.0|6008.0|7106.0|8490.0|9905.0|11362.0|12002.0
 2014|F7824|35-39|W|NED|208|52|1384.0|2800.0|4216.0|5638.0|5945.0|7059.0|8490.0|9925.0|11375.0|11997.0
 2014|F6563|30-34|W|POL|207|41|1454.0|2872.0|4281.0|5727.0|6039.0|7180.0|8627.0|10039.0|11413.0|11995.0
 2014|F1795|30-34|W|GBR|206|40|1477.0|2898.0|4285.0|5680.0|5986.0|7072.0|8449.0|9862.0|11346.0|11991.0
 2014|F3253|40-44|W|GBR|205|41|1321.0|2672.0|4043.0|5430.0|5734.0|6858.0|8294.0|9766.0|11305.0|11989.0
 2014|F3440|50-54|W|NED|204|4|1359.0|2741.0|4148.0|5559.0|5869.0|6986.0|8429.0|9885.0|11356.0|11988.0
 2014|F9442|H|W|CAN|203|44|1356.0|2799.0|4235.0|5654.0|5960.0|7085.0|8523.0|9951.0|11378.0|11983.0
 2014|F5608|35-39|W|IRL|202|51|1437.0|2870.0|4271.0|5652.0|5954.0|7038.0|8436.0|9860.0|11329.0|11982.0
 2014|F4692|30-34|W|GER|201|39|1338.0|2717.0|4099.0|5518.0|5829.0|6953.0|8396.0|9872.0|11345.0|11979.0
 2014|F5696|H|W|SUI|200|43|1428.0|2833.0|4263.0|5674.0|5986.0|7109.0|8534.0|9967.0|11386.0|11978.0
 2014|F9041|45-49|W|NED|199|25|1497.0|2947.0|4400.0|5845.0|6149.0|7256.0|8660.0|10017.0|11375.0|11977.0
 2014|F2959|40-44|W|JPN|198|40|1464.0|2866.0|4223.0|5581.0|5881.0|6959.0|8394.0|9860.0|11322.0|11967.0
 2014|F667|45-49|W|NZL|197|24|1375.0|2753.0|4145.0|5572.0|5882.0|7028.0|8479.0|9911.0|11355.0|11966.0
 2014|F2253|35-39|W|DEN|196|50|1446.0|2866.0|4269.0|5674.0|5983.0|7086.0|8506.0|9930.0|11357.0|11962.0
 2014|F7318|35-39|W|USA|195|49|1520.0|2998.0|4433.0|5882.0|6198.0|7283.0|8676.0|10011.0|11360.0|11961.0
 2014|F8332|40-44|W|GER|194|39|1344.0|2703.0|4082.0|5481.0|5794.0|6933.0|8438.0|9894.0|11337.0|11958.0
 2014|F4671|35-39|W|HUN|193|48|1363.0|2720.0|4087.0|5460.0|5763.0|6875.0|8327.0|9797.0|11344.0|11958.0
 2014|F3858|45-49|W|GER|192|23|1420.0|2773.0|4146.0|5576.0|5886.0|7019.0|8494.0|9922.0|11337.0|11957.0
 2014|F4738|H|W|DEN|191|42|1400.0|2782.0|4168.0|5557.0|5855.0|6939.0|8339.0|9794.0|11303.0|11954.0
 2014|F7442|35-39|W|CAN|190|47|1339.0|2678.0|4033.0|5411.0|5713.0|6821.0|8240.0|9691.0|11235.0|11953.0
 2014|F2252|H|W|GER|189|41|1337.0|2710.0|4162.0|5558.0|5860.0|6967.0|8459.0|9918.0|11360.0|11944.0
 2014|F4127|40-44|W|PUR|188|38|1445.0|2872.0|4274.0|5693.0|5999.0|7108.0|8520.0|9946.0|11350.0|11939.0
 2014|F3977|30-34|W|IRL|187|38|1395.0|2782.0|4163.0|5564.0|5868.0|6968.0|8366.0|9776.0|11310.0|11939.0
 2014|F817|45-49|W|ISR|186|22|1432.0|2835.0|4233.0|5646.0|5950.0|7071.0|8497.0|9915.0|11327.0|11937.0
 2014|F3944|45-49|W|NOR|185|21|1427.0|2780.0|4141.0|5544.0|5851.0|6960.0|8407.0|9855.0|11320.0|11931.0
 2014|F6041|40-44|W|CHI|183|37|1445.0|2818.0|4193.0|5573.0|5882.0|6999.0|8458.0|9903.0|11347.0|11925.0
 2014|F2346|H|W|GER|183|40|1346.0|2685.0|4026.0|5369.0|5665.0|6728.0|8109.0|9676.0|11286.0|11925.0
 2014|F2365|H|W|SLO|182|39|1312.0|2668.0|4043.0|5437.0|5743.0|6847.0|8296.0|9763.0|11280.0|11916.0
 2014|F6726|45-49|W|FIN|181|20|1377.0|2752.0|4125.0|5510.0|5810.0|6913.0|8357.0|9790.0|11280.0|11909.0
 2014|F6731|H|W|GBR|180|38|1417.0|2836.0|4278.0|5703.0|6011.0|7115.0|8538.0|9942.0|11330.0|11907.0
 2014|F1660|35-39|W|GBR|179|46|1428.0|2850.0|4285.0|5683.0|5992.0|7082.0|8484.0|9894.0|11296.0|11903.0
 2014|F8723|35-39|W|GER|178|45|1325.0|2643.0|3969.0|5302.0|5598.0|6675.0|8127.0|9634.0|11207.0|11903.0
 2014|F6472|40-44|W|GBR|177|36|1355.0|2680.0|4020.0|5368.0|5662.0|6772.0|8207.0|9693.0|11244.0|11892.0
 2014|F2888|35-39|W|GBR|176|44|1396.0|2804.0|4197.0|5622.0|5937.0|7049.0|8451.0|9857.0|11279.0|11888.0
 2014|F5365|35-39|W|GBR|175|43|1421.0|2813.0|4216.0|5593.0|5900.0|7000.0|8421.0|9830.0|11249.0|11888.0
 2014|F3597|H|W|DEN|174|37|1412.0|2813.0|4216.0|5634.0|5944.0|7032.0|8447.0|9849.0|11272.0|11879.0
 2014|F7028|45-49|W|SUI|173|19|1321.0|2659.0|4011.0|5382.0|5680.0|6777.0|8249.0|9716.0|11246.0|11872.0
 2014|F5235|30-34|W|GER|172|37|1332.0|2677.0|4013.0|5356.0|5657.0|6820.0|8297.0|9758.0|11245.0|11872.0
 2014|F1341|35-39|W|USA|171|42|1418.0|2817.0|4212.0|5602.0|5908.0|7018.0|8419.0|9824.0|11253.0|11871.0
 2014|F2459|40-44|W|ITA|170|35|1426.0|2853.0|4274.0|5656.0|5949.0|7043.0|8411.0|9801.0|11223.0|11870.0
 2014|F5171|40-44|W|BEL|169|34|1397.0|2818.0|4200.0|5581.0|5885.0|6986.0|8380.0|9785.0|11221.0|11867.0
 2014|F2818|30-34|W|SWE|168|36|1372.0|2723.0|4070.0|5434.0|5737.0|6829.0|8282.0|9732.0|11230.0|11865.0
 2014|F5987|30-34|W|ITA|167|35|1356.0|2713.0|4091.0|5471.0|5771.0|6890.0|8332.0|9766.0|11233.0|11864.0
 2014|F1256|H|W|USA|166|36|1437.0|2847.0|4255.0|5660.0|5968.0|7081.0|8490.0|9883.0|11263.0|11857.0
 2014|F1000|H|W|AUS|165|35|1409.0|2770.0|4110.0|5468.0|5768.0|6863.0|8276.0|9711.0|11184.0|11855.0
 2014|F7594|45-49|W|GER|164|18|1394.0|2778.0|4170.0|5552.0|5856.0|6963.0|8359.0|9767.0|11224.0|11851.0
 2014|F6499|30-34|W|BRA|163|34|1442.0|2823.0|4184.0|5542.0|5842.0|6921.0|8314.0|9719.0|11190.0|11849.0
 2014|F4082|40-44|W|ISR|162|33|1433.0|2837.0|4239.0|5649.0|5956.0|7058.0|8463.0|9867.0|11262.0|11845.0
 2014|F4430|45-49|W|IRL|161|17|1444.0|2873.0|4298.0|5723.0|6034.0|7147.0|8525.0|9872.0|11229.0|11840.0
 2014|F3336|35-39|W|GER|160|41|1445.0|2893.0|4284.0|5678.0|5986.0|7075.0|8456.0|9843.0|11240.0|11837.0
 2014|F2702|45-49|W|ITA|159|16|1424.0|2838.0|4220.0|5621.0|5926.0|7044.0|8460.0|9859.0|11246.0|11836.0
 2014|F4569|35-39|W|POL|158|40|1289.0|2631.0|3990.0|5378.0|5685.0|6807.0|8273.0|9752.0|11232.0|11833.0
 2014|F7248|30-34|W|GBR|157|33|1408.0|2824.0|4217.0|5613.0|5918.0|7016.0|8400.0|9799.0|11201.0|11823.0
 2014|F1046|40-44|W|GER|156|32|1337.0|2727.0|4097.0|5441.0|5738.0|6815.0|8202.0|9653.0|11146.0|11816.0
 2014|F9637|35-39|W|SUI|155|39|1412.0|2815.0|4193.0|5576.0|5872.0|6962.0|8349.0|9729.0|11173.0|11814.0
 2014|F6431|30-34|W|SUI|154|32|1428.0|2829.0|4231.0|5632.0|5939.0|7053.0|8471.0|9872.0|11258.0|11803.0
 2014|F5189|35-39|W|GBR|153|38|1426.0|2836.0|4208.0|5585.0|5889.0|6989.0|8376.0|9772.0|11185.0|11797.0
 2014|F5025|30-34|W|POL|152|31|1400.0|2780.0|4163.0|5547.0|5852.0|6958.0|8363.0|9768.0|11185.0|11797.0
 2014|F2716|35-39|W|USA|151|37|1402.0|2812.0|4194.0|5594.0|5902.0|7014.0|8390.0|9749.0|11171.0|11793.0
 2014|F2090|H|W|DEN|150|34|1406.0|2817.0|4216.0|5617.0|5922.0|7015.0|8407.0|9788.0|11180.0|11787.0
 2014|F1559|40-44|W|GER|149|31|1412.0|2798.0|4190.0|5581.0|5883.0|6980.0|8387.0|9758.0|11153.0|11764.0
 2014|F9647|30-34|W|COL|148|30|1323.0|2644.0|3954.0|5252.0|5538.0|6616.0|8023.0|9516.0|11069.0|11763.0
 2014|F1767|35-39|W|SWE|147|36|1327.0|2665.0|4003.0|5362.0|5939.0|6989.0|8327.0|9664.0|11173.0|11762.0
 2014|F1848|40-44|W|DEN|146|30|1335.0|2655.0|3966.0|5300.0|5592.0|6666.0|8053.0|9504.0|11063.0|11759.0
 2014|F8545|H|W|GBR|145|33|1401.0|2799.0|4184.0|5595.0|5899.0|7011.0|8414.0|9792.0|11166.0|11757.0
 2014|F8314|35-39|W|AUT|144|35|1368.0|2748.0|4135.0|5533.0|5835.0|6939.0|8343.0|9741.0|11155.0|11748.0
 2014|F3417|35-39|W|BRA|143|34|1367.0|2729.0|4098.0|5499.0|5796.0|6916.0|8314.0|9742.0|11156.0|11743.0
 2014|F2991|30-34|W|FRA|142|29|1285.0|2590.0|3895.0|5211.0|5505.0|6681.0|8061.0|9518.0|11062.0|11741.0
 2014|F3498|35-39|W|IRL|141|33|1427.0|2842.0|4241.0|5637.0|5946.0|7048.0|8442.0|9834.0|11182.0|11741.0
 2014|F2734|30-34|W|MEX|140|28|1361.0|2729.0|4114.0|5493.0|5795.0|6909.0|8339.0|9763.0|11156.0|11739.0
 2014|F7419|40-44|W|DEN|139|29|1405.0|2809.0|4174.0|5534.0|5831.0|6909.0|8293.0|9686.0|11116.0|11737.0
 2014|F9643|40-44|W|ITA|138|28|1520.0|2924.0|4310.0|5668.0|5966.0|7038.0|8394.0|9745.0|11125.0|11726.0
 2014|F9088|35-39|W|NOR|137|32|1375.0|2743.0|4114.0|5489.0|5793.0|6887.0|8270.0|9662.0|11092.0|11709.0
 2014|F5286|35-39|W|GER|136|31|1392.0|2793.0|4219.0|5607.0|5904.0|6993.0|8373.0|9752.0|11129.0|11701.0
 2014|F1708|40-44|W|ESP|135|27|1393.0|2762.0|4131.0|5501.0|5800.0|6885.0|8268.0|9666.0|11077.0|11693.0
 2014|F620|40-44|W|MEX|134|26|1294.0|2612.0|3940.0|5291.0|5590.0|6682.0|8095.0|9524.0|11017.0|11691.0
 2014|F4712|30-34|W|SLO|133|27|1374.0|2738.0|4098.0|5465.0|5764.0|6842.0|8231.0|9632.0|11079.0|11689.0
 2014|F3009|45-49|W|USA|132|15|1375.0|2743.0|4131.0|5510.0|5816.0|6890.0|8260.0|9652.0|11064.0|11688.0
 2014|F8094|30-34|W|ISR|131|26|1344.0|2689.0|4021.0|5358.0|5655.0|6721.0|8095.0|9508.0|11015.0|11687.0
 2014|F5298|35-39|W|GER|130|30|1442.0|2834.0|4212.0|5633.0|5941.0|7001.0|8348.0|9711.0|11089.0|11682.0
 2014|F9577|50-54|W|SUI|129|3|1406.0|2812.0|4207.0|5597.0|5897.0|6980.0|8347.0|9714.0|11075.0|11669.0
 2014|F3970|45-49|W|BEL|128|14|1397.0|2818.0|4198.0|5583.0|5881.0|6947.0|8309.0|9672.0|11065.0|11669.0
 2014|F9623|40-44|W|GER|127|25|1362.0|2743.0|4120.0|5501.0|5794.0|6865.0|8252.0|9660.0|11057.0|11663.0
 2014|F7123|30-34|W|DEN|126|25|1416.0|2817.0|4211.0|5591.0|5890.0|6968.0|8360.0|9717.0|11074.0|11650.0
 2014|F2964|H|W|USA|125|32|1242.0|2484.0|3733.0|5019.0|5307.0|6396.0|7864.0|9422.0|11006.0|11645.0
 2014|F1450|35-39|W|GER|124|29|1321.0|2608.0|3898.0|5204.0|5492.0|6555.0|7981.0|9431.0|11010.0|11638.0
 2014|F597|45-49|W|SLO|123|13|1401.0|2772.0|4153.0|5521.0|5824.0|6914.0|8279.0|9669.0|11056.0|11636.0
 2014|F6089|45-49|W|NOR|122|12|1348.0|2706.0|4041.0|5380.0|5679.0|6763.0|8152.0|9552.0|11001.0|11622.0
 2014|F9602|35-39|W|AUT|121|28|1330.0|2660.0|3990.0|5321.0|5611.0|6671.0|8054.0|9474.0|10956.0|11621.0
 2014|F6390|H|W|NOR|120|31|1345.0|2699.0|4054.0|5428.0|5726.0|6804.0|8175.0|9564.0|10985.0|11606.0
 2014|F1863|H|W|NOR|119|30|1287.0|2607.0|3907.0|5229.0|5531.0|6610.0|8039.0|9434.0|10947.0|11596.0
 2014|F1701|30-34|W|DEN|118|24|1297.0|2626.0|3982.0|5351.0|5654.0|6754.0|8157.0|9556.0|10989.0|11594.0
 2014|F8272|30-34|W|AUS|117|23|1370.0|2708.0|4046.0|5394.0|5691.0|6766.0|8162.0|9565.0|10987.0|11594.0
 2014|F7354|40-44|W|ESP|116|24|1363.0|2694.0|4039.0|5393.0|5691.0|6761.0|8143.0|9505.0|10939.0|11592.0
 2014|F3441|30-34|W|SWE|115|22|1358.0|2716.0|4071.0|5442.0|5741.0|6817.0|8195.0|9589.0|10977.0|11589.0
 2014|F36|H|W|GER|114|29|1280.0|2574.0|3878.0|5192.0|5482.0|6524.0|7871.0|9272.0|10844.0|11589.0
 2014|F2028|30-34|W|GBR|113|21|1353.0|2714.0|4089.0|5443.0|5739.0|6806.0|8195.0|9585.0|10981.0|11579.0
 2014|F907|40-44|W|GBR|112|23|1376.0|2735.0|4101.0|5467.0|5764.0|6835.0|8207.0|9587.0|10982.0|11578.0
 2014|F7918|35-39|W|USA|111|27|1285.0|2567.0|3855.0|5146.0|5466.0|6508.0|7901.0|9332.0|10917.0|11531.0
 2014|F8810|H|W|SUI|110|28|1341.0|2669.0|4004.0|5337.0|5629.0|6681.0|8039.0|9457.0|10912.0|11526.0
 2014|F881|40-44|W|ESP|109|22|1326.0|2662.0|3998.0|5350.0|5650.0|6709.0|8092.0|9482.0|10897.0|11514.0
 2014|F9318|35-39|W|AUT|108|26|1419.0|2796.0|4143.0|5482.0|5776.0|6836.0|8204.0|9564.0|10926.0|11512.0
 2014|F4384|H|W|FIN|107|27|1384.0|2760.0|4135.0|5512.0|5816.0|6884.0|8234.0|9577.0|10914.0|11507.0
 2014|F9461|H|W|GER|106|26|1393.0|2755.0|4126.0|5492.0|5786.0|6838.0|8181.0|9531.0|10893.0|11484.0
 2014|F3933|40-44|W|DEN|105|21|1362.0|2703.0|4052.0|5420.0|5717.0|6796.0|8174.0|9538.0|10902.0|11480.0
 2014|F2216|35-39|W|FRA|104|25|1354.0|2698.0|4044.0|5389.0|5683.0|6760.0|8140.0|9501.0|10882.0|11468.0
 2014|F3229|40-44|W|GBR|103|20|1394.0|2742.0|4081.0|5427.0|5719.0|6774.0|8115.0|9478.0|10862.0|11460.0
 2014|F7628|40-44|W|EST|102|19|1309.0|2634.0|3955.0|5300.0|5590.0|6640.0|8005.0|9404.0|10824.0|11445.0
 2014|F4501|40-44|W|DEN|101|18|1276.0|2566.0|3867.0|5203.0|5497.0|6582.0|7986.0|9397.0|10815.0|11433.0
 2014|F3456|50-54|W|GER|100|2|1323.0|2641.0|3959.0|5275.0|5562.0|6596.0|7927.0|9326.0|10789.0|11428.0
 2014|F798|40-44|W|SUI|99|17|1318.0|2627.0|3950.0|5290.0|5588.0|6663.0|8030.0|9410.0|10811.0|11419.0
 2014|F4350|30-34|W|GBR|98|20|1399.0|2796.0|4173.0|5547.0|5845.0|6901.0|8241.0|9566.0|10864.0|11419.0
 2014|F9380|30-34|W|GBR|97|19|1270.0|2539.0|3825.0|5105.0|5392.0|6446.0|7838.0|9272.0|10763.0|11415.0
 2014|F2356|35-39|W|USA|96|24|1417.0|2784.0|4113.0|5443.0|5732.0|6786.0|8127.0|9462.0|10820.0|11411.0
 2014|F4054|40-44|W|GBR|95|16|1332.0|2650.0|3977.0|5299.0|5588.0|6627.0|7977.0|9364.0|10782.0|11399.0
 2014|F1741|30-34|W|FRA|94|18|1395.0|2767.0|4129.0|5477.0|5771.0|6844.0|8196.0|9519.0|10835.0|11397.0
 2014|F5368|H|W|SWE|93|25|1356.0|2715.0|4079.0|5436.0|5734.0|6800.0|8138.0|9468.0|10820.0|11390.0
 2014|F8884|40-44|W|EST|92|15|1303.0|2599.0|3888.0|5193.0|5476.0|6524.0|7888.0|9287.0|10745.0|11388.0
 2014|F6131|30-34|W|AUT|91|17|1269.0|2537.0|3807.0|5094.0|5379.0|6435.0|7847.0|9260.0|10749.0|11387.0
 2014|F4563|35-39|W|RUS|90|23|1279.0|2568.0|3858.0|5152.0|5436.0|6478.0|7832.0|9232.0|10709.0|11366.0
 2014|F6191|H|W|COL|89|24|1306.0|2569.0|3848.0|5141.0|5428.0|6461.0|7830.0|9257.0|10736.0|11361.0
 2014|F6753|35-39|W|GER|88|22|1384.0|2775.0|4132.0|5501.0|5799.0|6857.0|8177.0|9476.0|10786.0|11359.0
 2014|F9047|H|W|FIN|87|23|1251.0|2535.0|3804.0|5080.0|5360.0|6446.0|7753.0|9249.0|10757.0|11356.0
 2014|F2411|35-39|W|GER|86|21|1330.0|2628.0|3915.0|5216.0|5503.0|6547.0|7887.0|9259.0|10710.0|11353.0
 2014|F958|45-49|W|BRA|85|11|1302.0|2642.0|3964.0|5263.0|5553.0|6601.0|7944.0|9312.0|10726.0|11349.0
 2014|F7050|30-34|W|IRL|84|16|1283.0|2547.0|3821.0|5107.0|5393.0|6431.0|7791.0|9197.0|10679.0|11329.0
 2014|F2350|35-39|W|CAN|83|20|1324.0|2652.0|3997.0|5356.0|5653.0|6709.0|8058.0|9400.0|10750.0|11328.0
 2014|F4538|40-44|W|IRL|82|14|1383.0|2721.0|4043.0|5362.0|5656.0|6706.0|8057.0|9402.0|10758.0|11325.0
 2014|F7439|45-49|W|FIN|81|10|1277.0|2569.0|3867.0|5185.0|5475.0|6518.0|7867.0|9251.0|10688.0|11321.0
 2014|F8|35-39|W|RUS|80|19|1165.0|2344.0|3533.0|4735.0|5006.0|5986.0|7364.0|8813.0|10548.0|11320.0
 2014|F5023|40-44|W|EST|79|13|1310.0|2634.0|3955.0|5300.0|5590.0|6634.0|7972.0|9321.0|10697.0|11294.0
 2014|F3068|35-39|W|GER|78|18|1222.0|2469.0|3721.0|4961.0|5228.0|6261.0|7622.0|9151.0|10669.0|11293.0
 2014|F6585|30-34|W|GER|77|15|1313.0|2584.0|3888.0|5210.0|5502.0|6544.0|7889.0|9268.0|10668.0|11286.0
 2014|F6351|H|W|GRE|76|22|1331.0|2679.0|4018.0|5356.0|5652.0|6715.0|8064.0|9404.0|10739.0|11279.0
 2014|F1363|H|W|GBR|75|21|1329.0|2652.0|3960.0|5273.0|5561.0|6605.0|7940.0|9291.0|10682.0|11272.0
 2014|F706|55-59|W|GER|74|1|1318.0|2636.0|3946.0|5279.0|5572.0|6622.0|7957.0|9295.0|10656.0|11260.0
 2014|F6959|H|W|DEN|73|20|1360.0|2717.0|4073.0|5397.0|5691.0|6742.0|8073.0|9387.0|10691.0|11251.0
 2014|F5950|H|W|GER|72|19|1325.0|2621.0|3899.0|5188.0|5474.0|6507.0|7830.0|9196.0|10620.0|11244.0
 2014|F9103|H|W|GBR|71|18|1268.0|2555.0|3836.0|5134.0|5419.0|6466.0|7809.0|9173.0|10604.0|11241.0
 2014|F6082|45-49|W|GER|70|9|1350.0|2699.0|4048.0|5378.0|5668.0|6714.0|8042.0|9367.0|10672.0|11229.0
 2014|F4900|30-34|W|AUT|69|14|1314.0|2637.0|3965.0|5284.0|5575.0|6602.0|7918.0|9270.0|10664.0|11228.0
 2014|F4367|35-39|W|DEN|68|17|1339.0|2634.0|3935.0|5230.0|5512.0|6524.0|7825.0|9178.0|10620.0|11224.0
 2014|F1161|30-34|W|USA|67|13|1439.0|2791.0|4067.0|5324.0|5598.0|6605.0|7895.0|9211.0|10565.0|11179.0
 2014|F2672|35-39|W|USA|66|16|1299.0|2579.0|3860.0|5153.0|5440.0|6464.0|7768.0|9104.0|10557.0|11171.0
 2014|F8129|35-39|W|DEN|65|15|1317.0|2616.0|3924.0|5239.0|5532.0|6571.0|7904.0|9240.0|10599.0|11169.0
 2014|F4956|30-34|W|USA|64|12|1305.0|2598.0|3880.0|5216.0|5528.0|6538.0|7841.0|9179.0|10558.0|11156.0
 2014|F669|45-49|W|NZL|63|8|1267.0|2554.0|3853.0|5153.0|5442.0|6489.0|7848.0|9207.0|10566.0|11155.0
 2014|F6488|40-44|W|ISL|62|12|1236.0|2434.0|3646.0|4875.0|5146.0|6118.0|7386.0|8706.0|10280.0|11144.0
 2014|F6544|H|W|GER|61|17|1273.0|2541.0|3811.0|5089.0|5370.0|6383.0|7703.0|9080.0|10490.0|11125.0
 2014|F2747|40-44|W|ESP|60|11|1309.0|2617.0|3912.0|5205.0|5488.0|6514.0|7833.0|9177.0|10520.0|11106.0
 2014|F1490|40-44|W|GER|59|10|1279.0|2579.0|3875.0|5197.0|5484.0|6519.0|7838.0|9167.0|10499.0|11085.0
 2014|F2696|45-49|W|GER|58|7|1318.0|2600.0|3888.0|5180.0|5468.0|6500.0|7824.0|9160.0|10505.0|11072.0
 2014|F1560|45-49|W|SUI|57|6|1228.0|2466.0|3711.0|4973.0|5253.0|6279.0|7599.0|8974.0|10413.0|11046.0
 2014|F4076|45-49|W|FIN|56|5|1300.0|2578.0|3848.0|5140.0|5423.0|6434.0|7754.0|9104.0|10458.0|11037.0
 2014|F7112|35-39|W|GUA|55|14|1297.0|2583.0|3871.0|5154.0|5437.0|6477.0|7780.0|9104.0|10455.0|11035.0
 2014|F6230|H|W|GBR|54|16|1289.0|2577.0|3855.0|5109.0|5381.0|6367.0|7624.0|8904.0|10332.0|11028.0
 2014|F30|45-49|W|ITA|53|4|1311.0|2626.0|3927.0|5254.0|5541.0|6577.0|7892.0|9180.0|10468.0|11024.0
 2014|F2121|40-44|W|FIN|52|9|1248.0|2529.0|3786.0|5056.0|5338.0|6348.0|7661.0|9009.0|10405.0|11017.0
 2014|F1486|30-34|W|DEN|51|11|1263.0|2546.0|3817.0|5103.0|5383.0|6404.0|7725.0|9052.0|10401.0|10993.0
 2014|F8289|35-39|W|GER|50|13|1294.0|2571.0|3838.0|5104.0|5372.0|6383.0|7685.0|9010.0|10380.0|10957.0
 2014|F7058|35-39|W|AUS|49|12|1285.0|2567.0|3841.0|5120.0|5397.0|6408.0|7703.0|9010.0|10345.0|10909.0
 2014|F3446|30-34|W|GER|48|10|1216.0|2429.0|3651.0|4887.0|5160.0|6139.0|7447.0|8794.0|10235.0|10871.0
 2014|F2112|H|W|DEN|47|15|1313.0|2602.0|3883.0|5162.0|5441.0|6453.0|7813.0|9073.0|10336.0|10853.0
 2014|F8039|35-39|W|GBR|46|11|1292.0|2575.0|3833.0|5096.0|5369.0|6363.0|7627.0|8926.0|10249.0|10822.0
 2014|F35|H|W|USA|45|14|1185.0|2402.0|3641.0|4891.0|5174.0|6196.0|7509.0|8867.0|10230.0|10801.0
 2014|F1477|35-39|W|GBR|44|10|1254.0|2534.0|3797.0|5059.0|5337.0|6332.0|7601.0|8892.0|10203.0|10766.0
 2014|F7749|H|W|GER|43|13|1236.0|2487.0|3756.0|5041.0|5322.0|6343.0|7670.0|8979.0|10228.0|10764.0
 2014|F4603|H|W|GER|42|12|1252.0|2532.0|3789.0|5053.0|5329.0|6320.0|7586.0|8879.0|10200.0|10757.0
 2014|F5119|35-39|W|SWE|41|9|1242.0|2489.0|3742.0|4995.0|5274.0|6265.0|7540.0|8830.0|10155.0|10736.0
 2014|F4206|45-49|W|SLO|40|3|1261.0|2521.0|3784.0|5053.0|5328.0|6318.0|7595.0|8880.0|10172.0|10732.0
 2014|F2047|40-44|W|IRL|39|8|1256.0|2518.0|3773.0|5020.0|5293.0|6285.0|7568.0|8840.0|10146.0|10715.0
 2014|F1238|40-44|W|SUI|38|7|1259.0|2541.0|3818.0|5080.0|5359.0|6357.0|7624.0|8889.0|10163.0|10706.0
 2014|F6546|30-34|W|IRL|37|9|1360.0|2671.0|3947.0|5218.0|5491.0|6458.0|7696.0|8912.0|10150.0|10696.0
 2014|F9018|H|W|ISR|36|11|1242.0|2501.0|3750.0|4997.0|5273.0|6253.0|7490.0|8747.0|10068.0|10660.0
 2014|F5660|45-49|W|AUS|35|2|1252.0|2499.0|3737.0|4984.0|5257.0|6242.0|7504.0|8777.0|10075.0|10648.0
 2014|F887|40-44|W|ITA|34|6|1236.0|2463.0|3692.0|4927.0|5196.0|6175.0|7431.0|8718.0|10070.0|10645.0
 2014|F7557|40-44|W|SWE|33|5|1253.0|2502.0|3753.0|5015.0|5288.0|6276.0|7533.0|8799.0|10087.0|10635.0
 2014|F363|45-49|W|GER|32|1|1225.0|2448.0|3687.0|4944.0|5218.0|6213.0|7483.0|8735.0|10020.0|10587.0
 2014|F2319|35-39|W|GBR|31|8|1258.0|2533.0|3758.0|4990.0|5260.0|6223.0|7464.0|8728.0|10018.0|10586.0
 2014|F9019|35-39|W|GER|30|7|1229.0|2448.0|3684.0|4941.0|5215.0|6195.0|7445.0|8714.0|9985.0|10536.0
 2014|F9549|H|W|USA|29|10|1226.0|2437.0|3642.0|4866.0|5139.0|6115.0|7378.0|8652.0|9933.0|10485.0
 2014|F3371|40-44|W|FRA|28|4|1239.0|2475.0|3704.0|4947.0|5219.0|6190.0|7433.0|8688.0|9939.0|10481.0
 2014|F4118|40-44|W|SUI|27|3|1252.0|2477.0|3703.0|4932.0|5195.0|6166.0|7419.0|8682.0|9928.0|10471.0
 2014|F7658|35-39|W|SUI|26|6|1254.0|2510.0|3768.0|5022.0|5295.0|6279.0|7521.0|8750.0|9946.0|10454.0
 2014|F33|35-39|W|DEN|25|5|1197.0|2389.0|3586.0|4799.0|5065.0|6027.0|7271.0|8552.0|9863.0|10439.0
 2014|F5153|H|W|SWE|24|9|1236.0|2485.0|3723.0|4944.0|5213.0|6180.0|7412.0|8649.0|9890.0|10411.0
 2014|F4433|35-39|W|JPN|23|4|1221.0|2440.0|3663.0|4894.0|5164.0|6131.0|7381.0|8622.0|9879.0|10409.0
 2014|F1854|40-44|W|DEN|22|2|1255.0|2496.0|3743.0|4988.0|5257.0|6237.0|7479.0|8686.0|9880.0|10395.0
 2014|F1651|40-44|W|FRA|21|1|1215.0|2423.0|3626.0|4847.0|5115.0|6070.0|7302.0|8555.0|9828.0|10377.0
 2014|F2486|30-34|W|DEN|20|8|1268.0|2478.0|3680.0|4887.0|5153.0|6139.0|7350.0|8563.0|9790.0|10320.0
 2014|F377|50-54|W|GER|19|1|1233.0|2438.0|3651.0|4871.0|5138.0|6097.0|7310.0|8540.0|9777.0|10307.0
 2014|F921|H|W|GBR|18|8|1305.0|2535.0|3754.0|4971.0|5234.0|6183.0|7386.0|8583.0|9782.0|10289.0
 2014|F3333|H|W|GER|17|7|1266.0|2464.0|3662.0|4857.0|5119.0|6062.0|7270.0|8492.0|9723.0|10254.0
 2014|F6661|35-39|W|BEL|16|3|1179.0|2367.0|3546.0|4724.0|4983.0|5931.0|7129.0|8365.0|9644.0|10212.0
 2014|F39|35-39|W|JPN|15|2|1143.0|2300.0|3464.0|4640.0|4901.0|5851.0|7080.0|8335.0|9626.0|10186.0
 2014|F3004|35-39|W|HUN|14|1|1160.0|2317.0|3504.0|4682.0|4938.0|5857.0|7037.0|8220.0|9457.0|9998.0
 2014|F13|30-34|W|CHI|13|7|1111.0|2235.0|3381.0|4544.0|4801.0|5718.0|6892.0|8083.0|9294.0|9816.0
 2014|F14|H|W|BRA|12|6|1088.0|2175.0|3266.0|4373.0|4626.0|5523.0|6686.0|7902.0|9175.0|9739.0
 2014|F40|30-34|W|ARG|11|6|1103.0|2210.0|3331.0|4447.0|4694.0|5618.0|6783.0|7955.0|9160.0|9681.0
 2014|F10|30-34|W|BRA|10|5|1076.0|2151.0|3231.0|4325.0|4566.0|5447.0|6597.0|7784.0|8979.0|9485.0
 2014|F11|30-34|W|RSA|9|4|1052.0|2100.0|3148.0|4193.0|4423.0|5243.0|6298.0|7367.0|8473.0|8967.0
 2014|F9|H|W|PER|8|5|1031.0|2055.0|3087.0|4128.0|4354.0|5164.0|6210.0|7267.0|8341.0|8808.0
 2014|F7|H|W|GER|7|4|1052.0|2097.0|3135.0|4178.0|4406.0|5223.0|6267.0|7306.0|8348.0|8804.0
 2014|F6|30-34|W|JPN|6|3|990.0|1983.0|2973.0|3979.0|4204.0|5040.0|6121.0|7216.0|8312.0|8785.0
 2014|F5|H|W|ETH|5|3|993.0|1991.0|2989.0|3977.0|4197.0|4978.0|6010.0|7092.0|8202.0|8702.0
 2014|F15|H|W|ETH|4|2|995.0|1991.0|2989.0|3977.0|4196.0|4978.0|5957.0|6951.0|8044.0|8582.0
 2014|F4|30-34|W|USA|3|2|989.0|1982.0|2966.0|3959.0|4178.0|4956.0|5955.0|6957.0|7995.0|8474.0
 2014|F2|H|W|ETH|2|1|996.0|1991.0|2989.0|3978.0|4196.0|4978.0|5958.0|6948.0|7991.0|8427.0
 2014|F3|30-34|W|ETH|1|1|995.0|1991.0|2988.0|3977.0|4196.0|4978.0|5957.0|6937.0|7968.0|8418.0
